      1
  0.000000000000000000000000E+00 -0.100000000000000000000000E+01  0.000000000000000000000000E+00  0.000000000000000000000000E+00
 -0.298353069404302641702021E-11  0.000000000000000000000000E+00  0.100000000000000000000000E+01  0.381478292068979780482976E-11
  0.664288081206732550221261E+00  0.000000000000000000000000E+00  0.483338504532896221080277E-11 -0.747476651920765733372320E+00
  0.747476651920765733372320E+00  0.000000000000000000000000E+00 -0.303995292519119934412957E-12  0.664288081206732550221261E+00
      2
  0.000000000000000000000000E+00  0.708424877806783537259605E+00  0.705786222948878383398608E+00  0.000000000000000000000000E+00
  0.000000000000000000000000E+00  0.705786222948878383398608E+00 -0.708424877806783537259605E+00  0.000000000000000000000000E+00
 -0.625014300683637835653883E+00  0.000000000000000000000000E+00  0.000000000000000000000000E+00  0.780613299874491795016240E+00
  0.780613299874491795016240E+00  0.000000000000000000000000E+00  0.000000000000000000000000E+00  0.625014300683637835653883E+00
      3
  0.331322374115058071722014E-11 -0.708097430484898704428076E+00 -0.706114742050244936777403E+00 -0.416119733914159016828300E-11
 -0.332252688977756649071074E-11 -0.706114742050245047799706E+00  0.708097430484898593405774E+00  0.417288149944487491495293E-11
 -0.607341219708361634843641E+00  0.000000000000000000000000E+00 -0.753160697365567794792522E-11  0.794441088340198664496938E+00
  0.794441088340198553474636E+00  0.000000000000000000000000E+00  0.148727906072313401667035E-12  0.607341219708361745865943E+00
      4
 -0.438703360948719758028026E-11 -0.708097430484817880191883E+00 -0.706114742050326094080503E+00  0.545593394272406118661289E-11
 -0.439935189188702842150766E-11  0.706114742050326094080503E+00 -0.708097430484817880191883E+00  0.547125357349140974925217E-11
 -0.575645870413196814041612E+00 -0.314538054316178588423071E-26  0.989455351240295217450863E-11  0.817699108398824758836554E+00
 -0.817699108398824758836554E+00 -0.936468769734555845197607E-27  0.632457589428478837064954E-12 -0.575645870413196814041612E+00
      5
  0.000000000000000000000000E+00  0.707894980733817957840870E+00  0.706317702066051600340302E+00  0.000000000000000000000000E+00
  0.000000000000000000000000E+00  0.706317702066051600340302E+00 -0.707894980733817957840870E+00  0.000000000000000000000000E+00
  0.561495960313283526410544E+00  0.000000000000000000000000E+00  0.000000000000000000000000E+00 -0.827479478024599424124119E+00
  0.827479478024599424124119E+00  0.000000000000000000000000E+00  0.000000000000000000000000E+00  0.561495960313283526410544E+00
      6
  0.000000000000000000000000E+00 -0.707769827694942565976532E+00  0.706443112362680869509290E+00  0.000000000000000000000000E+00
  0.000000000000000000000000E+00  0.706443112362680869509290E+00  0.707769827694942565976532E+00  0.000000000000000000000000E+00
 -0.525022461849176447223897E+00  0.000000000000000000000000E+00  0.000000000000000000000000E+00  0.851088370590169729368313E+00
  0.851088370590169729368313E+00  0.000000000000000000000000E+00  0.000000000000000000000000E+00  0.525022461849176447223897E+00
      7
  0.852170427044301754965042E-11  0.707769827694688768993103E+00 -0.706443112362934999559627E+00 -0.103147122388289571961875E-10
  0.853770821401670043477397E-11 -0.706443112362935110581930E+00 -0.707769827694688657970801E+00 -0.103340834898616316689251E-10
  0.514625583872349467995377E+00  0.636508521340562506918968E-26  0.187269953959831110251857E-10 -0.857415015277924408287902E+00
  0.857415015277924297265599E+00  0.283428107245263189762131E-26  0.282904150328703227127054E-11  0.514625583872349579017680E+00
      8
 -0.124458610462936943210481E-10 -0.707176810574004721665631E+00  0.707036744862937216460352E+00  0.148484705851017905258916E-10
 -0.124483266018535629029194E-10  0.707036744862937105438050E+00  0.707176810574004499621026E+00  0.148514121034965441741108E-10
  0.487740694723453493963916E+00  0.194541637359874855659279E-25  0.269192484133906823961356E-10 -0.872988553596599548001223E+00
  0.872988553596599548001223E+00  0.106577905587936671645148E-25  0.512404892762993790560837E-11  0.487740694723453493963916E+00
      9
  0.000000000000000000000000E+00 -0.708424877806782982148093E+00 -0.705786222948878827487817E+00  0.000000000000000000000000E+00
  0.000000000000000000000000E+00 -0.705786222948878827487817E+00  0.708424877806782982148093E+00  0.000000000000000000000000E+00
  0.479979249712845446040888E+00  0.000000000000000000000000E+00  0.000000000000000000000000E+00 -0.877279841239438251676575E+00
  0.877279841239438251676575E+00  0.000000000000000000000000E+00  0.000000000000000000000000E+00  0.479979249712845446040888E+00
     10
  0.250276408019734088169809E-10 -0.711192949681465624856003E+00  0.702996862242909359430598E+00 -0.294691558810774519214117E-10
  0.253194326198476543165254E-10  0.702996862242909470452901E+00  0.711192949681465513833700E+00 -0.298127303567460191141765E-10
 -0.446938275189254385910687E+00  0.000000000000000000000000E+00  0.534112623797757810944754E-10  0.894564798195666921465374E+00
 -0.894564798195666810443072E+00  0.000000000000000000000000E+00  0.131125654696754860044003E-10 -0.446938275189254441421838E+00
     11
 -0.279759451286140112385793E-10 -0.709810278883642564728973E+00 -0.704392907396947820508615E+00  0.328961838397605411102444E-10
 -0.281911035804687880448272E-10  0.704392907396947931530917E+00 -0.709810278883642675751275E+00  0.331491830487008175917641E-10
 -0.440990781046262603215524E+00  0.257013839525754249149674E-25  0.594296750073315812747875E-10  0.897511632811635040596343E+00
 -0.897511632811635040596343E+00  0.209669343776563036183861E-25  0.150510067258798756432014E-10 -0.440990781046262603215524E+00
     12
  0.623263874275189369026179E-10 -0.708954375852446916361771E+00  0.705254346289101219369400E+00 -0.731380744429215543046883E-10
  0.626533750983809213323830E-10  0.705254346289101219369400E+00  0.708954375852446916361771E+00 -0.735217842903955875589325E-10
 -0.435120888925146220849172E+00  0.000000000000000000000000E+00  0.131826185748832662865423E-09  0.900372040892536085188169E+00
 -0.900372040892536085188169E+00  0.000000000000000000000000E+00  0.344457752178648639695644E-10 -0.435120888925146220849172E+00
     13
 -0.345931685459938112969562E-10 -0.708627175177894641500131E+00 -0.705583111050284039755809E+00  0.404482162083172664385332E-10
 -0.347424122308015088337531E-10  0.705583111050284039755809E+00 -0.708627175177894641500131E+00  0.406227200506814700294110E-10
 -0.429291585879231718525517E+00  0.165989207900202620172683E-25  0.728220012546054286424581E-10  0.903165950583442844745719E+00
 -0.903165950583442844745719E+00  0.149132118148987778366343E-25  0.196705704887123108767215E-10 -0.429291585879231718525517E+00
     14
  0.000000000000000000000000E+00  0.708299822045474480880500E+00 -0.705911724006868412928384E+00  0.000000000000000000000000E+00
  0.000000000000000000000000E+00 -0.705911724006868412928384E+00 -0.708299822045474480880500E+00  0.000000000000000000000000E+00
  0.423490959985977577506588E+00  0.000000000000000000000000E+00  0.000000000000000000000000E+00 -0.905900329401725601385920E+00
  0.905900329401725601385920E+00  0.000000000000000000000000E+00  0.000000000000000000000000E+00  0.423490959985977577506588E+00
     15
  0.000000000000000000000000E+00  0.708097430484898704428076E+00 -0.706114742050245047799706E+00  0.000000000000000000000000E+00
  0.000000000000000000000000E+00  0.706114742050245047799706E+00  0.708097430484898704428076E+00  0.000000000000000000000000E+00
  0.417743541385317329606153E+00  0.000000000000000000000000E+00  0.000000000000000000000000E+00 -0.908564985915071288147260E+00
  0.908564985915071288147260E+00  0.000000000000000000000000E+00  0.000000000000000000000000E+00  0.417743541385317329606153E+00
     16
  0.000000000000000000000000E+00  0.707972313402312591890109E+00 -0.706240188219119824353243E+00  0.000000000000000000000000E+00
  0.000000000000000000000000E+00  0.706240188219119824353243E+00  0.707972313402312591890109E+00  0.000000000000000000000000E+00
  0.412124877101712749905005E+00  0.000000000000000000000000E+00  0.000000000000000000000000E+00 -0.911127370719318263603270E+00
  0.911127370719318263603270E+00  0.000000000000000000000000E+00  0.000000000000000000000000E+00  0.412124877101712749905005E+00
     17
  0.000000000000000000000000E+00  0.708424877806783537259605E+00 -0.705786222948878383398608E+00  0.000000000000000000000000E+00
  0.000000000000000000000000E+00 -0.705786222948878383398608E+00 -0.708424877806783537259605E+00  0.000000000000000000000000E+00
  0.406778985006874593821635E+00  0.000000000000000000000000E+00  0.000000000000000000000000E+00 -0.913526604624505078611207E+00
  0.913526604624505078611207E+00  0.000000000000000000000000E+00  0.000000000000000000000000E+00  0.406778985006874593821635E+00
     18
  0.000000000000000000000000E+00  0.708097430484898704428076E+00 -0.706114742050245047799706E+00  0.000000000000000000000000E+00
  0.000000000000000000000000E+00 -0.706114742050245047799706E+00 -0.708097430484898704428076E+00  0.000000000000000000000000E+00
  0.401938471017037390886628E+00  0.000000000000000000000000E+00  0.000000000000000000000000E+00 -0.915666678173059911394205E+00
  0.915666678173059911394205E+00  0.000000000000000000000000E+00  0.000000000000000000000000E+00  0.401938471017037390886628E+00
     19
  0.000000000000000000000000E+00 -0.707364688053582102433836E+00 -0.706848780217422811844585E+00  0.000000000000000000000000E+00
  0.000000000000000000000000E+00  0.706848780217422811844585E+00 -0.707364688053582102433836E+00  0.000000000000000000000000E+00
  0.397945501895312081508393E+00  0.000000000000000000000000E+00  0.000000000000000000000000E+00 -0.917409056812329648522564E+00
  0.917409056812329648522564E+00  0.000000000000000000000000E+00  0.000000000000000000000000E+00  0.397945501895312081508393E+00
     20
  0.000000000000000000000000E+00 -0.707629882621883199433910E+00 -0.706583292486130165599434E+00  0.000000000000000000000000E+00
  0.000000000000000000000000E+00  0.706583292486130165599434E+00 -0.707629882621883199433910E+00  0.000000000000000000000000E+00
  0.395269613375478112704542E+00  0.000000000000000000000000E+00  0.000000000000000000000000E+00 -0.918565148882756199455457E+00
  0.918565148882756199455457E+00  0.000000000000000000000000E+00  0.000000000000000000000000E+00  0.395269613375478112704542E+00
     21
  0.260895178082661496627555E-09 -0.709218983273263270383779E+00 -0.704988250799145399483336E+00 -0.300419381632102478821921E-09
  0.262460846306215775876424E-09  0.704988250799145399483336E+00 -0.709218983273263270383779E+00 -0.302222240094331746580862E-09
 -0.394513003599562095402575E+00  0.150338172514255633378398E-24 -0.537567799398861128225158E-09  0.918890357981218541816304E+00
  0.918890357981218541816304E+00 -0.181045818406686537806302E-24  0.171938523710613270533142E-09  0.394513003599562095402575E+00
     22
 -0.143135234426537374038036E-09 -0.707106781186549016027243E+00  0.707106781186545796380472E+00  0.229593243918627545849594E-09
 -0.143135234426537787628343E-09  0.707106781186545796380472E+00  0.707106781186549016027243E+00  0.229593243918628528126571E-09
  0.396379338946977466395793E+00 -0.117237463008198999156733E-24  0.378333781046522710912429E-09 -0.918086825771918468852562E+00
  0.918086825771918468852562E+00 -0.142825102262186802801184E-24  0.571406693509872234390953E-10  0.396379338946977466395793E+00
     23
  0.358949601271940558111379E-10 -0.707106781186546906603496E+00  0.707106781186548127848823E+00 -0.868902340513334354802149E-10
 -0.358949601271938942524245E-10 -0.707106781186548127848823E+00 -0.707106781186546906603496E+00  0.868902340513332803838500E-10
  0.401543951684715572092443E+00  0.453830076759833366127423E-25 -0.132923254602634314714991E-09 -0.915839753922826238508037E+00
 -0.915839753922826238508037E+00 -0.552829302946784283443180E-25 -0.285136071024514451194165E-11 -0.401543951684715572092443E+00
     24
  0.235374787060232017073024E-10 -0.707106781186543909001330E+00 -0.707106781186550792384082E+00  0.115040650931476815584766E-09
  0.235374787060236379158286E-10  0.707106781186551014428687E+00 -0.707106781186544020023632E+00  0.115040650931475574813847E-09
 -0.410272244569090893673291E+00  0.122755983289701547062379E-24  0.134712403142091964729633E-09  0.911963094284105268982898E+00
 -0.911963094284105268982898E+00  0.147598368137954940559072E-24 -0.971045672501094440360074E-10 -0.410272244569090893673291E+00
     25
 -0.318091719405278072335607E-09 -0.707106781186550015227965E+00  0.707106781186544908202052E+00 -0.361014780456480418201162E-09
 -0.318091719405278589323490E-09  0.707106781186544797179749E+00  0.707106781186549904205663E+00 -0.361014780456483261634518E-09
 -0.421470041341642620569274E+00  0.195762762719818793915888E-24  0.273392022605436408728705E-09  0.906842326014547062129623E+00
 -0.906842326014547062129623E+00  0.229833288111453198382614E-24 -0.623125051093442474577254E-09 -0.421470041341642620569274E+00
     26
 -0.167495621876144746445660E-08 -0.708299822045589055896642E+00 -0.705911724006753393823033E+00 -0.863226600465143384427702E-09
  0.168062259250923159659435E-08 -0.705911724006753282800730E+00  0.708299822045589499985851E+00  0.866146894436095234143085E-09
 -0.430863347804649465810911E+00 -0.141749260519654830041823E-23 -0.811902364289493701469830E-10  0.902417184853308240732872E+00
  0.902417184853308684822082E+00  0.162426208919863207754821E-23 -0.266809885361307731617675E-08  0.430863347804649299277457E+00
     27
 -0.157331406475431002009763E-08 -0.707106781186546684558891E+00  0.707106781186548349893428E+00 -0.106524683174674547086096E-08
 -0.157331406475430030072544E-08  0.707106781186548127848823E+00  0.707106781186546684558891E+00 -0.106524683174674423009004E-08
  0.429478863593945936472096E+00 -0.115469656114540610873826E-23 -0.404881725060654138839562E-09 -0.903076910194282822530454E+00
 -0.903076910194282822530454E+00  0.132143216540930115231677E-23 -0.265635232877940491767550E-08 -0.429478863593945936472096E+00
     28
  0.263541226752059278585338E-08  0.707106781186547683759613E+00  0.707106781186547572737311E+00  0.148352797110456921878883E-08
  0.263541226752059154508246E-08 -0.707106781186547572737311E+00  0.707106781186547683759613E+00  0.148352797110457004596944E-08
  0.407852828225301278219916E+00 -0.782021851476119112081169E-24  0.395515037458616221300944E-09 -0.913047682494524837082395E+00
  0.913047682494524837082395E+00 -0.940195318689539712588567E-24 -0.425864715983560543906743E-08  0.407852828225301278219916E+00
     29
 -0.284333502109646923056601E-08  0.707106781186548349893428E+00  0.707106781186546462514286E+00 -0.225149710267330777715035E-08
 -0.284333502109648866931040E-08 -0.707106781186546573536589E+00  0.707106781186548460915731E+00 -0.225149710267331274023403E-08
  0.368671729789309066127601E+00 -0.114448624077285597563899E-23 -0.147734919444849459689080E-08 -0.929559656855953764242884E+00
 -0.929559656855953653220581E+00  0.152031827466322626502591E-23 -0.491172330742912320674801E-08 -0.368671729789309121638752E+00
     30
 -0.128179620602093692710838E-08  0.707106781186547683759613E+00  0.707106781186547350692706E+00 -0.111945692196382077264102E-08
  0.128179620602093775428899E-08  0.707106781186547350692706E+00 -0.707106781186547683759613E+00  0.111945692196382139302648E-08
 -0.328242201947441525344829E+00  0.000000000000000000000000E+00  0.900418710391151503020623E-09  0.944593593489123195539037E+00
 -0.944593593489123195539037E+00  0.000000000000000000000000E+00 -0.223195375821224693655720E-08 -0.328242201947441525344829E+00
     31
  0.398834975711281535657745E-09 -0.707106781186547572737311E+00 -0.707106781186547572737311E+00  0.341346675104572731266797E-09
 -0.398834975711282052645628E-09 -0.707106781186547572737311E+00  0.707106781186547572737311E+00 -0.341346675104572731266797E-09
 -0.298327005602899097969072E+00  0.162906862530000763825892E-24  0.292487329609707635824736E-09  0.954463722583528961784793E+00
 -0.954463722583528961784793E+00  0.265868575063304640940469E-24 -0.682367161379350923395916E-09 -0.298327005602899097969072E+00
     32
  0.139392978039196120393168E-08  0.707106781186547905804218E+00  0.707106781186547017625799E+00  0.744027814351313125116416E-09
 -0.139392978039196161752198E-08  0.707106781186547128648101E+00 -0.707106781186547794781916E+00 -0.744027814351314055694605E-09
  0.279409096124933975513471E+00 -0.350824577566552054935671E-24  0.459503589315300247239249E-09 -0.960172149670384666997336E+00
  0.960172149670384555975033E+00 -0.610995357441648546473410E-24 -0.218679951790511409125767E-08  0.279409096124934031024623E+00
     33
  0.490824674237030738399894E-09 -0.707106781186547350692706E+00 -0.707106781186547572737311E+00  0.237541656688964070830986E-09
  0.490824674237030635002317E-09  0.707106781186547572737311E+00 -0.707106781186547350692706E+00  0.237541656688963967433410E-09
 -0.267563020282550467765503E+00  0.000000000000000000000000E+00  0.137962784856277607264520E-09  0.963540362505525438407972E+00
 -0.963540362505525438407972E+00  0.000000000000000000000000E+00 -0.758706941531173120459964E-09 -0.267563020282550467765503E+00
     34
 -0.934998698329740752847833E-09  0.707106781186547461715008E+00 -0.707106781186547794781916E+00 -0.238465158862906971061981E-09
  0.934998698329739718872067E-09  0.707106781186547794781916E+00  0.707106781186547461715008E+00  0.238465158862906867664404E-09
 -0.259107968061865534536992E+00 -0.111371981747989285517768E-24  0.168920029225658025286323E-10  0.965848363298738021853751E+00
  0.965848363298738021853751E+00  0.209730025870950662874705E-24 -0.136451139591569471381367E-08  0.259107968061865534536992E+00
     35
  0.465454104048208728980125E-09 -0.707106781186548016826521E+00 -0.707106781186547017625799E+00  0.150586489934851303493786E-09
  0.465454104048209659558314E-09  0.707106781186547017625799E+00 -0.707106781186548016826521E+00  0.150586489934851458590151E-09
  0.251490395999906690693848E+00 -0.700873956538895626341606E-25 -0.405728992204498451213060E-10 -0.967859793937019596832272E+00
 -0.967859793937019596832272E+00  0.136108767939743456548024E-24 -0.690652928540296408809575E-09 -0.251490395999906690693848E+00
     36
 -0.842631528107418003037897E-09  0.707106781186547905804218E+00 -0.707106781186547017625799E+00 -0.225679734780916457011906E-09
  0.842631528107419450603969E-09  0.707106781186547017625799E+00  0.707106781186547905804218E+00  0.225679734780916637957665E-09
 -0.243023478924034780357388E+00  0.104568135902509111086920E-24 -0.199894881457585348993390E-10  0.970020406327443796001830E+00
  0.970020406327443796001830E+00 -0.210051851178791824104591E-24 -0.123349863804810405004288E-08  0.243023478924034780357388E+00
     37
  0.547621790952402655713160E-09  0.707106781186548460915731E+00  0.707106781186546351491984E+00  0.170403173945478727161321E-09
  0.547621790952405861038033E-09 -0.707106781186546462514286E+00  0.707106781186548682960336E+00  0.170403173945479037354051E-09
  0.232569642084453048758164E+00  0.234798769575483005043710E-24  0.542639897590555593019618E-10 -0.972579745615088198107401E+00
  0.972579745615088198107401E+00  0.491664416919979284474877E-24 -0.809264788913640945798380E-09  0.232569642084453048758164E+00
     38
  0.452805438248243029448455E-09 -0.707106781186547461715008E+00  0.707106781186547572737311E+00  0.199284205092803719201429E-09
 -0.452805438248242564159360E-09 -0.707106781186547683759613E+00 -0.707106781186547350692706E+00 -0.199284205092803693352035E-09
 -0.219355711268006542402631E+00 -0.910201711153005102757858E-25 -0.134499069541712104329562E-09  0.975644951780158087295547E+00
  0.975644951780157976273244E+00  0.201067954061890851910962E-24 -0.686588402558045715601444E-09  0.219355711268006570158207E+00
     39
  0.472458018898056984720063E-09  0.707106781186546462514286E+00  0.707106781186548460915731E+00  0.339466857132605950870578E-09
 -0.472458018898055020166108E-09  0.707106781186548571938033E+00 -0.707106781186546351491984E+00 -0.339466857132605071991177E-09
 -0.202892956502105370475419E+00  0.153435108323427718883870E-24 -0.334529230673698815705360E-09  0.979200923305240111815806E+00
  0.979200923305240000793503E+00 -0.363426638495362229077195E-24 -0.751663854744215050387720E-09  0.202892956502105398230995E+00
     40
  0.168621449529183793028180E-09  0.707106781186547239670404E+00 -0.707106781186547794781916E+00  0.235867854652281024411931E-09
  0.168621449529183663781209E-09 -0.707106781186547794781916E+00 -0.707106781186547239670404E+00  0.235867854652280817616777E-09
 -0.182950832991426032281268E+00  0.000000000000000000000000E+00  0.284309878549995923270130E-09  0.983122063991925365655788E+00
  0.983122063991925365655788E+00  0.000000000000000000000000E+00  0.295468479043598127151708E-09  0.182950832991426032281268E+00
     41
 -0.440848286922770962002281E-10 -0.707106781186547461715008E+00  0.707106781186547461715008E+00 -0.256963051985098019424812E-09
 -0.440848286922766050617394E-10  0.707106781186547461715008E+00  0.707106781186547461715008E+00 -0.256963051985098122822389E-09
  0.159542085104845382526051E+00 -0.112957002277624949194444E-24 -0.348799154065476453604077E-09 -0.987191127938454648926836E+00
 -0.987191127938454648926836E+00  0.330306985094831045918925E-24 -0.119524593198717760138416E-09 -0.159542085104845382526051E+00
     42
 -0.972317788083598903894403E-10  0.707106781186547461715008E+00 -0.707106781186547683759613E+00  0.276398501075213701672226E-09
 -0.972317788083592700039809E-10 -0.707106781186547683759613E+00 -0.707106781186547461715008E+00  0.276398501075213494877073E-09
 -0.132891332131019279660933E+00 -0.119427750758844260559664E-24  0.405692992724382630790462E-09  0.991130613917481140262566E+00
 -0.991130613917481140262566E+00 -0.409674137235047626693860E-24  0.843413631351489380198683E-10 -0.132891332131019279660933E+00
     43
 -0.250350198862745493142176E-09  0.707106781186547794781916E+00 -0.707106781186547239670404E+00  0.295149499424868097927150E-09
 -0.250350198862745699937329E-09 -0.707106781186547239670404E+00 -0.707106781186547794781916E+00  0.295149499424868356421092E-09
  0.103373418255072208049583E+00  0.000000000000000000000000E+00 -0.451767460122765223881482E-09 -0.994642617425104069717179E+00
  0.994642617425104069717179E+00  0.000000000000000000000000E+00 -0.309003460743666570613435E-09  0.103373418255072208049583E+00
     44
  0.576592538557147218050177E-09 -0.707106781186548238871126E+00 -0.707106781186546684558891E+00 -0.624207201897012377938458E-09
 -0.576592538557146287471988E-09 -0.707106781186546906603496E+00  0.707106781186548016826521E+00  0.624207201897013411914224E-09
  0.714245759831425991448484E-01  0.259197017994631028026107E-24  0.938749094957647412533268E-09 -0.997446003523813962132749E+00
  0.997446003523813740088144E+00  0.154707080427229915770722E-23  0.750291362402126874533737E-09  0.714245759831425991448484E-01
     45
 -0.764288884666818422528975E-09  0.707106781186547239670404E+00  0.707106781186548127848823E+00  0.704641421766365178007628E-09
  0.764288884666817698745939E-09  0.707106781186547905804218E+00 -0.707106781186547350692706E+00 -0.704641421766364661019745E-09
  0.374465761518074230496111E-01  0.000000000000000000000000E+00  0.103628933066439194308988E-08 -0.999298631008022075761232E+00
 -0.999298631008022297805837E+00  0.000000000000000000000000E+00 -0.104279371312851790512634E-08 -0.374465761518074299885050E-01
     46
  0.714654317785776900889502E-09 -0.707106781186547572737311E+00  0.707106781186547350692706E+00 -0.366611323779683703758629E-09
  0.714654317785777107684655E-09  0.707106781186547350692706E+00  0.707106781186547572737311E+00 -0.366611323779683858854994E-09
 -0.173081439211218539309112E-02  0.000000000000000000000000E+00  0.520215218042050456749506E-09  0.999998502139648248743242E+00
  0.999998502139648359765545E+00  0.000000000000000000000000E+00 -0.100977472309165314907301E-08  0.173081439211218582677199E-02
     47
  0.845541531753360113453443E-09 -0.707106781186547572737311E+00  0.707106781186547350692706E+00 -0.400283407850495675768402E-09
  0.845541531753360320248596E-09  0.707106781186547350692706E+00  0.707106781186547572737311E+00 -0.400283407850495779165979E-09
  0.355690312332127278605043E-01  0.000000000000000000000000E+00  0.523195412530558118046353E-09  0.999367221804443039978594E+00
 -0.999367221804443039978594E+00  0.000000000000000000000000E+00  0.121515477917318136203734E-08  0.355690312332127347993982E-01
     48
 -0.951144247383227155813040E-09 -0.707106781186547461715008E+00 -0.707106781186547461715008E+00  0.437387911463117710492844E-09
  0.951144247383227155813040E-09 -0.707106781186547461715008E+00  0.707106781186547461715008E+00 -0.437387911463117607095267E-09
 -0.744004285222907846275575E-01  0.000000000000000000000000E+00 -0.516767959204071073545173E-09 -0.997228447365847814332085E+00
 -0.997228447365847925354387E+00  0.000000000000000000000000E+00  0.138741414335756509315851E-08  0.744004285222907846275575E-01
     49
 -0.102413379068208526154768E-08  0.707106781186547572737311E+00 -0.707106781186547794781916E+00  0.473468236680113751826251E-09
 -0.102413379068208526154768E-08 -0.707106781186547461715008E+00 -0.707106781186547905804218E+00  0.473468236680113751826251E-09
 -0.114712838366274758050700E+00  0.000000000000000000000000E+00 -0.499021374442078074656394E-09 -0.993398693734772852970139E+00
  0.993398693734773297059348E+00  0.000000000000000000000000E+00 -0.151559339499800945391360E-08 -0.114712838366274702539549E+00
     50
 -0.105853930407868297925736E-08  0.707106781186547461715008E+00 -0.707106781186547683759613E+00  0.501942870002575933950392E-09
 -0.105853930407868256566706E-08 -0.707106781186547683759613E+00 -0.707106781186547461715008E+00  0.501942870002575727155239E-09
  0.156320585531866229622722E+00  0.000000000000000000000000E+00  0.467115710595099223622955E-09  0.987706370607669303929299E+00
  0.987706370607669303929299E+00  0.000000000000000000000000E+00 -0.158956192674800947800629E-08 -0.156320585531866229622722E+00
     51
 -0.132347011864673546584481E-22  0.999999999999999888977698E+00 -0.798884471391624218242219E-14  0.538789766595569575361675E-23
 -0.148552612804989096019318E-08 -0.776680010899121087433746E-14 -0.999999999999999777955395E+00  0.728747599949629716754236E-09
  0.198779176490765763229973E+00  0.369920527717754641082548E-24  0.418913318575609985570543E-09  0.980044304607528005135464E+00
  0.980044304607527894113161E+00  0.454772150599102994368294E-24 -0.160074105131502766648410E-08 -0.198779176490765790985549E+00
     52
  0.504084404668095063465953E-23 -0.100000000000000000000000E+01 -0.301579242736107094436361E-14 -0.588206907243713841593632E-23
  0.148010215280205876332801E-08  0.301579242736107173322451E-14 -0.999999999999999777955395E+00 -0.208470154444985107082579E-08
 -0.241344164145623457651268E+00 -0.532282297531871964626704E-24  0.166586297187493707289490E-08 -0.970439588244858541976612E+00
 -0.970439588244858319932007E+00 -0.462367737041582817999705E-24 -0.193947995224258589318289E-08  0.241344164145623513162420E+00
     53
 -0.353223814287845298486844E-23  0.100000000000000000000000E+01 -0.264540752921788482006929E-14  0.162758622272086895297209E-23
  0.127840928193802630507449E-08  0.264540752921788521449974E-14  0.999999999999999888977698E+00 -0.666388295714778726031138E-09
 -0.283063000730166935969834E+00 -0.172300853782519882037021E-24 -0.277263587867142913433917E-09 -0.959101317701958722139466E+00
  0.959101317701958611117163E+00  0.105883084970460993328528E-24 -0.141475368454239011538324E-08 -0.283063000730166991480985E+00
     54
  0.300016093517243969738782E-23  0.100000000000000000000000E+01  0.264836236554931961722283E-14 -0.139765857412859945347740E-23
  0.109054164056986923485817E-08 -0.264836236554931961722283E-14  0.100000000000000000000000E+01 -0.574593686368543185821332E-09
 -0.322992149860318822351957E+00  0.153602406831788691169076E-24 -0.191560020217886838031691E-09 -0.946401643663307257092754E+00
  0.946401643663307257092754E+00 -0.659330264631972287317796E-25 -0.121767965117494571512815E-08 -0.322992149860318822351957E+00
     55
 -0.277373977932699309954651E-23  0.100000000000000000000000E+01 -0.314180780920854814732598E-14  0.127558859678206652991275E-23
  0.857704095776949023429292E-09  0.314180780920854814732598E-14  0.100000000000000000000000E+01 -0.438871858880830182330906E-09
 -0.360456508989916712959456E+00 -0.124796195422825198217084E-24 -0.100204122092504785759834E-09 -0.932776020878968603611270E+00
  0.932776020878968603611270E+00  0.364661521373917018731697E-25 -0.958240031696515714954675E-09 -0.360456508989916712959456E+00
     56
 -0.304096787666726892988796E-23  0.100000000000000000000000E+01 -0.504822807176203516060569E-14  0.121746030742207168224248E-23
  0.593344810559968873300516E-09  0.504822807176203594946659E-14  0.999999999999999888977698E+00 -0.254518307625851832879342E-09
  0.395241246818484548430916E+00  0.799518171984746822713173E-25 -0.719501182095287395307683E-12  0.918577354833750470142206E+00
  0.918577354833750359119904E+00  0.152711056672164071571281E-25 -0.645629035867534737893122E-09 -0.395241246818484603942068E+00
     57
  0.000000000000000000000000E+00  0.100000000000000000000000E+01  0.000000000000000000000000E+00  0.000000000000000000000000E+00
 -0.138293353912175292880903E-08  0.000000000000000000000000E+00 -0.100000000000000000000000E+01 -0.422958846456333234510783E-09
 -0.427647781516844738280980E+00  0.000000000000000000000000E+00  0.973740184404981985152661E-09 -0.903945449108363385803955E+00
  0.903945449108363385803955E+00  0.000000000000000000000000E+00 -0.106921906674845676980639E-08 -0.427647781516844738280980E+00
     58
  0.600366299966158102650631E-10  0.000000000000000000000000E+00  0.999999999999999888977698E+00  0.304940915718176845917782E-09
  0.000000000000000000000000E+00 -0.100000000000000000000000E+01  0.000000000000000000000000E+00  0.000000000000000000000000E+00
 -0.458408807791901296013748E+00  0.000000000000000000000000E+00  0.298535053365900440355185E-09 -0.888741449994770782438991E+00
 -0.888741449994770671416688E+00  0.000000000000000000000000E+00 -0.864303626851039877685821E-10  0.458408807791901351524899E+00
     59
  0.189807293856197308681975E-08  0.000000000000000000000000E+00  0.100000000000000000000000E+01 -0.646540717948518073724227E-09
  0.000000000000000000000000E+00  0.100000000000000000000000E+01  0.000000000000000000000000E+00  0.000000000000000000000000E+00
 -0.488491431831105660243963E+00  0.000000000000000000000000E+00  0.363041233582438136941564E-09 -0.872568691294614562359300E+00
  0.872568691294614673381602E+00  0.000000000000000000000000E+00 -0.197202871790511210565609E-08 -0.488491431831105715755115E+00
     60
  0.231069615247055843615024E-09  0.109374191668178967214141E-14 -0.999999999999999777955395E+00 -0.106770041854953895472511E-08
 -0.809607195568240688101048E-25 -0.100000000000000000000000E+01 -0.109374191668178908049573E-14 -0.170667658437062828510130E-23
 -0.518809442126215714097270E+00  0.633811982340868765025352E-24  0.792885219377758083911949E-09 -0.854889912655825479070870E+00
 -0.854889912655825368048568E+00  0.568915644094127701250549E-26 -0.751472141701583840299529E-09  0.518809442126215603074968E+00
     61
  0.190746591609316915268189E-08  0.000000000000000000000000E+00  0.999999999999999888977698E+00 -0.143188610263847547660165E-08
 -0.549857592433904418527391E+00  0.000000000000000000000000E+00 -0.147160429411573712093379E-09 -0.835258419917327299408782E+00
  0.000000000000000000000000E+00 -0.100000000000000000000000E+01  0.000000000000000000000000E+00  0.000000000000000000000000E+00
  0.835258419917327188386480E+00  0.000000000000000000000000E+00 -0.238056022669386816407203E-08 -0.549857592433904529549693E+00
     62
 -0.637821794094043195871452E-15  0.000000000000000000000000E+00 -0.100000000000000000000000E+01 -0.882105548644856538998888E-15
 -0.550631471292724383737038E+00  0.000000000000000000000000E+00  0.108754099662275604116597E-14 -0.834748454818581731018412E+00
  0.000000000000000000000000E+00  0.100000000000000000000000E+01  0.000000000000000000000000E+00  0.000000000000000000000000E+00
  0.834748454818581731018412E+00  0.000000000000000000000000E+00 -0.467056809838266083592477E-16 -0.550631471292724383737038E+00
     63
  0.374163844413825018243771E-08  0.000000000000000000000000E+00  0.100000000000000000000000E+01 -0.290265022842231024072793E-08
 -0.551403047843646465508982E+00  0.000000000000000000000000E+00 -0.358353129182576440992644E-09 -0.834238981844373617136057E+00
  0.000000000000000000000000E+00 -0.100000000000000000000000E+01  0.000000000000000000000000E+00  0.000000000000000000000000E+00
  0.834238981844373617136057E+00  0.000000000000000000000000E+00 -0.472195082884377313399459E-08 -0.551403047843646465508982E+00
     64
 -0.117180044571274166751107E-08  0.932545473766734859474494E-15 -0.999999999999999888977698E+00  0.100983296127005721632577E-08
 -0.552172318652039639808038E+00  0.803823399114152932402924E-23 -0.194892276360484051357619E-09 -0.833730010563629830855348E+00
 -0.553008635579339650140982E-23 -0.100000000000000000000000E+01 -0.932545473766734859474494E-15 -0.576077077071740654950892E-23
  0.833730010563629719833045E+00  0.139271317514407099319869E-26 -0.153456700565829701067946E-08 -0.552172318652039639808038E+00
     65
  0.140652565569043926345320E-08  0.929139666297813459050943E-15 -0.999999999999999888977698E+00 -0.805299033246214191248237E-09
  0.552939284199994607327255E+00  0.480511764505622321669520E-23  0.106730843601177683948294E-09  0.833221547962123776365218E+00
 -0.396292105398085357652714E-23  0.100000000000000000000000E+01  0.929139666297807148163701E-15 -0.325607363867530104770333E-23
 -0.833221547962123776365218E+00  0.105138368431275197275004E-26 -0.161722904759911314720900E-08  0.552939284199994496304953E+00
     66
  0.107557236516761484176744E-08  0.190936147325657998640776E-14 -0.999999999999999777955395E+00 -0.550639822508835589961901E-09
  0.553703964466002007682732E+00  0.541626549211182832784475E-23  0.137023420335021065295048E-09  0.832713588056921638624885E+00
  0.472511573965739432713746E-23 -0.999999999999999888977698E+00 -0.168731686833154552287941E-14  0.345960223484547457756583E-23
 -0.832713588056921638624885E+00  0.139935024692782503383439E-26 -0.120053517612958190571141E-08  0.553703964466002007682732E+00
     67
  0.110882090842024635438836E-08  0.190240781054566818648333E-14 -0.100000000000000000000000E+01 -0.478701769843305767192671E-09
  0.554466369222797461624452E+00  0.391949582051289220054894E-23  0.216425355159358551653956E-09  0.832206131556892714229434E+00
  0.395956255642313696414279E-23 -0.999999999999999888977698E+00 -0.168036320562064003384223E-14  0.235177687346651389434929E-23
 -0.832206131556892825251737E+00  0.114417200257238129704664E-26 -0.118819159105134703306332E-08  0.554466369222797572646755E+00
     68
  0.114674773821603410892501E-08 -0.919025440430300647331645E-15 -0.100000000000000000000000E+01 -0.400086107408864952856039E-09
 -0.555226490943074191264373E+00  0.135970336464710750716924E-23 -0.303953430957797443303093E-09 -0.831699190666337240251949E+00
  0.180847240134063971887815E-23  0.100000000000000000000000E+01 -0.919025440430300647331645E-15  0.763416054945235110641802E-24
 -0.831699190666337240251949E+00 -0.434377857236186384087835E-27 -0.117588757126442631011961E-08  0.555226490943074191264373E+00
     69
 -0.755131613234133499603387E-09  0.000000000000000000000000E+00  0.100000000000000000000000E+01  0.265994238474170747055591E-09
 -0.555984357986614274871329E+00  0.000000000000000000000000E+00 -0.198748943381028188799063E-09 -0.831192753622294611126620E+00
  0.000000000000000000000000E+00  0.100000000000000000000000E+01  0.000000000000000000000000E+00  0.000000000000000000000000E+00
 -0.831192753622294722148922E+00  0.000000000000000000000000E+00 -0.775548653138454619585741E-09  0.555984357986614274871329E+00
     70
  0.780009964179990037464374E-09 -0.912369311771497996396193E-15 -0.100000000000000000000000E+01 -0.214505536090937469987578E-09
  0.556739963360711853646023E+00 -0.565502099769759914337510E-24  0.256075794612955876240419E-09  0.830686832203997971291187E+00
  0.102632731250420959754311E-23  0.100000000000000000000000E+01 -0.912369311771497996396193E-15  0.274159113968600735799741E-24
 -0.830686832203997971291187E+00 -0.201592211805492084222980E-27 -0.767367810536167691786282E-09  0.556739963360711853646023E+00
     71
 -0.176615468658131603903075E-08 -0.909067469160880234343193E-15 -0.999999999999999888977698E+00  0.146833147776483764189199E-08
 -0.557493311757061515976375E+00 -0.347907174193699333717957E-23 -0.234362224972229469840627E-09 -0.830181430379012708087316E+00
  0.354405609676496555163034E-23 -0.100000000000000000000000E+01  0.909067469160880037127967E-15  0.155415811784562474498640E-23
  0.830181430379012597065014E+00 -0.127309709217067075434832E-26 -0.228481361793563521505929E-08 -0.557493311757061626998677E+00
     72
  0.843889270011577967985632E-09  0.905783181657231414211921E-15 -0.999999999999999888977698E+00 -0.912506192067386950443935E-10
 -0.558244411872962809084697E+00 -0.196278876797478671850463E-24 -0.395388032327679604716705E-09 -0.829676549392960538398256E+00
  0.873892151415366701202582E-24 -0.100000000000000000000000E+01 -0.905783181657231414211921E-15  0.802351717806451587388831E-25
 -0.829676549392960427375954E+00  0.724893129221594854549433E-28 -0.751095377977661396698127E-09  0.558244411872962698062395E+00
     73
  0.313962300866554077318071E-09  0.902516447546817878156220E-15 -0.999999999999999888977698E+00 -0.198437377938756026077267E-09
 -0.558993271673741798366564E+00 -0.390711470526377397340426E-24 -0.109639341928722683846097E-10 -0.829172190937133568588990E+00
 -0.501642446326225221651121E-24  0.100000000000000000000000E+01  0.902516447546817878156220E-15 -0.144954163343019540941362E-24
 -0.829172190937133457566688E+00  0.143248057253912635186239E-27 -0.371253783884316617614267E-09  0.558993271673741909388866E+00
     74
  0.167931363293099197819250E-08  0.000000000000000000000000E+00  0.100000000000000000000000E+01 -0.154436812389165980296591E-08
 -0.559739910995868727994207E+00  0.000000000000000000000000E+00 -0.339790119487136531895270E-09 -0.828668348640357543821722E+00
  0.000000000000000000000000E+00  0.100000000000000000000000E+01  0.000000000000000000000000E+00  0.000000000000000000000000E+00
  0.828668348640357654844024E+00  0.000000000000000000000000E+00 -0.225603853126210459355326E-08 -0.559739910995868727994207E+00
     75
  0.163673316901125100639148E-08  0.000000000000000000000000E+00  0.100000000000000022204460E+01 -0.158956540391818261567650E-08
  0.560484317651427588202750E+00  0.000000000000000000000000E+00  0.399059219250058054152160E-09  0.828165037698895933893084E+00
  0.000000000000000000000000E+00 -0.100000000000000000000000E+01  0.000000000000000000000000E+00  0.000000000000000000000000E+00
  0.828165037698896155937689E+00  0.000000000000000000000000E+00 -0.224641166739463759506232E-08 -0.560484317651427699225053E+00
     76
  0.108746600027446983472050E-08 -0.136589330663478030785328E-14 -0.999999999999999777955395E+00  0.322794435925720866953565E-09
 -0.561226505065579694964129E+00 -0.537896207022315457281414E-24 -0.877479389157853338245421E-09 -0.827662256002939078491920E+00
  0.985787311719944842345851E-24  0.999999999999999888977698E+00 -0.114384870170974880255332E-14  0.000000000000000000000000E+00
 -0.827662256002938967469618E+00 -0.765043830050957476505662E-26 -0.718893586206512335566495E-09  0.561226505065579805986431E+00
     77
  0.120060601416152939022359E-08  0.000000000000000000000000E+00 -0.999999999999999888977698E+00  0.502127952872583583003965E-09
