      1
  0.174339596838571349357904E-11  0.711192949681465624856003E+00 -0.702996862242909470452901E+00 -0.220675973731266260427448E-11
  0.176372184260274263228062E-11 -0.702996862242909470452901E+00 -0.711192949681465624856003E+00 -0.223248786887955766189593E-11
 -0.601906134784178536989430E+00  0.000000000000000000000000E+00 -0.399939041217640902617592E-11  0.798566844358798988423587E+00
  0.798566844358798988423587E+00  0.000000000000000000000000E+00  0.908875553807646772951077E-13  0.601906134784178536989430E+00
      2
  0.000000000000000000000000E+00  0.708954375852447249428678E+00  0.705254346289100886302492E+00  0.000000000000000000000000E+00
  0.000000000000000000000000E+00  0.705254346289100886302492E+00 -0.708954375852447249428678E+00  0.000000000000000000000000E+00
 -0.571780454503210244787681E+00  0.000000000000000000000000E+00  0.000000000000000000000000E+00  0.820406674673056390822978E+00
  0.820406674673056390822978E+00  0.000000000000000000000000E+00  0.000000000000000000000000E+00  0.571780454503210244787681E+00
      3
  0.278741876020905053540527E-11 -0.708627175177918844362068E+00 -0.705583111050259725871570E+00 -0.340972214690569763240885E-11
 -0.279944439025011880268105E-11 -0.705583111050259725871570E+00  0.708627175177918844362068E+00  0.342443255126505202013784E-11
 -0.558402597907693976075905E+00  0.000000000000000000000000E+00 -0.621486728616898581903895E-11  0.829570092668448499928502E+00
  0.829570092668448499928502E+00  0.000000000000000000000000E+00  0.578757523871293106093383E-12  0.558402597907693976075905E+00
      4
 -0.372277367126546249976090E-11  0.708424877806783537259605E+00 -0.705786222948878383398608E+00  0.447100191156987874547749E-11
 -0.373669164601923899065823E-11 -0.705786222948878383398608E+00 -0.708424877806783537259605E+00  0.448771721505706709555541E-11
  0.534631775915599405379908E+00  0.000000000000000000000000E+00 -0.817342434511975415113181E-11 -0.845085122447042258464478E+00
 -0.845085122447042258464478E+00  0.000000000000000000000000E+00  0.107075050085540284210608E-11 -0.534631775915599405379908E+00
      5
  0.000000000000000000000000E+00  0.708299822045474480880500E+00  0.705911724006868412928384E+00  0.000000000000000000000000E+00
  0.000000000000000000000000E+00  0.705911724006868412928384E+00 -0.708299822045474480880500E+00  0.000000000000000000000000E+00
  0.524091760267160644559681E+00  0.000000000000000000000000E+00  0.000000000000000000000000E+00 -0.851661803076825374425596E+00
  0.851661803076825374425596E+00  0.000000000000000000000000E+00  0.000000000000000000000000E+00  0.524091760267160644559681E+00
      6
  0.000000000000000000000000E+00  0.707239440929191776064044E+00  0.706974096551043484915056E+00  0.000000000000000000000000E+00
  0.000000000000000000000000E+00 -0.706974096551043484915056E+00  0.707239440929191776064044E+00  0.000000000000000000000000E+00
  0.497023714596062871073912E+00  0.000000000000000000000000E+00  0.000000000000000000000000E+00 -0.867736957337378544963258E+00
  0.867736957337378544963258E+00  0.000000000000000000000000E+00  0.000000000000000000000000E+00  0.497023714596062871073912E+00
      7
 -0.731661753978497796625868E-11 -0.708362352672365802597199E+00  0.705848976280670781235926E+00  0.846874551401797666321287E-11
 -0.734267044119804956966678E-11  0.705848976280670781235926E+00  0.708362352672365802597199E+00  0.849890089534949545819218E-11
 -0.489300008622022886140002E+00  0.000000000000000000000000E+00 -0.155354864158102205271385E-10  0.872115532233251888882819E+00
  0.872115532233251888882819E+00  0.000000000000000000000000E+00  0.316938931512381497985269E-11  0.489300008622022886140002E+00
      8
 -0.104001880687862697604590E-10  0.725764581245687656618770E+00  0.687943146349515921578188E+00  0.118826747534598248924726E-10
 -0.109719650216330078697316E-10 -0.687943146349515921578188E+00  0.725764581245687878663375E+00  0.125359552054348891266049E-10
 -0.469141140686625046640756E+00 -0.790060031432954694580572E-26 -0.223462509805940841309142E-10  0.883123202115793204391991E+00
  0.883123202115793204391991E+00  0.454749516682388892377055E-26  0.524732446302241065349189E-11  0.469141140686625046640756E+00
      9
  0.000000000000000000000000E+00 -0.725187077936566781843908E+00 -0.688551887655406646970846E+00  0.000000000000000000000000E+00
  0.000000000000000000000000E+00 -0.688551887655406646970846E+00  0.725187077936566781843908E+00  0.000000000000000000000000E+00
  0.463216887552809541972465E+00  0.000000000000000000000000E+00  0.000000000000000000000000E+00 -0.886244952079213721418682E+00
  0.886244952079213721418682E+00  0.000000000000000000000000E+00  0.000000000000000000000000E+00  0.463216887552809541972465E+00
     10
 -0.210084440707380597582319E-10  0.711192949681426211938629E+00 -0.702996862242949327459485E+00  0.239996017129793433118617E-10
 -0.212533769485331829095907E-10 -0.702996862242949438481787E+00 -0.711192949681426100916326E+00  0.242794078468226714446594E-10
 -0.436720767188831571203878E+00 -0.906748990746814289570880E-26  0.437624492033524833880006E-10  0.899597116217030978724267E+00
 -0.899597116217030867701965E+00 -0.721209841728625474431802E-26  0.119746646196557787553859E-10 -0.436720767188831626715029E+00
     11
  0.232888151279020449686937E-10  0.710540484828641294434703E+00  0.703656321949486462941081E+00 -0.266266638423135963801184E-10
  0.235166593063765936586184E-10 -0.703656321949486462941081E+00  0.710540484828641294434703E+00 -0.268871635850163255482605E-10
 -0.431626581828755573333467E+00  0.000000000000000000000000E+00  0.484195424110323922370926E-10  0.902052378667017595859079E+00
 -0.902052378667017595859079E+00  0.000000000000000000000000E+00  0.135221625755284142053386E-10 -0.431626581828755573333467E+00
     12
 -0.514078504986552854299599E-10 -0.710214018250058698455973E+00 -0.703985829602489454615011E+00  0.587494722643548097203276E-10
 -0.518626576515953116388285E-10  0.703985829602489565637313E+00 -0.710214018250058587433671E+00  0.592692310163372642634899E-10
 -0.426489222802854839322606E+00  0.233544625102903109603033E-25  0.106626331398830411554300E-09  0.904492643879991287114706E+00
 -0.904492643879991176092403E+00  0.204293765833657621981372E-25  0.304582085787494688689535E-10 -0.426489222802854894833757E+00
     13
 -0.282584261207617848003383E-10 -0.709810278883677314709644E+00 -0.704392907396913070527944E+00  0.321981689628019065066746E-10
 -0.284757570880668967636863E-10  0.704392907396913070527944E+00 -0.709810278883677314709644E+00  0.324457998526552679977800E-10
 -0.421290725992974846025874E+00  0.131306698944835740502110E-25  0.583571435122719496611582E-10  0.906925644246711182283605E+00
 -0.906925644246711182283605E+00  0.120230565862336532644577E-25  0.171260971118624766431580E-10 -0.421290725992974846025874E+00
     14
  0.000000000000000000000000E+00  0.709810278883702960861513E+00 -0.704392907396887313353773E+00  0.000000000000000000000000E+00
  0.000000000000000000000000E+00 -0.704392907396887313353773E+00 -0.709810278883702960861513E+00  0.000000000000000000000000E+00
  0.416043240773426026279935E+00  0.000000000000000000000000E+00  0.000000000000000000000000E+00 -0.909344831077158133325611E+00
  0.909344831077158133325611E+00  0.000000000000000000000000E+00  0.000000000000000000000000E+00  0.416043240773426026279935E+00
     15
  0.291131378022177486120456E-16  0.709685466840505041474785E+00 -0.704518657066918629894303E+00  0.000000000000000000000000E+00
 -0.293266481804418036802676E-16  0.704518657066918740916606E+00  0.709685466840504930452482E+00  0.000000000000000000000000E+00
 -0.410802221254300048425279E+00  0.000000000000000000000000E+00  0.742406540266422954714616E-16  0.911724484157650061355582E+00
 -0.911724484157649950333280E+00  0.000000000000000000000000E+00  0.164767906534922355028799E-15 -0.410802221254300103936430E+00
     16
  0.000000000000000000000000E+00 -0.709483474571012795450997E+00 -0.704722072387861997455616E+00  0.000000000000000000000000E+00
  0.000000000000000000000000E+00 -0.704722072387861997455616E+00  0.709483474571012795450997E+00  0.000000000000000000000000E+00
  0.405683198315217041773906E+00  0.000000000000000000000000E+00  0.000000000000000000000000E+00 -0.914013754056653304758129E+00
  0.914013754056653304758129E+00  0.000000000000000000000000E+00  0.000000000000000000000000E+00  0.405683198315217041773906E+00
     17
  0.000000000000000000000000E+00 -0.707106781186547683759613E+00 -0.707106781186547350692706E+00  0.000000000000000000000000E+00
  0.000000000000000000000000E+00  0.707106781186547350692706E+00 -0.707106781186547683759613E+00  0.000000000000000000000000E+00
 -0.400881951977644535034528E+00  0.000000000000000000000000E+00  0.000000000000000000000000E+00  0.916129718205120457952262E+00
  0.916129718205120457952262E+00  0.000000000000000000000000E+00  0.000000000000000000000000E+00  0.400881951977644535034528E+00
     18
  0.000000000000000000000000E+00  0.707106781186547350692706E+00 -0.707106781186547683759613E+00  0.000000000000000000000000E+00
  0.000000000000000000000000E+00 -0.707106781186547683759613E+00 -0.707106781186547350692706E+00  0.000000000000000000000000E+00
  0.396697734074373031809557E+00  0.000000000000000000000000E+00  0.000000000000000000000000E+00 -0.917949294776273405638278E+00
  0.917949294776273405638278E+00  0.000000000000000000000000E+00  0.000000000000000000000000E+00  0.396697734074373031809557E+00
     19
  0.000000000000000000000000E+00  0.707106781186547239670404E+00  0.707106781186547794781916E+00  0.000000000000000000000000E+00
  0.000000000000000000000000E+00 -0.707106781186547794781916E+00  0.707106781186547239670404E+00  0.000000000000000000000000E+00
  0.393557573115042524936058E+00  0.000000000000000000000000E+00  0.000000000000000000000000E+00 -0.919299970979983283037029E+00
  0.919299970979983283037029E+00  0.000000000000000000000000E+00  0.000000000000000000000000E+00  0.393557573115042524936058E+00
     20
  0.000000000000000000000000E+00  0.709483474571013128517905E+00 -0.704722072387861664388709E+00  0.000000000000000000000000E+00
  0.000000000000000000000000E+00 -0.704722072387861664388709E+00 -0.709483474571013128517905E+00  0.000000000000000000000000E+00
  0.392036952038910035955865E+00  0.000000000000000000000000E+00  0.000000000000000000000000E+00 -0.919949470479787367871438E+00
  0.919949470479787367871438E+00  0.000000000000000000000000E+00  0.000000000000000000000000E+00  0.392036952038910035955865E+00
     21
  0.175279168401169102777186E-09 -0.708627175177882095979953E+00 -0.705583111050296363231382E+00 -0.174268289880550509868183E-09
  0.176035367097660266036279E-09  0.705583111050296474253685E+00 -0.708627175177882318024558E+00 -0.175020127391246228148055E-09
 -0.392865043385614953752594E+00 -0.174759922770020224539639E-24 -0.324720701746386213193788E-09  0.919596138359453307842273E+00
  0.919596138359453307842273E+00  0.211912840585068379148475E-24  0.131411851567583914033691E-09  0.392865043385614953752594E+00
     22
  0.877861318650308567618974E-10  0.707567290069659127205171E+00 -0.706645972197874394638006E+00 -0.113721334483165001098489E-09
  0.879005865359185481927734E-10 -0.706645972197874394638006E+00 -0.707567290069659127205171E+00 -0.113869603208926849593224E-09
 -0.396883289434335040368751E+00  0.583973020611698043276792E-25 -0.197018240141305946134223E-09  0.917869083566813404040374E+00
  0.917869083566813404040374E+00 -0.713487166341459323567062E-25  0.501553542943933904086311E-10  0.396883289434335040368751E+00
     23
  0.288492727226879803826747E-10 -0.708362352672365802597199E+00  0.705848976280670781235926E+00 -0.422828025123518750616318E-10
 -0.289519987779991972857221E-10 -0.705848976280670781235926E+00 -0.708362352672365802597199E+00  0.424333624779825279979810E-10
 -0.404875272330443403134836E+00  0.000000000000000000000000E+00  0.713220055443488652291639E-10  0.914371923155642973846113E+00
  0.914371923155642973846113E+00  0.000000000000000000000000E+00 -0.131185340068000798856671E-10  0.404875272330443403134836E+00
     24
  0.603464689462093067521660E-11  0.709747865910047903703628E+00 -0.704455794806269519625630E+00  0.586079767060651501363562E-10
  0.607998086828959038817073E-11 -0.704455794806269519625630E+00 -0.709747865910047903703628E+00  0.590482563975146266005565E-10
 -0.417066397926509235816184E+00  0.319252297142435201556971E-25  0.720421870890900337412718E-10  0.908876019994260153644916E+00
 -0.908876019994260153644916E+00  0.380406859524505019508782E-25 -0.424840902819793961252509E-10 -0.417066397926509235816184E+00
     25
  0.166750714532902945590061E-09  0.708954375850057716412778E+00 -0.705254346291502853816269E+00  0.213891815410011372060984E-09
  0.167625551499063180420389E-09 -0.705254346291502742793966E+00 -0.708954375850057605390475E+00  0.215013972321927819536028E-09
 -0.431892758606042870273001E+00  0.238549422319573862884026E-24  0.171421761481055405612294E-09  0.901924966426621455006796E+00
 -0.901924966426621455006796E+00  0.275744991615454313944503E-24 -0.344237451472636992128312E-09 -0.431892758606042870273001E+00
     26
 -0.987384743598300988825773E-09  0.707106781186547461715008E+00 -0.707106781186547461715008E+00 -0.623647359239005249736704E-09
  0.987384743598300782030620E-09  0.707106781186547572737311E+00  0.707106781186547350692706E+00  0.623647359239005146339127E-09
 -0.443723680145572563215950E+00  0.000000000000000000000000E+00 -0.170786283605520731877432E-09  0.896163654517448948766400E+00
 -0.896163654517448726721796E+00  0.000000000000000000000000E+00  0.164272975757672718282423E-08 -0.443723680145572674238252E+00
     27
 -0.851734426596680037745182E-09 -0.707106781186547239670404E+00  0.707106781186547794781916E+00 -0.800592134110780036483971E-09
 -0.851734426596674557673623E-09  0.707106781186547572737311E+00  0.707106781186547128648101E+00 -0.800592134110780243279125E-09
  0.441282229381479873531191E+00 -0.898403950108692773452369E-24 -0.484468212473870948400853E-09 -0.897368371423971633582539E+00
 -0.897368371423971855627144E+00  0.101366789554711397625785E-23 -0.158053453485293820434877E-08 -0.441282229381479762508889E+00
     28
  0.147616149866509681711285E-08  0.707106781186547572737311E+00  0.707106781186547572737311E+00  0.120804885650939156451161E-08
  0.147616149866509661031769E-08 -0.707106781186547572737311E+00  0.707106781186547572737311E+00  0.120804885650939197810192E-08
  0.413936481140248058174791E+00  0.000000000000000000000000E+00  0.691064857752315592501423E-09 -0.910305767081165395637754E+00
 -0.910305767081165395637754E+00  0.000000000000000000000000E+00  0.260754681122229771437342E-08 -0.413936481140248058174791E+00
     29
 -0.144592488536088944347669E-08  0.707106781186547461715008E+00  0.707106781186547461715008E+00 -0.178713730569274161785062E-08
  0.144592488536089151142822E-08  0.707106781186547461715008E+00 -0.707106781186547461715008E+00  0.178713730569274099746517E-08
  0.368136415762547741792332E+00 -0.919624587026931321678530E-24 -0.159711701806555079065375E-08 -0.929771788875907279070532E+00
 -0.929771788875907279070532E+00  0.123681950070361300896937E-23 -0.283166626274486846896087E-08 -0.368136415762547741792332E+00
     30
 -0.624140804803141194425426E-09  0.707106781186547350692706E+00  0.707106781186547794781916E+00 -0.896800418742579439236954E-09
  0.624140804803142125003616E-09  0.707106781186547683759613E+00 -0.707106781186547461715008E+00  0.896800418742578818851495E-09
 -0.326005409793777789495550E+00  0.439915162311222806993359E-24  0.911224505759771174225231E-09  0.945367903403321108157797E+00
 -0.945367903403321330202402E+00  0.660558668270020334424248E-24 -0.124790847687199576862650E-08 -0.326005409793777733984399E+00
     31
  0.188204262563737518641138E-09 -0.707106781186548127848823E+00 -0.707106781186546462514286E+00  0.282503995470758793441412E-09
 -0.188204262563739845086611E-09 -0.707106781186546684558891E+00  0.707106781186548238871126E+00 -0.282503995470759207031718E-09
 -0.300231051010963423397726E+00  0.270231766092712766904245E-24  0.301179881037288697595387E-09  0.953866508484731423500591E+00
 -0.953866508484731423500591E+00  0.436118378740081767548810E-24 -0.373830687700423538508980E-09 -0.300231051010963423397726E+00
     32
  0.754588445207013402101553E-09  0.707106781186547239670404E+00  0.707106781186547905804218E+00  0.684489788108601046794258E-09
  0.754588445207012574920941E-09 -0.707106781186547794781916E+00  0.707106781186547350692706E+00  0.684489788108600426408798E-09
  0.289157161636848458741156E+00  0.000000000000000000000000E+00  0.618088868571918905980920E-09 -0.957281638742810803144323E+00
  0.957281638742811025188928E+00  0.000000000000000000000000E+00 -0.130147084901353554114693E-08  0.289157161636848403230005E+00
     33
 -0.232126991735464279047385E-09  0.707106781186547905804218E+00  0.707106781186546795581194E+00 -0.250581660468779309634027E-09
 -0.232126991735466657191646E-09 -0.707106781186546906603496E+00  0.707106781186548127848823E+00 -0.250581660468779413031604E-09
 -0.287072550434097073512874E+00  0.352828568807133020380425E-24  0.245220531658171054005695E-09  0.957908842629225709686125E+00
 -0.957908842629225709686125E+00  0.591707151204154211446136E-24 -0.416191192319322531521511E-09 -0.287072550434097073512874E+00
     34
  0.528475907503081699936201E-09 -0.707106781186547683759613E+00  0.707106781186547461715008E+00  0.302591013701653959774555E-09
 -0.528475907503081596538624E-09 -0.707106781186547461715008E+00 -0.707106781186547683759613E+00 -0.302591013701654011473344E-09
 -0.289250263963090503693820E+00  0.000000000000000000000000E+00 -0.193456625684844032240727E-09  0.957253511248343458284182E+00
  0.957253511248343458284182E+00  0.000000000000000000000000E+00 -0.839208503709450591987609E-09  0.289250263963090503693820E+00
     35
  0.204006677183183065609050E-09 -0.707106781186546795581194E+00 -0.707106781186548238871126E+00  0.212956621904597365316558E-09
  0.204006677183182600319955E-09  0.707106781186548349893428E+00 -0.707106781186546684558891E+00  0.212956621904596925876858E-09
  0.292435117419721224418794E+00  0.000000000000000000000000E+00 -0.203630674131566837736347E-09 -0.956285366456955499003811E+00
 -0.956285366456955387981509E+00  0.000000000000000000000000E+00 -0.363968288077020006535241E-09 -0.292435117419721279929945E+00
     36
  0.424181162738939790581029E-09 -0.707106781186546684558891E+00  0.707106781186548349893428E+00  0.321346046382439187707405E-09
 -0.424181162738938394713746E-09 -0.707106781186548349893428E+00 -0.707106781186546684558891E+00 -0.321346046382438619020733E-09
 -0.294348501269992623985416E+00 -0.151095874169704801295806E-24 -0.257744254827359716494070E-09  0.955698153079783341290465E+00
  0.955698153079783341290465E+00  0.246800638532600587486826E-24 -0.707074192005758479802527E-09  0.294348501269992623985416E+00
     37
  0.265943669361468809015509E-09  0.707106781186548460915731E+00  0.707106781186546684558891E+00  0.229502567024489507066098E-09
  0.265943669361469119208238E-09 -0.707106781186546684558891E+00  0.707106781186548460915731E+00  0.229502567024490075752769E-09
  0.293291722779494612449724E+00 -0.107777978138567442083903E-24  0.199984832674283528425206E-09 -0.956022994152879168616721E+00
  0.956022994152879168616721E+00 -0.176243252638366832552631E-24 -0.454753864524565181408225E-09  0.293291722779494612449724E+00
     38
  0.177259174083555263512762E-09 -0.707106781186547350692706E+00  0.707106781186547683759613E+00  0.256978091520743480531982E-09
 -0.177259174083555185964579E-09 -0.707106781186547683759613E+00 -0.707106781186547350692706E+00 -0.256978091520743325435617E-09
  0.287953848580834448345200E+00  0.000000000000000000000000E+00  0.275843967465758955660821E-09 -0.957644287346552269823974E+00
 -0.957644287346552269823974E+00  0.000000000000000000000000E+00  0.344713234804822473546341E-09 -0.287953848580834448345200E+00
     39
  0.730348118118555250380159E-10  0.707106781186548571938033E+00  0.707106781186546240469681E+00  0.443863414071403289408138E-09
 -0.730348118118551631464979E-10  0.707106781186546462514286E+00 -0.707106781186548349893428E+00 -0.443863414071404633576634E-09
 -0.277358007211318258189436E+00  0.206163073941232805167386E-24 -0.574442821492015328287463E-09  0.960766639635123098628355E+00
  0.960766639635122876583750E+00 -0.352974747805744803095101E-24 -0.273336838246896151939588E-09  0.277358007211318313700588E+00
     40
 -0.869787898064014076651543E-10 -0.707106781186547350692706E+00 -0.707106781186547572737311E+00  0.342555880482742609361166E-09
  0.869787898064009294513627E-10 -0.707106781186547572737311E+00  0.707106781186547239670404E+00 -0.342555880482742350867224E-09
  0.260883659671850898220669E+00 -0.157422555274009137404069E-24 -0.499761352495906196181090E-09 -0.965370248203362590899701E+00
 -0.965370248203362479877399E+00  0.284095593448919171122834E-24 -0.763724010325684790284253E-11 -0.260883659671850953731820E+00
     41
  0.186275082886738230492701E-09  0.707106781186546906603496E+00  0.707106781186548016826521E+00 -0.369004475562627828798201E-09
  0.186275082886737920299971E-09 -0.707106781186548016826521E+00  0.707106781186546906603496E+00 -0.369004475562627208412741E-09
 -0.238317822544005214480123E+00  0.000000000000000000000000E+00  0.569595870800179043089856E-09  0.971187219570914694877217E+00
  0.971187219570914694877217E+00  0.000000000000000000000000E+00 -0.131476092681550180095497E-09  0.238317822544005214480123E+00
     42
  0.292880387964249375385297E-09 -0.707106781186547350692706E+00  0.707106781186547683759613E+00 -0.392291781734372974334323E-09
  0.292880387964249271987721E-09  0.707106781186547683759613E+00  0.707106781186547350692706E+00 -0.392291781734372819237958E-09
  0.209892132876497550242334E+00  0.000000000000000000000000E+00 -0.629362622181382574920209E-09 -0.977724548406428528579681E+00
  0.977724548406428528579681E+00  0.000000000000000000000000E+00 -0.288524046089689150454820E-09  0.209892132876497550242334E+00
     43
  0.402279244075591107639662E-09 -0.707106781186548016826521E+00  0.707106781186546795581194E+00 -0.412704426494420886337401E-09
  0.402279244075591676326333E-09  0.707106781186547017625799E+00  0.707106781186547905804218E+00 -0.412704426494421506722860E-09
  0.176259783878066067508428E+00  0.000000000000000000000000E+00 -0.674790089655340402730890E-09 -0.984343684181118394604937E+00
  0.984343684181118283582634E+00  0.000000000000000000000000E+00 -0.457127337431457572219220E-09  0.176259783878066095264003E+00
     44
  0.753995205142604307577277E-09 -0.707106781186548793982638E+00 -0.707106781186546351491984E+00 -0.676226269949136127091456E-09
 -0.753995205142606789119114E-09 -0.707106781186546351491984E+00  0.707106781186548793982638E+00  0.676226269949138505235717E-09
 -0.138378865717516397193521E+00  0.000000000000000000000000E+00 -0.109468266433831606954255E-08  0.990379366466574539984435E+00
 -0.990379366466574539984435E+00  0.000000000000000000000000E+00 -0.923715921007896222132023E-09 -0.138378865717516397193521E+00
     45
  0.876994589847656557511370E-09 -0.707106781186547017625799E+00 -0.707106781186548016826521E+00 -0.728901277646442390422542E-09
 -0.876994589847655523535604E-09 -0.707106781186547905804218E+00  0.707106781186547239670404E+00  0.728901277646441563241930E-09
 -0.973097795533533344025656E-01  0.000000000000000000000000E+00 -0.114661910253828626130497E-08  0.995254141816690807154089E+00
 -0.995254141816690918176391E+00  0.000000000000000000000000E+00 -0.113406215608766174671164E-08 -0.973097795533533344025656E-01
     46
  0.695527075620664709722335E-09 -0.707106781186547683759613E+00  0.707106781186547461715008E+00 -0.468548338727866061282079E-09
 -0.695527075620666984469019E-09 -0.707106781186547350692706E+00 -0.707106781186547905804218E+00  0.468548338727866371474809E-09
  0.539860190293175098985579E-01 -0.187977209081899565622751E-24 -0.714763016556350776410602E-09 -0.998541691542905063272428E+00
 -0.998541691542905174294731E+00  0.136231171689884487191154E-23  0.946416447569695622409308E-09 -0.539860190293175098985579E-01
     47
 -0.764004814430439922166203E-09  0.707106781186547572737311E+00 -0.707106781186547683759613E+00  0.488477490044951722907266E-09
  0.764004814430450985706896E-09  0.707106781186547461715008E+00  0.707106781186547683759613E+00 -0.488477490044952033099995E-09
 -0.904736101929412041278145E-02  0.190484244239281217400182E-24  0.700558580347811446590913E-09  0.999959071791734155354447E+00
 -0.999959071791734377399052E+00  0.772243981304044166775937E-23  0.107417139473795862586274E-08 -0.904736101929411867805797E-02
     48
 -0.809787113230968094583439E-09 -0.707106781186547572737311E+00 -0.707106781186547350692706E+00  0.507560129263586136244942E-09
 -0.809787113230970886318006E-09  0.707106781186547350692706E+00 -0.707106781186547572737311E+00  0.507560129263586136244942E-09
  0.371980420624824156816679E-01  0.192661511764714038654808E-24  0.674702002842780785890501E-09  0.999307913341387243910674E+00
  0.999307913341387243910674E+00  0.176019186853227608977293E-23 -0.117111991709553812736760E-08 -0.371980420624824156816679E-01
     49
  0.829166473890725212858171E-09 -0.707106781186547461715008E+00  0.707106781186547572737311E+00 -0.521881232145397929491844E-09
 -0.829166473890726040038783E-09 -0.707106781186547572737311E+00 -0.707106781186547461715008E+00  0.521881232145397826094267E-09
 -0.846679524370237690522600E-01  0.193402039283076229439290E-24 -0.636118122867675612217360E-09 -0.996409222071996891756385E+00
  0.996409222071997002778687E+00 -0.709786823796844612588549E-24 -0.123089728162543331341200E-08 -0.846679524370237690522600E-01
     50
 -0.819716362730984309866499E-09  0.707106781186547683759613E+00 -0.707106781186547572737311E+00  0.525662336893723184433776E-09
 -0.819716362730984103071346E-09 -0.707106781186547572737311E+00 -0.707106781186547683759613E+00  0.525662336893723391228929E-09
  0.133295735432074485826703E+00  0.191114227636885361454778E-24  0.582241344227084443729539E-09  0.991076307312218296452500E+00
  0.991076307312218296452500E+00  0.400836556535092785338813E-24 -0.124800095159479855983518E-08 -0.133295735432074485826703E+00
     51
 -0.349112921219686073173513E-23  0.100000000000000000000000E+01 -0.291083053896576816059056E-14  0.197329221724608900975242E-23
 -0.110397206367833439547271E-08 -0.291083053896576855502101E-14 -0.999999999999999888977698E+00  0.724507800272808131373143E-09
  0.182795564578466102068077E+00  0.184095872515457359640744E-24  0.510499332176675591189600E-09  0.983150945465872894146742E+00
  0.983150945465872783124439E+00  0.248183361109674235256965E-24 -0.121780799056563509444582E-08 -0.182795564578466129823653E+00
     52
  0.000000000000000000000000E+00  0.100000000000000000000000E+01  0.000000000000000000000000E+00  0.000000000000000000000000E+00
 -0.108482059111475856020151E-08  0.000000000000000000000000E+00  0.100000000000000000000000E+01  0.160809584309305778761871E-08
  0.232509626339962249819138E+00  0.000000000000000000000000E+00 -0.131179326511172815648109E-08  0.972594095015618997912554E+00
 -0.972594095015619108934857E+00  0.000000000000000000000000E+00 -0.142898797264561879764748E-08  0.232509626339962249819138E+00
     53
 -0.694600474477164668339202E-23  0.999999999999999888977698E+00 -0.704670894726203563856233E-14  0.362845988240762300082581E-23
  0.875315444358968638113004E-09  0.682466434233700354161670E-14  0.100000000000000000000000E+01 -0.582905318352270326728214E-09
 -0.281431881831424313133994E+00 -0.446077665231414060834560E-24 -0.313003254688495390957039E-09 -0.959581208595095103142114E+00
  0.959581208595095103142114E+00  0.278484747038247744417674E-24 -0.100398460574318685334849E-08 -0.281431881831424313133994E+00
     54
 -0.181723858637472221677719E-23  0.100000000000000000000000E+01 -0.243238223204503540563082E-14  0.100165150610569925489833E-23
  0.710781812425449374270322E-09  0.243238223204503540563082E-14  0.100000000000000000000000E+01 -0.451755677151342158557738E-09
 -0.328431891511089979474036E+00 -0.120815056096859398563183E-24 -0.193252279180382354078314E-09 -0.944527655835681656526504E+00
  0.944527655835681656526504E+00  0.515241848904092089680125E-25 -0.819724155512170113401175E-09 -0.328431891511089979474036E+00
     55
  0.000000000000000000000000E+00 -0.100000000000000000000000E+01  0.000000000000000000000000E+00  0.000000000000000000000000E+00
 -0.520835814499742157609262E-09  0.000000000000000000000000E+00 -0.100000000000000000000000E+01  0.278325563249830065677607E-09
  0.372585020529486055096413E+00  0.000000000000000000000000E+00  0.642299192079926190994413E-10  0.927998061677416830050902E+00
  0.927998061677416830050902E+00  0.000000000000000000000000E+00 -0.587034665033739649418800E-09 -0.372585020529486055096413E+00
     56
  0.000000000000000000000000E+00 -0.100000000000000000000000E+01  0.000000000000000000000000E+00  0.000000000000000000000000E+00
 -0.313312276229210478327891E-09  0.000000000000000000000000E+00 -0.999999999999999777955395E+00  0.597562155930721380982151E-10
 -0.413447153394606081722173E+00  0.000000000000000000000000E+00  0.751281706764564725413850E-10 -0.910528116726714520368091E+00
  0.910528116726714298323486E+00  0.000000000000000000000000E+00 -0.309985269701221332350804E-09 -0.413447153394606192744476E+00
     57
  0.000000000000000000000000E+00 -0.100000000000000000000000E+01  0.000000000000000000000000E+00  0.000000000000000000000000E+00
  0.122889612062950703808061E-08  0.000000000000000000000000E+00  0.100000000000000000000000E+01 -0.112711074970730884034907E-09
  0.451157070797387593774630E+00  0.000000000000000000000000E+00 -0.453836838173747119881811E-09  0.892444562686961040398614E+00
  0.892444562686961040398614E+00  0.000000000000000000000000E+00 -0.114757215847437300147621E-08 -0.451157070797387593774630E+00
     58
  0.101209786228730145615367E-09 -0.556784682497108718404861E-14 -0.100000000000000000000000E+01 -0.542942336938424506867525E-09
  0.427709122624700045581382E-24  0.100000000000000000000000E+01 -0.556784682497108718404861E-14 -0.323531548817432006012761E-23
  0.486356028499985104662784E+00  0.251548388852071130491335E-24 -0.425177649077486511142163E-09  0.873760730143969044370067E+00
 -0.873760730143969044370067E+00 -0.154154203119824507868879E-25 -0.352496512417731198679846E-09  0.486356028499985104662784E+00
     59
 -0.170006981503374401224773E-08 -0.288046436103193012557963E-14 -0.999999999999999888977698E+00  0.999305322865181353305090E-09
 -0.454163703054896847483971E-23  0.100000000000000000000000E+01 -0.288046436103192894228828E-14  0.342700072400949280734349E-23
 -0.519987174386228767630769E+00  0.653325638076601828607556E-24  0.304338065552695997088033E-10 -0.854174068017652832196518E+00
  0.854174068017652721174215E+00 -0.183013404523277343278881E-25 -0.197178150100717764828799E-08 -0.519987174386228656608466E+00
     60
  0.391566695829676613846711E-09  0.107758501461908661349718E-14 -0.100000000000000022204460E+01 -0.125412138156982021596180E-08
 -0.762749997398735141593896E-26 -0.100000000000000000000000E+01 -0.107758501461908720514286E-14 -0.198719248815505327523356E-23
 -0.553038572791972993236698E+00  0.767266373493212795305546E-24  0.828326828133840022021329E-09 -0.833155649926361374646433E+00
 -0.833155649926361374646433E+00  0.629654672145211291148876E-26 -0.101981350392476055450058E-08  0.553038572791973104259000E+00
     61
  0.165904473287942219474567E-08  0.000000000000000000000000E+00  0.100000000000000000000000E+01 -0.190302230317904226375830E-08
 -0.586266558013412097949413E+00  0.000000000000000000000000E+00 -0.569030521931490810456934E-09 -0.810118215419889486916816E+00
  0.000000000000000000000000E+00 -0.100000000000000000000000E+01  0.000000000000000000000000E+00  0.000000000000000000000000E+00
  0.810118215419889486916816E+00  0.000000000000000000000000E+00 -0.245970078375076720671736E-08 -0.586266558013412097949413E+00
     62
  0.000000000000000000000000E+00  0.000000000000000000000000E+00  0.100000000000000000000000E+01  0.000000000000000000000000E+00
  0.587083347063717231328894E+00  0.000000000000000000000000E+00  0.000000000000000000000000E+00  0.809526493451859119332426E+00
  0.000000000000000000000000E+00 -0.100000000000000000000000E+01  0.000000000000000000000000E+00  0.000000000000000000000000E+00
 -0.809526493451859119332426E+00  0.000000000000000000000000E+00  0.000000000000000000000000E+00  0.587083347063717231328894E+00
     63
  0.349577800064838540147473E-08  0.000000000000000000000000E+00  0.100000000000000000000000E+01 -0.371062600130213945176432E-08
 -0.587897717252046203562088E+00  0.000000000000000000000000E+00 -0.946496346511511622932109E-09 -0.808935271854202775365650E+00
  0.000000000000000000000000E+00 -0.100000000000000000000000E+01  0.000000000000000000000000E+00  0.000000000000000000000000E+00
  0.808935271854202775365650E+00  0.000000000000000000000000E+00 -0.500932668303806048083972E-08 -0.587897717252046203562088E+00
     64
 -0.595557277182501073074577E-09  0.983394577831601581750043E-15 -0.999999999999999666933093E+00  0.154517209517241698546697E-08
 -0.588709664937766330439217E+00  0.120774643638918524687341E-22 -0.898421396341302930373079E-09 -0.808344561686947238321466E+00
 -0.729311995894609863842933E-23 -0.999999999999999888977698E+00 -0.761349972906570273665316E-15 -0.824448078190808905053941E-23
  0.808344561686947016276861E+00  0.210970648443501815743722E-26 -0.139107287362659100237708E-08 -0.588709664937766552483822E+00
     65
  0.235242148895494564806093E-08 -0.922140295992542797005444E-15 -0.999999999999999888977698E+00 -0.512114615416507550469961E-09
  0.589519192541153591591296E+00 -0.289714710927979527670414E-23  0.973134667441286811058332E-09  0.807754369610976463711438E+00
  0.387668358512127241934344E-23  0.100000000000000000000000E+01 -0.922140295992541219283633E-15  0.186830873369478283666314E-23
 -0.807754369610976241666833E+00 -0.622574828960272639065738E-27 -0.220207995208147458418633E-08  0.589519192541153702613599E+00
     66
  0.174297669147759981341338E-08 -0.918761666372438568455460E-15 -0.999999999999999777955395E+00 -0.347079370603731719033035E-09
  0.590326321076805049514746E+00 -0.159432019002153777176020E-23  0.748774805883692652790410E-09  0.807164688675071517742765E+00
  0.254222815698316646632989E-23  0.100000000000000000000000E+01 -0.918761666372435413011839E-15  0.968230640076722818042188E-24
 -0.807164688675071406720463E+00 -0.397917457837184862509657E-27 -0.161175932651457557737822E-08  0.590326321076804938492444E+00
     67
  0.180164407881107962896942E-08  0.915411626476944161400660E-15 -0.100000000000000000000000E+01 -0.252489448609075176497150E-09
  0.591131062648093119626935E+00  0.975871907129992229190718E-24  0.861355839678551812061205E-09  0.806575518332001140109355E+00
  0.222589472477843424989974E-23 -0.100000000000000000000000E+01 -0.915411626476944950261565E-15  0.556143415295731964706849E-24
 -0.806575518332001140109355E+00  0.272025624053293257522767E-27 -0.160241618368479585221432E-08  0.591131062648093230649238E+00
     68
  0.186842086988268717151140E-08  0.969095669321671819819805E-15 -0.999999999999999888977698E+00 -0.147286102985067989582410E-09
 -0.591933409196172544142200E+00 -0.521867514080205385081649E-24 -0.987269938339918805709549E-09 -0.805986872769896001145185E+00
 -0.167916081826244256842120E-23  0.999999999999999888977698E+00  0.747051064396640511735079E-15 -0.277977451292087923326593E-24
 -0.805986872769896001145185E+00  0.157805204142347822310081E-27 -0.159310608003688977777348E-08  0.591933409196172766186805E+00
     69
  0.115866834400620645687880E-08 -0.908796532166380989668121E-15 -0.100000000000000000000000E+01 -0.135483351448390604901829E-09
  0.592733391768485384787368E+00 -0.397187223184400489102259E-24  0.577663363082458696244153E-09  0.805398737447872603567589E+00
 -0.128831738304899582660625E-23 -0.100000000000000000000000E+01  0.908796532166380989668121E-15 -0.196842737650560632362209E-24
 -0.805398737447872603567589E+00 -0.127290837739676529341684E-27 -0.101349561723280456731802E-08  0.592733391768485384787368E+00
     70
 -0.120431978223370868892277E-08  0.000000000000000000000000E+00  0.999999999999999888977698E+00  0.634136380172281918981456E-10
 -0.593531004388015981376725E+00  0.000000000000000000000000E+00 -0.663764996813871954214126E-09 -0.804811124941841815605414E+00
  0.000000000000000000000000E+00 -0.100000000000000000000000E+01  0.000000000000000000000000E+00  0.000000000000000000000000E+00
 -0.804811124941841704583112E+00  0.000000000000000000000000E+00 -0.100688774028952012907922E-08  0.593531004388016092399027E+00
     71
 -0.186131290492371789221980E-08  0.186097924799447641174345E-14 -0.100000000000000000000000E+01  0.171694281034842954037186E-08
 -0.594326252339690719317389E+00  0.835401653682628487080515E-23 -0.274579427422046168684146E-09 -0.804224039543619984016232E+00
 -0.771848364010764676595692E-23 -0.999999999999999888977698E+00 -0.163893464306944569530441E-14 -0.352499419977301808799498E-23
  0.804224039543619984016232E+00  0.284055122499068059103620E-26 -0.251733694778198071500316E-08 -0.594326252339690719317389E+00
     72
 -0.132124927762645182360136E-08 -0.899082407733104816253673E-15  0.100000000000000000000000E+01 -0.114377902634979278429853E-09
  0.595119145871465193842198E+00 -0.245743184483444072371415E-24  0.878219177307492219950974E-09  0.803637481839428402530245E+00
 -0.104173294065045528629652E-23  0.100000000000000000000000E+01  0.899082407733104816253673E-15  0.947032101191044705255541E-25
 -0.803637481839428402530245E+00 -0.839096750518288032241369E-28 -0.993737051852870730974703E-09  0.595119145871465193842198E+00
     73
 -0.384656665756576740777513E-09 -0.156239466245136621344011E-14  0.100000000000000000000000E+01  0.199102800896588022828258E-09
  0.595909694946579970853406E+00  0.392641849919169507211617E-24  0.693309090394311659543318E-10  0.803051452566194035043168E+00
  0.840670982577824814543968E-24 -0.100000000000000000000000E+01 -0.156239466245136641065533E-14  0.000000000000000000000000E+00
 -0.803051452566193924020865E+00 -0.710586612673879952881463E-26 -0.427546472676998442325434E-09  0.595909694946579970853406E+00
     74
  0.184761754654961534260322E-08  0.000000000000000000000000E+00  0.999999999999999777955395E+00 -0.170431096736248690928762E-08
 -0.596697920871843701107196E+00  0.000000000000000000000000E+00 -0.265182093139324766085520E-09 -0.802465943967230699307436E+00
  0.000000000000000000000000E+00  0.100000000000000000000000E+01  0.000000000000000000000000E+00  0.000000000000000000000000E+00
  0.802465943967230588285133E+00  0.000000000000000000000000E+00 -0.249960879114339397826297E-08 -0.596697920871843701107196E+00
     75
  0.184043903637252078076209E-08  0.134298467981593757799378E-14  0.999999999999999888977698E+00 -0.170358299207917917049209E-08
  0.597483811440667089698309E+00  0.288405233401894905997165E-23  0.266438389986517654771458E-09  0.801880973129013185918268E+00
  0.422811428184488167080108E-23 -0.100000000000000000000000E+01  0.134298467981593738077856E-14  0.000000000000000000000000E+00
  0.801880973129013074895965E+00  0.414753212157804892184428E-25 -0.249367612663059014401325E-08 -0.597483811440667200720611E+00
     76
  0.176661879933897564920968E-08  0.125472929945615663570446E-14 -0.100000000000000000000000E+01  0.748655926739135472636835E-09
 -0.598267382681653581144587E+00  0.118336882865891570098112E-23 -0.165680580612847806564288E-08 -0.801296536133311865235385E+00
 -0.149677884123603776108572E-23  0.100000000000000000000000E+01  0.125472929945615663570446E-14  0.000000000000000000000000E+00
 -0.801296536133311865235385E+00  0.148241691560641359690474E-25 -0.967689102758981438710664E-09  0.598267382681653581144587E+00
     77
  0.197535367230159057645245E-08  0.000000000000000000000000E+00 -0.999999999999999888977698E+00  0.103574423746251826401082E-08
