      1
  0.178942033810894816853111E-11  0.711394449238932691237380E+00 -0.702792954996018348623465E+00 -0.229349749985932198531119E-11
  0.181132108231388252367422E-11 -0.702792954996018459645768E+00 -0.711394449238932580215078E+00 -0.232156765252795526159136E-11
 -0.611027722822634511423701E+00  0.000000000000000000000000E+00 -0.413924823987673380312103E-11  0.791609197737232928027140E+00
  0.791609197737232817004838E+00  0.000000000000000000000000E+00  0.217056463488233913388350E-13  0.611027722822634622446003E+00
      2
  0.000000000000000000000000E+00 -0.708954375852446916361771E+00  0.705254346289101219369400E+00  0.000000000000000000000000E+00
  0.000000000000000000000000E+00 -0.705254346289101219369400E+00 -0.708954375852446916361771E+00  0.000000000000000000000000E+00
  0.579862585788169737632813E+00  0.000000000000000000000000E+00  0.000000000000000000000000E+00 -0.814714294463438015725387E+00
  0.814714294463438015725387E+00  0.000000000000000000000000E+00  0.000000000000000000000000E+00  0.579862585788169737632813E+00
      3
  0.285583455353890379342085E-11 -0.708627175177918844362068E+00 -0.705583111050259614849267E+00 -0.354044494791966765645381E-11
 -0.286815534662877402798480E-11 -0.705583111050259725871570E+00  0.708627175177918733339766E+00  0.355571932352918616762432E-11
 -0.565996530372986250689848E+00  0.000000000000000000000000E+00 -0.642766366424641878518176E-11  0.824407622238987447538250E+00
  0.824407622238987336515947E+00  0.000000000000000000000000E+00  0.496924277953825526886839E-12  0.565996530372986361712151E+00
      4
 -0.381061354926051314006955E-11  0.708299822045474480880500E+00 -0.705911724006868412928384E+00  0.464068961340368256915660E-11
 -0.382350484775208820551799E-11 -0.705911724006868412928384E+00 -0.708299822045474480880500E+00  0.465638905766371485031728E-11
  0.541328316172820067642135E+00  0.000000000000000000000000E+00 -0.844969294735182105526158E-11 -0.840811307077574565660427E+00
 -0.840811307077574565660427E+00  0.000000000000000000000000E+00  0.980108760468758287336069E-12 -0.541328316172820067642135E+00
      5
  0.000000000000000000000000E+00  0.708299822045474480880500E+00  0.705911724006868412928384E+00  0.000000000000000000000000E+00
  0.000000000000000000000000E+00  0.705911724006868412928384E+00 -0.708299822045474480880500E+00  0.000000000000000000000000E+00
  0.530381946938829229587498E+00  0.000000000000000000000000E+00  0.000000000000000000000000E+00 -0.847758804354975081807311E+00
  0.847758804354975081807311E+00  0.000000000000000000000000E+00  0.000000000000000000000000E+00  0.530381946938829229587498E+00
      6
  0.000000000000000000000000E+00  0.707567290069680443487243E+00  0.706645972197852967333631E+00  0.000000000000000000000000E+00
  0.000000000000000000000000E+00 -0.706645972197852967333631E+00  0.707567290069680443487243E+00  0.000000000000000000000000E+00
  0.502266445995660504308944E+00  0.000000000000000000000000E+00  0.000000000000000000000000E+00 -0.864712910292709913129272E+00
  0.864712910292709913129272E+00  0.000000000000000000000000E+00  0.000000000000000000000000E+00  0.502266445995660504308944E+00
      7
  0.749205220895461971648042E-11  0.707302065673028335091033E+00 -0.706911442752673924161400E+00 -0.879733965875491388787979E-11
  0.749619214379838038771615E-11 -0.706911442752674035183702E+00 -0.707302065673028224068730E+00 -0.880220086526681887001544E-11
  0.494248897118411523177173E+00 -0.535053922360181033391951E-26  0.160567825326360406918229E-10 -0.869320440169925934270623E+00
  0.869320440169925823248320E+00 -0.251536677411037644286558E-26  0.306269643246849603688242E-11  0.494248897118411578688324E+00
      8
  0.107024514180854146136978E-10  0.722154877245570037125333E+00 -0.691731402547575369155197E+00 -0.123972670424182447203623E-10
  0.111731626778684163421725E-10 -0.691731402547575369155197E+00 -0.722154877245570037125333E+00 -0.129425190561337117830094E-10
 -0.473359944196395265869626E+00  0.822029549830914852006621E-26 -0.231108218482450742574319E-10  0.880869095399756774078526E+00
  0.880869095399756774078526E+00 -0.467833903428197776606246E-26  0.514518937656159002488553E-11  0.473359944196395265869626E+00
      9
  0.000000000000000000000000E+00 -0.729867625073511216982070E+00 -0.683588509170211522381067E+00  0.000000000000000000000000E+00
  0.000000000000000000000000E+00 -0.683588509170211522381067E+00  0.729867625073511216982070E+00  0.000000000000000000000000E+00
  0.467238389551968946733496E+00  0.000000000000000000000000E+00  0.000000000000000000000000E+00 -0.884131374473772657651693E+00
  0.884131374473772657651693E+00  0.000000000000000000000000E+00  0.000000000000000000000000E+00  0.467238389551968946733496E+00
     10
 -0.216306601254596372798528E-10  0.711394449238894721609938E+00 -0.702792954996056873362420E+00  0.249848641689067111554667E-10
 -0.218953981215013801367646E-10 -0.702792954996056873362420E+00 -0.711394449238894721609938E+00  0.252906543220082552941860E-10
 -0.440026650478175129777014E+00 -0.946553164979691033639866E-26  0.454672927561063137197257E-10  0.897984714162194386233296E+00
 -0.897984714162194386233296E+00 -0.746443979202854670039487E-26  0.119949922620546969891180E-10 -0.440026650478175129777014E+00
     11
  0.240282148738123215626732E-10  0.710540484828641294434703E+00  0.703656321949486462941081E+00 -0.277654034391028381091596E-10
  0.242632929079702080788466E-10 -0.703656321949486462941081E+00  0.710540484828641294434703E+00 -0.280370439455800206906884E-10
 -0.434828360807806679755316E+00  0.000000000000000000000000E+00  0.503814585677472974150386E-10  0.900513351726222821547196E+00
 -0.900513351726222821547196E+00  0.000000000000000000000000E+00  0.135925348775795680198210E-10 -0.434828360807806679755316E+00
     12
 -0.531479315454721185290246E-10  0.710214018250059142545183E+00 -0.703985829602489010525801E+00  0.613684785147142128515724E-10
 -0.536181332597313708751931E-10 -0.703985829602489010525801E+00 -0.710214018250059142545183E+00  0.619114077117689489707374E-10
 -0.429593186533322790587874E+00 -0.244557682421969341146075E-25  0.111151490958645105229345E-09  0.903022532434349489705028E+00
 -0.903022532434349489705028E+00 -0.212234843851441786264393E-25  0.307253754435158324413406E-10 -0.429593186533322790587874E+00
     13
 -0.292823136905116720837554E-10 -0.709810278883627354673536E+00 -0.704392907396963141586355E+00  0.337087691619293930843265E-10
 -0.295075192108748136677800E-10  0.704392907396963252608657E+00 -0.709810278883627576718141E+00  0.339680178326509509828850E-10
 -0.424299145387778020577230E+00  0.413695543500416598547986E-25  0.609724506193825832633622E-10  0.905522078815973019416674E+00
 -0.905522078815972908394372E+00  0.375909170984891030310937E-25  0.173387907792777830340386E-10 -0.424299145387778076088381E+00
     14
  0.000000000000000000000000E+00  0.709685466840505041474785E+00 -0.704518657066918740916606E+00  0.000000000000000000000000E+00
  0.000000000000000000000000E+00 -0.704518657066918740916606E+00 -0.709685466840505041474785E+00  0.000000000000000000000000E+00
  0.418953499366475468068671E+00  0.000000000000000000000000E+00  0.000000000000000000000000E+00 -0.908007690148373458605136E+00
  0.908007690148373458605136E+00  0.000000000000000000000000E+00  0.000000000000000000000000E+00  0.418953499366475468068671E+00
     15
  0.000000000000000000000000E+00  0.709483474571013128517905E+00 -0.704722072387861664388709E+00  0.000000000000000000000000E+00
  0.000000000000000000000000E+00  0.704722072387861664388709E+00  0.709483474571013128517905E+00  0.000000000000000000000000E+00
  0.413605714679258162913555E+00  0.000000000000000000000000E+00  0.000000000000000000000000E+00 -0.910456101514323545842444E+00
  0.910456101514323545842444E+00  0.000000000000000000000000E+00  0.000000000000000000000000E+00  0.413605714679258162913555E+00
     16
  0.000000000000000000000000E+00  0.709281423997113136259429E+00 -0.704925429795682290112779E+00  0.000000000000000000000000E+00
  0.000000000000000000000000E+00  0.704925429795682290112779E+00  0.709281423997113136259429E+00  0.000000000000000000000000E+00
  0.408363972640799266500267E+00  0.000000000000000000000000E+00  0.000000000000000000000000E+00 -0.912819185736706839584542E+00
  0.912819185736706839584542E+00  0.000000000000000000000000E+00  0.000000000000000000000000E+00  0.408363972640799266500267E+00
     17
  0.000000000000000000000000E+00  0.709810278883702960861513E+00 -0.704392907396887313353773E+00  0.000000000000000000000000E+00
  0.000000000000000000000000E+00 -0.704392907396887313353773E+00 -0.709810278883702960861513E+00  0.000000000000000000000000E+00
  0.403415031297919779440520E+00  0.000000000000000000000000E+00  0.000000000000000000000000E+00 -0.915017110508267172974683E+00
  0.915017110508267172974683E+00  0.000000000000000000000000E+00  0.000000000000000000000000E+00  0.403415031297919779440520E+00
     18
  0.000000000000000000000000E+00  0.709608322657516721321258E+00 -0.704596358502643571597446E+00  0.000000000000000000000000E+00
  0.000000000000000000000000E+00 -0.704596358502643571597446E+00 -0.709608322657516721321258E+00  0.000000000000000000000000E+00
  0.399047096185048522087868E+00  0.000000000000000000000000E+00  0.000000000000000000000000E+00 -0.916930430854097311410555E+00
  0.916930430854097311410555E+00  0.000000000000000000000000E+00  0.000000000000000000000000E+00  0.399047096185048522087868E+00
     19
  0.000000000000000000000000E+00 -0.709483474571012795450997E+00 -0.704722072387861997455616E+00  0.000000000000000000000000E+00
  0.000000000000000000000000E+00  0.704722072387861997455616E+00 -0.709483474571012795450997E+00  0.000000000000000000000000E+00
  0.395673751040343246732078E+00  0.000000000000000000000000E+00  0.000000000000000000000000E+00 -0.918391138207280688376954E+00
  0.918391138207280688376954E+00  0.000000000000000000000000E+00  0.000000000000000000000000E+00  0.395673751040343246732078E+00
     20
  0.000000000000000000000000E+00  0.708954375852447249428678E+00 -0.705254346289100886302492E+00  0.000000000000000000000000E+00
  0.000000000000000000000000E+00 -0.705254346289100886302492E+00 -0.708954375852447249428678E+00  0.000000000000000000000000E+00
  0.393854356215621925763060E+00  0.000000000000000000000000E+00  0.000000000000000000000000E+00 -0.919172859744008197147025E+00
  0.919172859744008197147025E+00  0.000000000000000000000000E+00  0.000000000000000000000000E+00  0.393854356215621925763060E+00
     21
 -0.189512291030838234555928E-09 -0.708097430484898704428076E+00  0.706114742050245047799706E+00  0.198300969978864818568703E-09
 -0.190044419600425328266958E-09  0.706114742050245047799706E+00  0.708097430484898704428076E+00  0.198857776141296854183879E-09
 -0.394299570231447182866447E+00  0.000000000000000000000000E+00 -0.363906293714118657618072E-09  0.918981963324251638347562E+00
 -0.918981963324251638347562E+00  0.000000000000000000000000E+00 -0.135910373043174822443316E-09 -0.394299570231447182866447E+00
     22
  0.966867042990254827261902E-10  0.707504685654902987224091E+00 -0.706708652682530025224139E+00 -0.135489566318766440930979E-09
  0.967956117028331722964949E-10 -0.706708652682530136246442E+00 -0.707504685654902876201788E+00 -0.135642181065724509682449E-09
 -0.397832249671458915152300E+00  0.000000000000000000000000E+00 -0.230322865033336986575351E-09  0.917458174044651464384970E+00
 -0.917458174044651353362667E+00  0.000000000000000000000000E+00 -0.492480628915113959520063E-10 -0.397832249671458970663451E+00
     23
 -0.301922013811602108379942E-10  0.709421055710454218079519E+00 -0.704784907411236116736575E+00  0.501440598318074001810686E-10
  0.303908088167210937310005E-10  0.704784907411236116736575E+00  0.709421055710454218079519E+00 -0.504739126638707942531861E-10
 -0.405225729596255968001373E+00  0.265434770010993836586499E-25  0.824041367838252243425555E-10  0.914216663637883009130292E+00
 -0.914216663637883009130292E+00  0.322068034482059663042965E-25  0.103330112602079674765460E-10 -0.405225729596255968001373E+00
     24
 -0.865141301200730237982673E-11  0.707106781186547683759613E+00  0.707106781186547350692706E+00 -0.686618514805471139215642E-10
 -0.865141301200730722658813E-11 -0.707106781186547350692706E+00  0.707106781186547683759613E+00 -0.686618514805471656203525E-10
  0.416727694809238435880161E+00  0.000000000000000000000000E+00 -0.831705973668710266668400E-10 -0.909031368204078038530724E+00
  0.909031368204078038530724E+00  0.000000000000000000000000E+00  0.515872593313495806162604E-10  0.416727694809238435880161E+00
     25
  0.190490873400189501571877E-09  0.710540484828313556597834E+00 -0.703656321949817309402420E+00  0.238291353914382778852691E-09
  0.192354524956278601139814E-09 -0.703656321949817309402420E+00 -0.710540484828313556597834E+00  0.240622657480786395229580E-09
 -0.430885529840356495956399E+00  0.132817221452158039257241E-24  0.188950045990841241328435E-09  0.902406593600797557463977E+00
 -0.902406593600797557463977E+00  0.153735518844477802908312E-24 -0.390214055352237451634825E-09 -0.430885529840356495956399E+00
     26
 -0.110219784830328352523541E-08  0.707106781186547461715008E+00 -0.707106781186547572737311E+00 -0.663766580953732256379965E-09
  0.110219784830328331844026E-08  0.707106781186547572737311E+00  0.707106781186547461715008E+00  0.663766580953731946187235E-09
 -0.442359968914234624737247E+00  0.000000000000000000000000E+00 -0.152342829455934727587363E-09  0.896837587248771272996350E+00
 -0.896837587248771272996350E+00  0.000000000000000000000000E+00  0.181318605162119438819208E-08 -0.442359968914234624737247E+00
     27
 -0.970418368824356342785473E-09 -0.707106781186547239670404E+00  0.707106781186547905804218E+00 -0.844295049864907596363464E-09
 -0.970418368824349725340572E-09  0.707106781186547461715008E+00  0.707106781186547350692706E+00 -0.844295049864908009953770E-09
  0.440363402298124984035610E+00 -0.141465603297984730615852E-23 -0.467663206167539713661125E-09 -0.897819622149360174745425E+00
 -0.897819622149360396790030E+00  0.159610024762530051415725E-23 -0.175794878291187930231735E-08 -0.440363402298124873013307E+00
     28
  0.166935181542673022470208E-08  0.707106781186547794781916E+00  0.707106781186547239670404E+00  0.125322872929238353904075E-08
  0.166935181542673125867784E-08 -0.707106781186547239670404E+00  0.707106781186547794781916E+00  0.125322872929238415942621E-08
  0.414546936663524878685649E+00  0.000000000000000000000000E+00  0.634201813050822879354364E-09 -0.910027932155319962959084E+00
 -0.910027932155319962959084E+00  0.000000000000000000000000E+00  0.288312756775041478575696E-08 -0.414546936663524878685649E+00
     29
 -0.167810126210886042479058E-08  0.707106781186547461715008E+00  0.707106781186547572737311E+00 -0.186476267992644547284165E-08
  0.167810126210885752965844E-08  0.707106781186547572737311E+00 -0.707106781186547461715008E+00  0.186476267992644547284165E-08
  0.370612993553127045842643E+00  0.958036405220616067816311E-24 -0.156983630170472710324291E-08 -0.928787386332087239182442E+00
 -0.928787386332087239182442E+00 -0.127623840208527722230141E-23 -0.318156280929364630953256E-08 -0.370612993553127045842643E+00
     30
 -0.735603589253645469562207E-09  0.707106781186547572737311E+00  0.707106781186547572737311E+00 -0.933045776679966286927411E-09
  0.735603589253645469562207E-09  0.707106781186547572737311E+00 -0.707106781186547572737311E+00  0.933045776679966080132258E-09
 -0.329430615703459883647497E+00  0.000000000000000000000000E+00  0.903162874587735248598312E-09  0.944179786606999638109983E+00
 -0.944179786606999638109983E+00  0.000000000000000000000000E+00 -0.141692313721171729028436E-08 -0.329430615703459883647497E+00
     31
  0.225514371860596694509789E-09 -0.707106781186548238871126E+00 -0.707106781186546684558891E+00  0.290750578203222678110087E-09
 -0.225514371860599512093751E-09 -0.707106781186546795581194E+00  0.707106781186548460915731E+00 -0.290750578203223040001605E-09
 -0.303444839197832771926500E+00  0.417316301539965298206390E-24  0.295019345363783909504460E-09  0.952849006697389255826636E+00
 -0.952849006697389255826636E+00  0.666114663038248133114051E-24 -0.428659525468543223024115E-09 -0.303444839197832771926500E+00
     32
  0.873823568638490147234517E-09  0.707106781186547683759613E+00  0.707106781186547128648101E+00  0.681273212928768921749835E-09
  0.873823568638491801595742E-09 -0.707106781186547239670404E+00  0.707106781186547572737311E+00  0.681273212928769335340141E-09
  0.291420569420880071209723E+00  0.321002921658008058698581E-24  0.561516932324401007190260E-09 -0.956595030155608760935593E+00
  0.956595030155608538890988E+00  0.531202462829888002757929E-24 -0.146290809685401590695916E-08  0.291420569420880126720874E+00
     33
  0.283061647828318997548277E-09 -0.707106781186547794781916E+00 -0.707106781186547239670404E+00  0.240784522344861298101829E-09
  0.283061647828318997548277E-09  0.707106781186547239670404E+00 -0.707106781186547794781916E+00  0.240784522344861659993347E-09
 -0.288001701947795174518774E+00 -0.113020426683296177542183E-24  0.210802954184528456781962E-09  0.957629897024509846303886E+00
 -0.957629897024509846303886E+00 -0.189063456048598605355084E-24 -0.481419119622322760416417E-09 -0.288001701947795174518774E+00
     34
 -0.607945949396615072919041E-09  0.707106781186547794781916E+00 -0.707106781186547239670404E+00 -0.276314299307639410881860E-09
  0.607945949396615486509347E-09  0.707106781186547350692706E+00  0.707106781186547683759613E+00  0.276314299307639565978225E-09
 -0.288661118102861380396718E+00  0.000000000000000000000000E+00 -0.125952201733248579453383E-09  0.957431333775747073211448E+00
  0.957431333775746962189146E+00  0.000000000000000000000000E+00 -0.935965490734195373220481E-09  0.288661118102861435907869E+00
     35
  0.257044686592121165473493E-09 -0.707106781186547794781916E+00 -0.707106781186547350692706E+00  0.192227177044880426047719E-09
  0.257044686592121113774705E-09  0.707106781186547350692706E+00 -0.707106781186547794781916E+00  0.192227177044880632842872E-09
  0.290267237217974261032083E+00  0.902969593780130306362920E-25 -0.154629096145356864117580E-09 -0.956945625935896271307968E+00
 -0.956945625935896271307968E+00 -0.149904668135131863949261E-24 -0.426774460742250029989903E-09 -0.290267237217974261032083E+00
     36
  0.505633241009485428463937E-09 -0.707106781186545574335867E+00  0.707106781186549460116453E+00  0.287424992038555573982173E-09
 -0.505633241009480982368145E-09 -0.707106781186549127049545E+00 -0.707106781186545574335867E+00 -0.287424992038554281512466E-09
 -0.290637316238871512563691E+00 -0.133939111063104920737779E-24 -0.181106830257451694714125E-09  0.956833292903976229126783E+00
  0.956833292903976229126783E+00  0.221851389814517003055646E-24 -0.802344585894837261591720E-09  0.290637316238871512563691E+00
     37
  0.318925880561528874285732E-09  0.707106781186547461715008E+00  0.707106781186547350692706E+00  0.207058076063888232742429E-09
  0.318925880561528874285732E-09 -0.707106781186547461715008E+00  0.707106781186547350692706E+00  0.207058076063888232742429E-09
  0.288158509101927695628120E+00  0.000000000000000000000000E+00  0.150435660293678923418971E-09 -0.957582724171731403117747E+00
  0.957582724171731292095444E+00  0.000000000000000000000000E+00 -0.516277483651240615371502E-09  0.288158509101927751139272E+00
     38
  0.228183688603382416503996E-09 -0.707106781186546684558891E+00  0.707106781186548460915731E+00  0.234892767608414815483720E-09
 -0.228183688603382106311266E-09 -0.707106781186548460915731E+00 -0.707106781186546684558891E+00 -0.234892767608414143399473E-09
 -0.281599879311269674087015E+00  0.109575169121589559875765E-24 -0.227873061903496076316726E-09  0.959531921288644840117854E+00
  0.959531921288644840117854E+00 -0.186133907290022304364407E-24 -0.403185757872729861339325E-09  0.281599879311269674087015E+00
     39
  0.148018852392764954598823E-09  0.707106781186547572737311E+00  0.707106781186547350692706E+00  0.408644997194320396615375E-09
 -0.148018852392764980448217E-09  0.707106781186547350692706E+00 -0.707106781186547572737311E+00 -0.408644997194320396615375E-09
  0.270057566761235601227042E+00  0.000000000000000000000000E+00  0.499907304822836392583614E-09 -0.962844177754116459233558E+00
 -0.962844177754116459233558E+00  0.000000000000000000000000E+00  0.357621749025422824177043E-09 -0.270057566761235601227042E+00
     40
  0.356626336369519007124221E-10  0.707106781186547017625799E+00  0.707106781186547905804218E+00 -0.313814662465011358565776E-09
 -0.356626336369518619383309E-10  0.707106781186547905804218E+00 -0.707106781186546906603496E+00  0.313814662465010996674258E-09
 -0.252972601907053340486442E+00  0.000000000000000000000000E+00  0.442124257864850458844362E-09  0.967473442883253209600980E+00
  0.967473442883253098578678E+00  0.000000000000000000000000E+00  0.634751497584845369983712E-10  0.252972601907053395997593E+00
     41
 -0.140004806525380176209478E-09 -0.707106781186547683759613E+00 -0.707106781186547239670404E+00  0.340152067862888649460496E-09
 -0.140004806525379788468566E-09  0.707106781186547239670404E+00 -0.707106781186547683759613E+00  0.340152067862888649460496E-09
  0.230173765855370388022649E+00 -0.153443803869020373654593E-24 -0.513704964218987010318470E-09 -0.973149545297102402940936E+00
 -0.973149545297102402940936E+00  0.310028759016430564659209E-24  0.819558416464982237975205E-10 -0.230173765855370388022649E+00
     42
 -0.253311831421817088439484E-09  0.707106781186547128648101E+00 -0.707106781186547683759613E+00  0.363771549441971348355241E-09
 -0.253311831421816778246754E-09 -0.707106781186547794781916E+00 -0.707106781186547017625799E+00  0.363771549441971038162511E-09
  0.201903057168093674755838E+00  0.000000000000000000000000E+00 -0.576185006406821566968372E-09 -0.979405511270064921269807E+00
  0.979405511270064810247504E+00  0.000000000000000000000000E+00 -0.246990375773214013206662E-09  0.201903057168093702511413E+00
     43
  0.370877661293444264359990E-09 -0.707106781186547683759613E+00  0.707106781186547239670404E+00 -0.384971437905375274175337E-09
  0.370877661293444471155143E-09  0.707106781186547239670404E+00  0.707106781186547683759613E+00 -0.384971437905375532669279E-09
  0.168782530330032543020025E+00  0.000000000000000000000000E+00 -0.625147491998798759978459E-09 -0.985653315043068967149509E+00
  0.985653315043068967149509E+00  0.000000000000000000000000E+00 -0.425084688131710791887202E-09  0.168782530330032543020025E+00
     44
 -0.724771733850859336616486E-09  0.707106781186546795581194E+00  0.707106781186548127848823E+00  0.655340940385689279963649E-09
  0.724771733850859336616486E-09  0.707106781186548238871126E+00 -0.707106781186546684558891E+00 -0.655340940385688245987883E-09
  0.131696961510002902295824E+00 -0.277140020470398844099323E-24  0.105370671120324576648883E-08 -0.991290023317612511988273E+00
  0.991290023317612400965970E+00 -0.905186619817080861304613E-24  0.893998639732232696961644E-09  0.131696961510002874540248E+00
     45
  0.859443738630906789508228E-09 -0.707106781186547017625799E+00 -0.707106781186548127848823E+00 -0.713360447649183453987721E-09
 -0.859443738630905652134886E-09 -0.707106781186548127848823E+00  0.707106781186547017625799E+00  0.713360447649182316614378E-09
 -0.916053490692047417409682E-01  0.000000000000000000000000E+00 -0.111594276494509670105943E-08  0.995795390641023736577608E+00
 -0.995795390641023736577608E+00  0.000000000000000000000000E+00 -0.111791115547352470690882E-08 -0.916053490692047556187561E-01
     46
  0.693943538555970782525458E-09 -0.707106781186547350692706E+00  0.707106781186547572737311E+00 -0.445796276746474923567025E-09
 -0.693943538555972436886683E-09 -0.707106781186547683759613E+00 -0.707106781186547239670404E+00  0.445796276746475026964602E-09
  0.493369176546376297931573E-01 -0.178565124825312311005065E-24 -0.678101863157778096457889E-09 -0.998782192750921726798197E+00
 -0.998782192750921615775894E+00  0.141291917136079059803249E-23  0.949084932518375398515799E-09 -0.493369176546376228542634E-01
     47
 -0.772564554738173960129502E-09  0.707106781186547683759613E+00 -0.707106781186547572737311E+00  0.468036636438854486416865E-09
  0.772564554738156692734215E-09  0.707106781186547572737311E+00  0.707106781186547683759613E+00 -0.468036636438854383019288E-09
 -0.544946205410312342620749E-02 -0.182373721695454344828410E-24  0.667847856997004129518590E-09  0.999985151571422536953548E+00
 -0.999985151571422536953548E+00 -0.122510513566317791143272E-22  0.108894813975581797344677E-08 -0.544946205410312429356923E-02
     48
  0.827687794786479209752084E-09  0.707106781186547683759613E+00  0.707106781186547572737311E+00 -0.489512435530591993867758E-09
  0.827687794786479209752084E-09 -0.707106781186547461715008E+00  0.707106781186547794781916E+00 -0.489512435530592097265334E-09
 -0.397942125066142113332113E-01  0.000000000000000000000000E+00 -0.645146559493296422494643E-09 -0.999207896611600254743735E+00
 -0.999207896611600476788340E+00  0.000000000000000000000000E+00  0.119714866960171482713788E-08  0.397942125066142182721052E-01
     49
  0.855060190127214340698934E-09 -0.707106781186547572737311E+00  0.707106781186547572737311E+00 -0.506092474814621090394367E-09
  0.855060190127208964024953E-09  0.707106781186547350692706E+00  0.707106781186547461715008E+00 -0.506092474814621710779827E-09
  0.863205462844036791603131E-01  0.372325007244991397214535E-24  0.608669275801447752308407E-09  0.996267415551247537131019E+00
  0.996267415551247648153321E+00  0.133869057457314981523227E-23 -0.126650583291543264256699E-08 -0.863205462844036791603131E-01
     50
 -0.851768181633307726122557E-09  0.707106781186547461715008E+00 -0.707106781186547461715008E+00  0.511771134578625998321487E-09
 -0.851768181633306898941944E-09 -0.707106781186547461715008E+00 -0.707106781186547461715008E+00  0.511771134578626205116640E-09
  0.134046088928204493173624E+00  0.186183273291287254795743E-24  0.555752352520580619867843E-09  0.990975098598875892008664E+00
  0.990975098598875892008664E+00  0.387962309213707791931320E-24 -0.129072722971565585202302E-08 -0.134046088928204493173624E+00
     51
 -0.378424705966435042216357E-23  0.100000000000000000000000E+01 -0.304209609749718670773537E-14  0.201762140182845522870639E-23
 -0.115487838945739734308859E-08 -0.304209609749718670773537E-14 -0.999999999999999888977698E+00  0.706764654414864845189890E-09
  0.182659631782235043484519E+00  0.179696744432899689011786E-24  0.483924532561181273713742E-09  0.983176209495112973790754E+00
  0.983176209495112862768451E+00  0.242248209976412260597630E-24 -0.126454632890666299309666E-08 -0.182659631782235071240095E+00
     52
  0.000000000000000000000000E+00  0.100000000000000000000000E+01  0.000000000000000000000000E+00  0.000000000000000000000000E+00
 -0.113684726288030457313684E-08  0.000000000000000000000000E+00  0.100000000000000000000000E+01  0.163878049686943338885259E-08
  0.231486374795441290919129E+00  0.000000000000000000000000E+00 -0.133110350297085283983047E-08  0.972838145985273738958199E+00
 -0.972838145985273849980501E+00  0.000000000000000000000000E+00 -0.148532384780141636569217E-08  0.231486374795441290919129E+00
     53
 -0.230449327690988401820662E-23  0.100000000000000000000000E+01 -0.234699242439147531951142E-14  0.121443046005465877751110E-23
  0.927017070504918435377568E-09  0.234699242439147531951142E-14  0.100000000000000000000000E+01 -0.566229182036167514551658E-09
 -0.279522648292078290666041E+00 -0.145940929684790903614360E-24 -0.284536478975669332407056E-09 -0.960139098824635439655140E+00
  0.960139098824635439655140E+00  0.916507202980116782585131E-25 -0.104833932176950558440243E-08 -0.279522648292078290666041E+00
     54
  0.000000000000000000000000E+00 -0.100000000000000000000000E+01  0.000000000000000000000000E+00  0.000000000000000000000000E+00
 -0.757943055368136765225960E-09  0.000000000000000000000000E+00 -0.999999999999999888977698E+00  0.434599594924334773963511E-09
  0.325660108047752472337777E+00  0.000000000000000000000000E+00  0.164076482418951718179945E-09  0.945486908437301432073241E+00
  0.945486908437301321050938E+00  0.000000000000000000000000E+00 -0.858156777291843750592113E-09 -0.325660108047752527848928E+00
     55
 -0.545488222744332905891653E-23  0.999999999999999888977698E+00 -0.928589921595551075318685E-14  0.218113356528058254062483E-23
  0.560820941552471581000839E-09  0.906385461103047944510213E-14  0.100000000000000000000000E+01 -0.260692219415928101150156E-09
 -0.369006565850023560138027E+00 -0.220768057445353664446079E-24 -0.353476405284525098302882E-10 -0.929426788057871933190768E+00
  0.929426788057871933190768E+00  0.635352835821693403945804E-25 -0.617439353387401894670252E-09 -0.369006565850023560138027E+00
     56
 -0.180232228709477288122872E-23  0.100000000000000000000000E+01 -0.521231342318682437180469E-14  0.210098941402090905306791E-24
  0.344290952650020020305245E-09  0.521231342318682437180469E-14  0.100000000000000000000000E+01 -0.424638127723611607312740E-10
  0.409148505653448513186277E+00  0.134313257383973955820318E-25 -0.102119266634363514286000E-09  0.912467807827514576501926E+00
  0.912467807827514576501926E+00  0.249271945922083322525127E-26 -0.331528416359569836485784E-09 -0.409148505653448513186277E+00
     57
 -0.873887485009806010092208E-22  0.999999999999999888977698E+00 -0.692091452729815283456254E-13  0.536315049027792973603751E-23
 -0.126212931843133544543818E-08 -0.689871006680564970375407E-13 -0.999999999999999888977698E+00  0.780936690810605498557315E-10
 -0.446245394961074015593994E+00 -0.287766023642427171258495E-25  0.493332541084618486767103E-09 -0.894910636586712437967606E+00
  0.894910636586712437967606E+00  0.324298559008349909214701E-26 -0.116434189201517748694462E-08 -0.446245394961074015593994E+00
     58
 -0.893746972926615554096269E-10  0.000000000000000000000000E+00  0.100000000000000000000000E+01  0.553085696198354909155774E-09
  0.000000000000000000000000E+00 -0.100000000000000000000000E+01  0.000000000000000000000000E+00  0.000000000000000000000000E+00
 -0.480946176025005944776325E+00  0.000000000000000000000000E+00  0.441933532513860095774844E-09 -0.876750121623558253958208E+00
 -0.876750121623558253958208E+00  0.000000000000000000000000E+00 -0.344363727322136468058387E-09  0.480946176025005944776325E+00
     59
 -0.174287090907246368566258E-08  0.588817544587359422389788E-14 -0.999999999999999777955395E+00  0.973441529276028669411979E-09
 -0.897279412323630301540093E-23 -0.999999999999999888977698E+00 -0.566613084094856291581316E-14  0.681758266069094335593264E-23
  0.514185593405471763617243E+00  0.128787071098490694720888E-23 -0.612586929792752533772869E-10  0.857678946654435780949655E+00
  0.857678946654435669927352E+00  0.365460352282355720755461E-25 -0.199535310538126886310806E-08 -0.514185593405471874639545E+00
     60
  0.384222755533956781894846E-09 -0.108012517658789017052950E-14 -0.100000000000000022204460E+01 -0.124489800455366514665183E-08
  0.469875685353225615905117E-26 -0.100000000000000000000000E+01  0.108012517658789076217518E-14  0.197556253150126681193762E-23
 -0.546918044365112154814312E+00 -0.757740419530618164866585E-24  0.832072951025203320449596E-09 -0.837186151789338528494966E+00
 -0.837186151789338528494966E+00 -0.631343474370257290369924E-26 -0.100252324516622137358763E-08  0.546918044365112265836615E+00
     61
  0.171019275956527208192575E-08  0.000000000000000000000000E+00  0.100000000000000000000000E+01 -0.182395821594745596796098E-08
 -0.579823480502392629709618E+00  0.000000000000000000000000E+00 -0.494445675943927385223250E-09 -0.814742125741692246876369E+00
  0.000000000000000000000000E+00 -0.100000000000000000000000E+01  0.000000000000000000000000E+00  0.000000000000000000000000E+00
  0.814742125741692246876369E+00  0.000000000000000000000000E+00 -0.245093988541784906735554E-08 -0.579823480502392629709618E+00
     62
  0.190318910531921358263701E-14  0.933498513458143902566989E-15 -0.999999999999999888977698E+00  0.274428276410712698531450E-14
 -0.580630098534335448157151E+00  0.519437952900211160091620E-28 -0.346828044641836909120795E-14 -0.814167481956880823013023E+00
  0.283802873110817542281713E-28  0.100000000000000000000000E+01  0.933498513458143902566989E-15  0.397314611217015514587020E-28
  0.814167481956880711990721E+00  0.395430403777764174644901E-32  0.136883006709835717589330E-15 -0.580630098534335559179453E+00
     63
 -0.356029673350522903918275E-08  0.988162014669373701878288E-15 -0.999999999999999888977698E+00  0.357521399848260596270272E-08
  0.581434332657580044134704E+00 -0.405557211154180129078972E-22  0.838691658665517249575310E-09  0.813593336260219346378619E+00
  0.256902644598758177270762E-22  0.999999999999999888977698E+00  0.766117409744355015568045E-15  0.294660010220888445753527E-22
  0.813593336260219457400922E+00  0.520650880507021566039689E-26 -0.497538568215064881853998E-08 -0.581434332657580266179309E+00
     64
  0.687919096052897563045917E-09  0.000000000000000000000000E+00  0.100000000000000000000000E+01 -0.145864528095042203311598E-08
  0.582236179246055307601182E+00  0.000000000000000000000000E+00  0.785375961701448714633970E-09  0.813019699378160987102149E+00
  0.000000000000000000000000E+00  0.100000000000000000000000E+01  0.000000000000000000000000E+00  0.000000000000000000000000E+00
  0.813019699378160876079846E+00  0.000000000000000000000000E+00 -0.140856783192526812593958E-08 -0.582236179246055307601182E+00
     65
 -0.222360719690530626651740E-08  0.000000000000000000000000E+00  0.999999999999999888977698E+00  0.556562497863396365485195E-09
 -0.583035640214817019177929E+00  0.000000000000000000000000E+00 -0.844264819295419656251876E-09 -0.812446578083321213625823E+00
  0.000000000000000000000000E+00 -0.100000000000000000000000E+01  0.000000000000000000000000E+00  0.000000000000000000000000E+00
 -0.812446578083321102603520E+00  0.000000000000000000000000E+00 -0.213105764998912542485446E-08  0.583035640214817130200231E+00
     66
 -0.165118692019957540997154E-08  0.000000000000000000000000E+00  0.999999999999999888977698E+00  0.378555655198062311849144E-09
 -0.583832736349980008228044E+00  0.000000000000000000000000E+00 -0.656677367234898601109445E-09 -0.811873965567374789031874E+00
  0.000000000000000000000000E+00 -0.100000000000000000000000E+01  0.000000000000000000000000E+00  0.000000000000000000000000E+00
 -0.811873965567374678009571E+00  0.000000000000000000000000E+00 -0.156156867655822009793639E-08  0.583832736349980119250347E+00
     67
  0.170469747870646742762547E-08  0.973730467027900336489500E-15 -0.999999999999999777955395E+00 -0.288359219327109111072812E-09
  0.584627478985017989820960E+00  0.118725686285006993718420E-23  0.762666617926688288429854E-09  0.811301861710930771742767E+00
  0.192611996131939009256914E-23 -0.999999999999999888977698E+00 -0.751685862102867450682964E-15  0.682634906776522311317083E-24
 -0.811301861710930771742767E+00  0.334163089133617808884964E-27 -0.155160696156578743211081E-08  0.584627478985017878798658E+00
     68
  0.176562976019673539427783E-08 -0.913123555754831305548653E-15 -0.100000000000000000000000E+01 -0.188289568285898731838282E-09
 -0.585419860300222860693964E+00  0.628842933234491569443319E-24 -0.880982673108917278154869E-09 -0.810730280158615701502356E+00
  0.198021940887662330486091E-23  0.100000000000000000000000E+01 -0.913123555754831305548653E-15  0.338002910783284774142818E-24
 -0.810730280158615701502356E+00 -0.192243992241814003299715E-27 -0.154167796290260882913484E-08  0.585419860300222860693964E+00
     69
  0.110074253751388324232974E-08  0.966685056523859017708628E-15 -0.999999999999999777955395E+00 -0.157302666043586411475715E-09
  0.586209910540213652296870E+00  0.490282730326659601045380E-24  0.517825851088743787102294E-09  0.810159207060213826245842E+00
  0.108025084303144127210991E-23 -0.999999999999999888977698E+00 -0.744640451598827906839128E-15  0.245238149953453946388939E-24
 -0.810159207060213715223540E+00  0.159019031771149014578218E-27 -0.983988903267362066708202E-09  0.586209910540213763319173E+00
     70
  0.114213140807709039031416E-08  0.906545109572740510841434E-15 -0.100000000000000000000000E+01 -0.892336964938510977140467E-10
  0.586997623582897198879493E+00  0.233308371233457766316098E-24  0.598185899227194637686134E-09  0.809588654755012737673781E+00
 -0.117228138353718326796443E-23  0.100000000000000000000000E+01  0.906545109572740510841434E-15 -0.108035638707812114341662E-24
 -0.809588654755012848696083E+00  0.787046856367744537849517E-28 -0.977036687886384488630676E-09  0.586997623582897198879493E+00
     71
 -0.185306850022384875298408E-08  0.959750907563867263409003E-15 -0.999999999999999777955395E+00  0.168150780529742350168803E-08
 -0.587783004365467820484525E+00  0.421214031077486608372428E-23 -0.271169097072240004132685E-09 -0.809018627584744964842400E+00
 -0.355749916456080385199019E-23 -0.999999999999999888977698E+00 -0.737706302638835856716664E-15 -0.179472475585814426540199E-23
  0.809018627584744853820098E+00  0.145193829060438054438343E-26 -0.248752846489511564692903E-08 -0.587783004365467820484525E+00
     72
  0.124819286896689171221410E-08  0.000000000000000000000000E+00 -0.100000000000000000000000E+01  0.779895452029289070847562E-10
 -0.588566062835963799138028E+00  0.000000000000000000000000E+00 -0.797694607564941084846492E-09 -0.808449126214984659100082E+00
  0.000000000000000000000000E+00 -0.100000000000000000000000E+01  0.000000000000000000000000E+00  0.000000000000000000000000E+00
 -0.808449126214984659100082E+00  0.000000000000000000000000E+00 -0.963198524457486242035905E-09  0.588566062835963799138028E+00
     73
 -0.373951698256654055562478E-09  0.000000000000000000000000E+00  0.100000000000000022204460E+01  0.200563210471550032691832E-09
  0.589346808342574357553190E+00  0.000000000000000000000000E+00  0.583562683730751777466378E-10  0.807880151691091397125888E+00
  0.000000000000000000000000E+00 -0.100000000000000000000000E+01  0.000000000000000000000000E+00  0.000000000000000000000000E+00
 -0.807880151691091508148190E+00  0.000000000000000000000000E+00 -0.420309532367786661523562E-09  0.589346808342574468575492E+00
     74
  0.182143137517037605522022E-08  0.000000000000000000000000E+00  0.100000000000000022204460E+01 -0.168978053627885300673884E-08
 -0.590125261876726758814016E+00  0.000000000000000000000000E+00 -0.289306924181747725542943E-09 -0.807311696493321240275520E+00
  0.000000000000000000000000E+00  0.100000000000000000000000E+01  0.000000000000000000000000E+00  0.000000000000000000000000E+00
  0.807311696493321351297823E+00  0.000000000000000000000000E+00 -0.246764503502076446979862E-08 -0.590125261876726758814016E+00
     75
  0.180545069200328604380756E-08 -0.134816231769345864792113E-14  0.100000000000000022204460E+01 -0.169986527816771957532995E-08
  0.590901411122591868618770E+00 -0.287156451252191698967472E-23  0.304512308317445221385396E-09  0.806743777375028559006864E+00
 -0.416487819864098312173915E-23 -0.100000000000000000000000E+01 -0.134816231769345845070591E-14  0.000000000000000000000000E+00
  0.806743777375028670029167E+00 -0.421770673714591380898568E-25 -0.246098899228519526450015E-08 -0.590901411122591868618770E+00
     76
  0.165227710218142903960951E-08  0.000000000000000000000000E+00 -0.100000000000000000000000E+01  0.669696676742465833025864E-09
 -0.591675271480313402783224E+00  0.000000000000000000000000E+00 -0.151750521848474560534670E-08 -0.806176390821945143549954E+00
  0.000000000000000000000000E+00  0.100000000000000000000000E+01  0.000000000000000000000000E+00  0.000000000000000000000000E+00
 -0.806176390821945143549954E+00  0.000000000000000000000000E+00 -0.935783917356863815290588E-09  0.591675271480313402783224E+00
     77
  0.184138450136087908600769E-08  0.000000000000000000000000E+00 -0.100000000000000000000000E+01  0.935869280658772526716824E-09
