      1
 -0.277283513433430303569979E-24  0.100000000000000000000000E+01  0.951535505231124176597429E-13  0.353745345149468389601263E-24
  0.292662600423263930506505E-11  0.951535505231124302815174E-13 -0.999999999999999888977698E+00 -0.372755864060621137276358E-11
 -0.656098137613211562779725E+00  0.149750119038529015589465E-26 -0.473339703984888467733066E-11  0.754675581836642739297361E+00
  0.754675581836642628275058E+00 -0.282020759133952293983340E-27 -0.236823527741840197924524E-12  0.656098137613211673802027E+00
      2
 -0.791419511007057867213210E-17  0.708424877806783537259605E+00 -0.705786222948878272376305E+00  0.714006232898288971385891E-16
  0.794378314777177582120377E-17  0.705786222948878383398608E+00  0.708424877806783426237303E+00 -0.716675619114330322868350E-16
 -0.618428992495106744087252E+00  0.000000000000000000000000E+00  0.223752758950919059827208E-15  0.785840684389327748249343E+00
 -0.785840684389327637227041E+00  0.000000000000000000000000E+00  0.120740395609509279823294E-15 -0.618428992495106855109555E+00
      3
  0.324983045538397679313366E-11  0.708299822045261762148982E+00 -0.705911724007081797793717E+00 -0.405634402671138777713586E-11
 -0.326082462571858132776219E-11  0.705911724007081575749112E+00  0.708299822045261651126680E+00  0.407006663094494616794859E-11
  0.601514225354327747297134E+00  0.689824211032702769596230E-26  0.735980550739243734978367E-11 -0.798862088658851554612284E+00
  0.798862088658851443589981E+00  0.173803088001868988460510E-26  0.221476598010030878059494E-12  0.601514225354327858319436E+00
      4
 -0.430710506224621689719559E-11  0.708097430484661116700806E+00 -0.706114742050483190638488E+00  0.531671834111273822225248E-11
 -0.431919891453843333233123E-11 -0.706114742050483079616185E+00 -0.708097430484661005678504E+00  0.533164707058820810410061E-11
  0.571226949986918697277360E+00 -0.915847944480083588215299E-26 -0.966464000884380344165852E-11 -0.820792161030209799221780E+00
 -0.820792161030209688199477E+00  0.275822824019083042778764E-26  0.705712444979516159305687E-12 -0.571226949986918808299663E+00
      5
  0.000000000000000000000000E+00  0.708097430484898704428076E+00  0.706114742050245047799706E+00  0.000000000000000000000000E+00
  0.000000000000000000000000E+00  0.706114742050245047799706E+00 -0.708097430484898704428076E+00  0.000000000000000000000000E+00
  0.557722450904831301699005E+00  0.000000000000000000000000E+00  0.000000000000000000000000E+00 -0.830027510240900490146032E+00
  0.830027510240900490146032E+00  0.000000000000000000000000E+00  0.000000000000000000000000E+00  0.557722450904831301699005E+00
      6
  0.000000000000000000000000E+00  0.707769827694942899043440E+00  0.706443112362680536442383E+00  0.000000000000000000000000E+00
  0.000000000000000000000000E+00 -0.706443112362680536442383E+00  0.707769827694942899043440E+00  0.000000000000000000000000E+00
  0.522941964198344155789755E+00  0.000000000000000000000000E+00  0.000000000000000000000000E+00 -0.852368290165922082302075E+00
  0.852368290165922082302075E+00  0.000000000000000000000000E+00  0.000000000000000000000000E+00  0.522941964198344155789755E+00
      7
  0.837512469644487733691770E-11  0.707769827694942565976532E+00 -0.706443112362680758486988E+00 -0.100495689990260741832587E-10
  0.839085336043767137687681E-11 -0.706443112362680869509290E+00 -0.707769827694942454954230E+00 -0.100684423053692240800750E-10
  0.513028951878224614979729E+00  0.000000000000000000000000E+00  0.182930845157999793171954E-10 -0.858371303419872111462041E+00
  0.858371303419872000439739E+00  0.000000000000000000000000E+00  0.287833721038122375137834E-11  0.513028951878224726002031E+00
      8
  0.122213322731209526992795E-10 -0.707567290069231025206875E+00 -0.706645972198302940725512E+00 -0.144626503122718053375071E-10
  0.122372663225215882793375E-10  0.706645972198302940725512E+00 -0.707567290069231025206875E+00 -0.144815065694612739432153E-10
  0.487364436833923775349575E+00  0.947548266417830803920952E-26  0.263003121411475355723805E-10 -0.873198663369082583862735E+00
  0.873198663369082583862735E+00  0.519538412408827706810300E-26  0.512713540224581482291168E-11  0.487364436833923775349575E+00
      9
  0.000000000000000000000000E+00 -0.709810278883702516772303E+00 -0.704392907396887646420680E+00  0.000000000000000000000000E+00
  0.000000000000000000000000E+00 -0.704392907396887646420680E+00  0.709810278883702516772303E+00  0.000000000000000000000000E+00
  0.479936174210946309148795E+00  0.000000000000000000000000E+00  0.000000000000000000000000E+00 -0.877303407427419190689477E+00
  0.877303407427419190689477E+00  0.000000000000000000000000E+00  0.000000000000000000000000E+00  0.479936174210946309148795E+00
     10
 -0.245042383662608183229162E-10 -0.711394449238864412521366E+00 -0.702792954996087182450992E+00  0.287001574039217849309910E-10
 -0.248041461324565445758892E-10  0.702792954996087404495597E+00 -0.711394449238864523543668E+00  0.290514190904849197092233E-10
 -0.448069320409014815176363E+00  0.219086924593499620675896E-25  0.521312911963838708891858E-10  0.893998816614543168057594E+00
 -0.893998816614543168057594E+00  0.169305582584361793661419E-25  0.128730659770503286005073E-10 -0.448069320409014815176363E+00
     11
 -0.273664717775435266950805E-10 -0.710012178703548491043307E+00 -0.704189396464218519966494E+00  0.320236752347350700385829E-10
 -0.275927589193543701791274E-10  0.704189396464218519966494E+00 -0.710012178703548491043307E+00  0.322884717345561993413477E-10
 -0.442270961146321250900826E+00  0.125070855197100791963443E-25  0.579741796486247171740636E-10  0.896881484325944389190965E+00
 -0.896881484325944389190965E+00  0.101637682269826788491141E-25  0.147421562102197289121866E-10 -0.442270961146321250900826E+00
     12
 -0.608971642405216934165765E-10  0.709281423997086046817628E+00 -0.704925429795709490576883E+00  0.711397448493388879383698E-10
 -0.612734702767343840701175E-10 -0.704925429795709601599185E+00 -0.709281423997085935795326E+00  0.715793435685124998653663E-10
 -0.436527554028489361837018E+00 -0.284878152547843249867536E-25  0.128505987856216145747758E-09  0.899690888346605599501515E+00
 -0.899690888346605488479213E+00 -0.243056092218167426854154E-25  0.336692432998845286491565E-10 -0.436527554028489417348169E+00
     13
 -0.337628991743825344938401E-10  0.708954375852422824522137E+00 -0.705254346289125422231336E+00  0.393072913047854997134480E-10
 -0.339400320424678471245694E-10 -0.705254346289125422231336E+00 -0.708954375852422824522137E+00  0.395135121393625552193961E-10
 -0.430805898370886841686200E+00 -0.161484062534485664833253E-25  0.709218023657755370044329E-10  0.902444612111376831542486E+00
 -0.902444612111376831542486E+00 -0.144434093227517205755160E-25  0.191921305800049209808120E-10 -0.430805898370886841686200E+00
     14
  0.292099625059215951753838E-16  0.708627175177896639901576E+00 -0.705583111050281930332062E+00  0.000000000000000000000000E+00
  0.293359816773568431608509E-16 -0.705583111050282041354365E+00 -0.708627175177896528879273E+00  0.000000000000000000000000E+00
  0.425098978074502642510168E+00  0.695639389252137318050119E-32 -0.767925468441753305243151E-16 -0.905146871419226339838815E+00
  0.905146871419226228816513E+00  0.148119814277041169822473E-31 -0.163511410540576831568922E-15  0.425098978074502698021320E+00
     15
  0.000000000000000000000000E+00  0.708299822045474480880500E+00 -0.705911724006868412928384E+00  0.000000000000000000000000E+00
  0.000000000000000000000000E+00  0.705911724006868412928384E+00  0.708299822045474480880500E+00  0.000000000000000000000000E+00
  0.419437698229367050828387E+00  0.000000000000000000000000E+00  0.000000000000000000000000E+00 -0.907784124835883332593767E+00
  0.907784124835883332593767E+00  0.000000000000000000000000E+00  0.000000000000000000000000E+00  0.419437698229367050828387E+00
     16
  0.000000000000000000000000E+00  0.708097430484898704428076E+00 -0.706114742050245047799706E+00  0.000000000000000000000000E+00
  0.000000000000000000000000E+00  0.706114742050245047799706E+00  0.708097430484898704428076E+00  0.000000000000000000000000E+00
  0.413905949070051848437402E+00  0.000000000000000000000000E+00  0.000000000000000000000000E+00 -0.910319650081453435319645E+00
  0.910319650081453435319645E+00  0.000000000000000000000000E+00  0.000000000000000000000000E+00  0.413905949070051848437402E+00
     17
  0.000000000000000000000000E+00  0.708627175177918844362068E+00 -0.705583111050259725871570E+00  0.000000000000000000000000E+00
  0.000000000000000000000000E+00 -0.705583111050259725871570E+00 -0.708627175177918844362068E+00  0.000000000000000000000000E+00
  0.408658681141925883562038E+00  0.000000000000000000000000E+00  0.000000000000000000000000E+00 -0.912687286165059896703156E+00
  0.912687286165059896703156E+00  0.000000000000000000000000E+00  0.000000000000000000000000E+00  0.408658681141925883562038E+00
     18
  0.000000000000000000000000E+00 -0.708299822045474258835895E+00 -0.705911724006868745995291E+00  0.000000000000000000000000E+00
  0.000000000000000000000000E+00  0.705911724006868745995291E+00 -0.708299822045474258835895E+00  0.000000000000000000000000E+00
  0.403942755462882219230636E+00  0.000000000000000000000000E+00  0.000000000000000000000000E+00 -0.914784264353653009393952E+00
  0.914784264353653009393952E+00  0.000000000000000000000000E+00  0.000000000000000000000000E+00  0.403942755462882219230636E+00
     19
  0.000000000000000000000000E+00 -0.707769827694942565976532E+00 -0.706443112362680869509290E+00  0.000000000000000000000000E+00
  0.000000000000000000000000E+00  0.706443112362680869509290E+00 -0.707769827694942565976532E+00  0.000000000000000000000000E+00
  0.400118722525702963377370E+00  0.000000000000000000000000E+00  0.000000000000000000000000E+00 -0.916463315078350326814416E+00
  0.916463315078350326814416E+00  0.000000000000000000000000E+00  0.000000000000000000000000E+00  0.400118722525702963377370E+00
     20
  0.000000000000000000000000E+00  0.706911442752828245161822E+00 -0.707302065672874236135215E+00  0.000000000000000000000000E+00
  0.000000000000000000000000E+00 -0.707302065672874236135215E+00 -0.706911442752828245161822E+00  0.000000000000000000000000E+00
  0.397679361447481782843028E+00  0.000000000000000000000000E+00  0.000000000000000000000000E+00 -0.917524454975846115445393E+00
  0.917524454975846115445393E+00  0.000000000000000000000000E+00  0.000000000000000000000000E+00  0.397679361447481782843028E+00
     21
 -0.249833322058568209757988E-09  0.708689679812519401913562E+00  0.705520331193388638979513E+00  0.282723487438188832532341E-09
 -0.250955626915382028614882E-09 -0.705520331193388527957211E+00  0.708689679812519512935864E+00  0.283993541970837652923500E-09
 -0.397255143618618911105500E+00  0.000000000000000000000000E+00 -0.508426329171918545898947E-09  0.917708205732383319741530E+00
 -0.917708205732383541786135E+00  0.000000000000000000000000E+00 -0.165778982418944764759147E-09 -0.397255143618618800083198E+00
     22
 -0.135832691759611453269551E-09 -0.707106781186550015227965E+00  0.707106781186544908202052E+00  0.212761382128497267451458E-09
 -0.135832691759613572919870E-09  0.707106781186544797179749E+00  0.707106781186549793183360E+00  0.212761382128498921812683E-09
  0.399581294902090045084719E+00  0.218334781051859523092326E-24  0.352583450326481260229234E-09 -0.916697763040997481986949E+00
  0.916697763040997370964647E+00  0.263988543479431742787159E-24  0.558645470370807710901116E-10  0.399581294902090100595871E+00
     23
 -0.354007369651851061529838E-10  0.707106781186548682960336E+00 -0.707106781186546351491984E+00  0.804388855564358725191254E-10
  0.354007369651853129481369E-10  0.707106781186546351491984E+00  0.707106781186548682960336E+00 -0.804388855564361439377639E-10
  0.405360724378080961027848E+00 -0.422184849706325064336984E-25 -0.124286495579046995930796E-09 -0.914156815394206567759738E+00
 -0.914156815394206567759738E+00  0.509788367007667235675845E-25 -0.346397400134919632181922E-12 -0.405360724378080961027848E+00
     24
 -0.207782183447770674592855E-10  0.707106781186548238871126E+00  0.707106781186546795581194E+00 -0.106657289042334795613718E-09
 -0.207782183447771094645510E-10 -0.707106781186546795581194E+00  0.707106781186548238871126E+00 -0.106657289042335015333568E-09
  0.414861027693399608828884E+00  0.000000000000000000000000E+00 -0.125052925783114451525608E-09 -0.909884788146925971297208E+00
  0.909884788146925971297208E+00  0.000000000000000000000000E+00  0.893128718604976473149043E-10  0.414861027693399608828884E+00
     25
  0.297497628938386006005680E-09  0.707106781186549238071848E+00 -0.707106781186545685358169E+00  0.338412684913629771490086E-09
  0.297497628938387453571752E-09 -0.707106781186545796380472E+00 -0.707106781186549127049545E+00  0.338412684913631477550099E-09
  0.426914450021928237877233E+00  0.000000000000000000000000E+00 -0.253169570192719809478841E-09 -0.904292017194929464984909E+00
  0.904292017194929353962607E+00  0.000000000000000000000000E+00  0.584774273508845289939047E-09  0.426914450021928293388385E+00
     26
 -0.158692331601759233496370E-08  0.708159979097040315210165E+00 -0.706052012252128102787196E+00 -0.822937208984721445846395E-09
  0.159166118472632033315835E-08  0.706052012252128213809499E+00  0.708159979097040204187863E+00  0.825394144623854855466967E-09
 -0.437016007202650991203541E+00  0.454401710576666403325748E-24 -0.661184770607212283893985E-10  0.899453728353300396847203E+00
  0.899453728353300285824901E+00 -0.513612136370744644506748E-24 -0.253097608240754535433475E-08  0.437016007202651046714692E+00
     27
 -0.147799560048436419725017E-08 -0.707106781186547572737311E+00  0.707106781186547350692706E+00 -0.102346803978142655862245E-08
 -0.147799560048436585161139E-08  0.707106781186547350692706E+00  0.707106781186547572737311E+00 -0.102346803978142614503214E-08
  0.435786019765600607378531E+00  0.559674683459621646909983E-24 -0.391854391787499987268167E-09 -0.900050301359238247300709E+00
 -0.900050301359238247300709E+00 -0.631490248696201438406644E-24 -0.251204414424730917323207E-08 -0.435786019765600607378531E+00
     28
  0.248427115953882565516313E-08  0.707106781186548682960336E+00  0.707106781186546240469681E+00  0.143913993713006356774241E-08
  0.248427115953884343954630E-08 -0.707106781186546240469681E+00  0.707106781186548905004940E+00  0.143913993713006770364547E-08
  0.413493802312451252944925E+00  0.152972417201848492642288E-23  0.400386671398512455456938E-09 -0.910506933224119574532551E+00
  0.910506933224119574532551E+00  0.181492863045182060881760E-23 -0.404043873842827032280379E-08  0.413493802312451252944925E+00
     29
 -0.265443394429453736028297E-08  0.707106781186547905804218E+00  0.707106781186547239670404E+00 -0.218407933158886990644437E-08
 -0.265443394429453694669266E-08 -0.707106781186547239670404E+00  0.707106781186547794781916E+00 -0.218407933158887238798621E-08
  0.373294339026527366431907E+00  0.111135096036789478150697E-23 -0.146415456996260362359058E-08 -0.927712960161033883821347E+00
 -0.927712960161033772799044E+00 -0.145817298639813783486711E-23 -0.463558983056387122141874E-08 -0.373294339026527421943058E+00
     30
 -0.119403375661841933710765E-08  0.707106781186547572737311E+00  0.707106781186547683759613E+00 -0.108677138678365930362091E-08
  0.119403375661841954390281E-08  0.707106781186547683759613E+00 -0.707106781186547572737311E+00  0.108677138678365909682575E-08
 -0.332404008986984189633063E+00  0.000000000000000000000000E+00  0.888228995456194050044243E-09  0.943137092266750354241367E+00
 -0.943137092266750354241367E+00  0.000000000000000000000000E+00 -0.210347981204484924571850E-08 -0.332404008986984189633063E+00
     31
  0.372737766417852935891984E-09 -0.707106781186547572737311E+00 -0.707106781186547461715008E+00  0.331075656692342607137155E-09
 -0.372737766417853297783502E-09 -0.707106781186547572737311E+00  0.707106781186547461715008E+00 -0.331075656692342503739578E-09
 -0.302885739174527601758058E+00  0.158234893599400343036811E-24  0.286557982925094836566877E-09  0.953026877377915360156635E+00
 -0.953026877377915249134332E+00  0.253871961362277188164935E-24 -0.644184254903610477898050E-09 -0.302885739174527657269209E+00
     32
  0.132937966134627175654321E-08  0.707106781186547350692706E+00  0.707106781186547572737311E+00  0.717054833619079612355959E-09
 -0.132937966134627030897714E-08  0.707106781186547683759613E+00 -0.707106781186547239670404E+00 -0.717054833619079508958383E-09
  0.284983242706589534609662E+00 -0.338460952182026079497561E-24  0.436241626649197484002221E-09 -0.958532498862942672346321E+00
  0.958532498862942561324019E+00 -0.576442854754245689646415E-24 -0.209105941987871166022170E-08  0.284983242706589590120814E+00
     33
  0.467252807567005000416777E-09 -0.707106781186547572737311E+00 -0.707106781186547461715008E+00  0.229516847484029952254438E-09
  0.467252807567004690224048E-09  0.707106781186547461715008E+00 -0.707106781186547572737311E+00  0.229516847484030081501409E-09
 -0.274496692119878094029417E+00 -0.107709628224047299869881E-24  0.130731718666841544971486E-09  0.961588043818788706929013E+00
 -0.961588043818788706929013E+00 -0.190598712236131366274382E-24 -0.724510664777931451426564E-09 -0.274496692119878094029417E+00
     34
 -0.903993122841095577567542E-09  0.707106781186546906603496E+00 -0.707106781186548127848823E+00 -0.225682731336802764233978E-09
  0.903993122841092579037821E-09  0.707106781186548016826521E+00  0.707106781186546795581194E+00  0.225682731336802531589430E-09
 -0.267560393581234068349772E+00 -0.105553625068738769411303E-24  0.345325077000151793778548E-10  0.963541091903534208107374E+00
  0.963541091903534208107374E+00  0.191886074266273535513442E-24 -0.131722436534070249303508E-08  0.267560393581234068349772E+00
     35
  0.444438038895091349642090E-09 -0.707106781186547461715008E+00 -0.707106781186547461715008E+00  0.146771027866121774029105E-09
  0.444438038895091142846937E-09  0.707106781186547461715008E+00 -0.707106781186547461715008E+00  0.146771027866121825727893E-09
  0.261491614359202595441189E+00  0.684688581699807991941203E-25 -0.359880566625826426610529E-10 -0.965205747817437065272372E+00
 -0.965205747817437065272372E+00 -0.127466844291526777464972E-24 -0.660937825680306241081297E-09 -0.261491614359202595441189E+00
     36
 -0.810887742298419706570737E-09  0.707106781186547461715008E+00 -0.707106781186547683759613E+00 -0.215257457528755445316328E-09
  0.810887742298419396378007E-09  0.707106781186547683759613E+00  0.707106781186547461715008E+00  0.215257457528755393617540E-09
 -0.254497056723010206535918E+00  0.000000000000000000000000E+00 -0.254732326789110719243188E-11  0.967073548453955433856777E+00
  0.967073548453955433856777E+00  0.000000000000000000000000E+00 -0.118648353256211298236727E-08  0.254497056723010206535918E+00
     37
  0.526086721395713075265766E-09  0.707106781186547350692706E+00  0.707106781186547683759613E+00  0.161405810713670274435818E-09
  0.526086721395712454880307E-09 -0.707106781186547683759613E+00  0.707106781186547350692706E+00  0.161405810713670248586423E-09
  0.245341278675003965359380E+00 -0.745952578330165046507509E-25  0.387521670563657921339093E-10 -0.969436773068833912425646E+00
  0.969436773068833912425646E+00 -0.147629869004674723476666E-24 -0.777262235716789421577498E-09  0.245341278675003965359380E+00
     38
 -0.430664369460825858185213E-09  0.707106781186547572737311E+00 -0.707106781186547461715008E+00 -0.190671838265366688232877E-09
  0.430664369460825961582790E-09  0.707106781186547461715008E+00  0.707106781186547572737311E+00  0.190671838265366714082271E-09
  0.233159771514424740690430E+00  0.000000000000000000000000E+00  0.120212396574905962161202E-09 -0.972438440698094264114104E+00
 -0.972438440698094264114104E+00  0.000000000000000000000000E+00  0.655136789539005879835533E-09 -0.233159771514424740690430E+00
     39
  0.438156403709039511129911E-09  0.707106781186548016826521E+00  0.707106781186546906603496E+00  0.333272159317806709665410E-09
 -0.438156403709040751900830E-09  0.707106781186547017625799E+00 -0.707106781186547905804218E+00 -0.333272159317807123255716E-09
 -0.217384060145245860962149E+00 -0.151322191753656206911638E-24 -0.325345705647386355426783E-09  0.976086149064091634919293E+00
  0.976086149064091523896991E+00  0.333870852037738885591142E-24 -0.707285394458003143799632E-09  0.217384060145245888717724E+00
     40
  0.145566306191516165608902E-09 -0.707106781186546906603496E+00 -0.707106781186548127848823E+00  0.242527710259128981428473E-09
  0.145566306191515519374049E-09  0.707106781186548127848823E+00 -0.707106781186546906603496E+00  0.242527710259128722934532E-09
  0.197724882173548027752830E+00  0.108745535727162785468658E-24 -0.295510585821315091806892E-09 -0.980257553385566415826702E+00
 -0.980257553385566415826702E+00 -0.260752678797844456606236E-24 -0.269614489876006667203692E-09 -0.197724882173548027752830E+00
     41
  0.229068990908117471757270E-10 -0.707106781186547461715008E+00 -0.707106781186547683759613E+00  0.266741592258087423468785E-09
  0.229068990908112721931097E-10  0.707106781186547683759613E+00 -0.707106781186547461715008E+00  0.266741592258087423468785E-09
  0.174168395818905336058791E+00  0.117811860742217651355760E-24 -0.365821708756644453432176E-09 -0.984715882830103139689015E+00
 -0.984715882830103139689015E+00 -0.315478319625772680556222E-24 -0.976016942898213518829004E-10 -0.174168395818905336058791E+00
     42
  0.115264487205107249104252E-09 -0.707106781186547683759613E+00  0.707106781186547572737311E+00 -0.289404702796453842106361E-09
  0.115264487205107300803040E-09  0.707106781186547572737311E+00  0.707106781186547683759613E+00 -0.289404702796453945503938E-09
  0.146953463349180024621887E+00  0.000000000000000000000000E+00 -0.428791347203328034097739E-09 -0.989143406999046570504674E+00
  0.989143406999046570504674E+00  0.000000000000000000000000E+00 -0.101093761361794378953749E-09  0.146953463349180024621887E+00
     43
  0.263853140252811264230913E-09 -0.707106781186548793982638E+00  0.707106781186546240469681E+00 -0.311248349039438402548693E-09
  0.263853140252816796001259E-09  0.707106781186546129447379E+00  0.707106781186548682960336E+00 -0.311248349039439953512341E-09
 -0.116511470720455409533223E+00  0.397236458807463208714209E-24  0.480649416357501477848066E-09  0.993189346091950642225754E+00
 -0.993189346091950642225754E+00  0.151058829358993771065857E-23  0.319318285347531870198444E-09 -0.116511470720455409533223E+00
     44
 -0.594640428379949687597750E-09  0.707106781186547350692706E+00  0.707106781186547794781916E+00  0.625320949949625176800017E-09
  0.594640428379949170609868E-09  0.707106781186547794781916E+00 -0.707106781186547350692706E+00 -0.625320949949624763209710E-09
 -0.833686310142450204274667E-01  0.000000000000000000000000E+00 -0.951367531316079873867716E-09  0.996518776221908764156865E+00
 -0.996518776221908764156865E+00  0.000000000000000000000000E+00 -0.764295143321762331248719E-09 -0.833686310142450343052545E-01
     45
  0.775063637144596815296447E-09 -0.707106781186547905804218E+00 -0.707106781186547239670404E+00 -0.704780445334258864509497E-09
 -0.775063637144601157994663E-09 -0.707106781186547239670404E+00  0.707106781186547905804218E+00  0.704780445334259795087686E-09
 -0.480320660590359133079730E-01  0.286974651561213253446342E-24 -0.104820787857150551656229E-08  0.998845794219558436033424E+00
  0.998845794219558436033424E+00 -0.243956245103377206687817E-23  0.104696655417832862982340E-08  0.480320660590359133079730E-01
     46
 -0.706505885242681086148789E-09  0.707106781186547794781916E+00 -0.707106781186547017625799E+00  0.388212122844646757292113E-09
 -0.706505885242715517541787E-09 -0.707106781186546906603496E+00 -0.707106781186547572737311E+00  0.388212122844647481075149E-09
  0.108923318042680912498543E-01 -0.155013485805162891004736E-24 -0.559865356646072502235181E-09 -0.999940676794311644748348E+00
 -0.999940676794311644748348E+00  0.550572562978612590889839E-23  0.993110991126224768909875E-09 -0.108923318042680912498543E-01
     47
 -0.828178505458457293218480E-09  0.707106781186547461715008E+00 -0.707106781186547572737311E+00  0.421482462393120908675199E-09
 -0.828178505458457189820903E-09 -0.707106781186547572737311E+00 -0.707106781186547461715008E+00  0.421482462393120856976411E-09
 -0.278218541270261951470211E-01  0.000000000000000000000000E+00 -0.563249915968477875642899E-09 -0.999612897292214142019873E+00
 -0.999612897292214253042175E+00  0.000000000000000000000000E+00  0.118735200274892864908256E-08  0.278218541270261916775741E-01
     48
 -0.924240635977747895778116E-09 -0.707106781186547461715008E+00 -0.707106781186547683759613E+00  0.456672685176883116844805E-09
  0.924240635977747895778116E-09 -0.707106781186547461715008E+00  0.707106781186547683759613E+00 -0.456672685176882961748440E-09
 -0.680162847216069094136159E-01  0.000000000000000000000000E+00 -0.555434761948764960292662E-09 -0.997684211067143889017927E+00
 -0.997684211067144222084835E+00  0.000000000000000000000000E+00  0.134797443058869238047289E-08  0.680162847216068955358281E-01
     49
 -0.987944700625148005048460E-09  0.707106781186547461715008E+00 -0.707106781186547461715008E+00  0.489184648764392336177751E-09
 -0.987944700625143869145397E-09 -0.707106781186547350692706E+00 -0.707106781186547350692706E+00  0.489184648764392853165634E-09
 -0.109631328921918055896434E+00 -0.362393814040567509466088E-24 -0.534468500318982716459376E-09 -0.993972319392654957148636E+00
  0.993972319392654957148636E+00  0.101907961692842432933798E-23 -0.146458746292592566126411E-08 -0.109631328921918055896434E+00
     50
 -0.101397491978210983339215E-08  0.707106781186547683759613E+00 -0.707106781186547461715008E+00  0.512382845254113606360046E-09
 -0.101397491978211066057276E-08 -0.707106781186547350692706E+00 -0.707106781186547905804218E+00  0.512382845254113502962469E-09
  0.152495569862692331719600E+00 -0.187242599274302488075258E-24  0.497468519253325426387494E-09  0.988304154181420368985300E+00
  0.988304154181420591029905E+00 -0.340793288646945827615561E-24 -0.152770709957611935674505E-08 -0.152495569862692303964025E+00
     51
  0.552656075675022821617932E-23  0.100000000000000000000000E+01  0.372323210790011535069730E-14 -0.259381411648829479177789E-23
 -0.141291330668296468931819E-08  0.372323210790011535069730E-14 -0.100000000000000000000000E+01  0.733708996011984148306669E-09
  0.196187652068905149516098E+00 -0.187451207757597753584046E-24  0.442254222341738883245553E-09  0.980566369592436259949864E+00
  0.980566369592436259949864E+00 -0.233723042527662042700708E-24 -0.152939991691238434148493E-08 -0.196187652068905149516098E+00
     52
 -0.111288214181011375213479E-22 -0.999999999999999888977698E+00  0.595910967225548425255975E-14  0.107330953586598905692042E-22
  0.139301131609496099647136E-08 -0.573706506733045294447502E-14 -0.999999999999999888977698E+00 -0.200432744877475883763769E-08
 -0.239980124946509221217639E+00  0.100650087871392445967259E-23  0.161146159089969600716636E-08 -0.970777801368911452684074E+00
 -0.970777801368911452684074E+00  0.880185719394541343991907E-24 -0.183330310653337649052652E-08  0.239980124946509276728790E+00
     53
 -0.323895297017501489753039E-23  0.100000000000000000000000E+01 -0.258446355269950681219048E-14  0.153857608359800440158500E-23
  0.119683085023114461439055E-08  0.258446355269950681219048E-14  0.100000000000000000000000E+01 -0.646023141284232059925408E-09
 -0.282921481759316195692122E+00 -0.166939341601109578226827E-24 -0.281019463625211576356997E-09 -0.959143073351996333641978E+00
  0.959143073351996333641978E+00  0.102754777524603598098206E-24 -0.133070584435612617609808E-08 -0.282921481759316195692122E+00
     54
 -0.274360785635237008262957E-23  0.100000000000000000000000E+01 -0.261037311922052583363051E-14  0.129304294162388661700071E-23
  0.101071119818267146331391E-08  0.261037311922052583363051E-14  0.100000000000000000000000E+01 -0.539989794876374166532196E-09
 -0.324052638398658610086045E+00 -0.144358215361212940856388E-24 -0.183327803100987695862374E-09 -0.946039051808575170987581E+00
  0.946039051808575170987581E+00  0.618313299509201572940240E-25 -0.113115738131908379091129E-08 -0.324052638398658610086045E+00
     55
  0.000000000000000000000000E+00 -0.100000000000000000000000E+01  0.000000000000000000000000E+00  0.000000000000000000000000E+00
 -0.783810638281157525900546E-09  0.000000000000000000000000E+00 -0.100000000000000000000000E+01  0.390363276044780909596073E-09
  0.362673518584314458212958E+00  0.000000000000000000000000E+00  0.795184825827912151252116E-10  0.931916261751919994260618E+00
  0.931916261751919994260618E+00  0.000000000000000000000000E+00 -0.872020406261112219138392E-09 -0.362673518584314458212958E+00
     56
 -0.285750234598293856387340E-23  0.999999999999999888977698E+00 -0.521519380111846469372666E-14  0.917983053619953552379565E-24
  0.528829764880652117209306E-09  0.499314919619343259678103E-14  0.100000000000000000000000E+01 -0.193974499794099329495344E-09
  0.398543434007643637695395E+00  0.600755627756547863567252E-25 -0.328581113367906756540739E-10  0.917149459580822612458917E+00
  0.917149459580822612458917E+00  0.113857247103504670510398E-25 -0.562323399976488348748287E-09 -0.398543434007643637695395E+00
     57
  0.520976666860166385823025E-22 -0.100000000000000000000000E+01  0.376529873872702282664012E-13  0.114722506041681341669366E-22
  0.138522846060581213749257E-08  0.376529873872702282664012E-13  0.100000000000000000000000E+01  0.307225975448797224556262E-09
  0.431940990865059160075390E+00 -0.112390720178512994414933E-24 -0.875424635158704869198389E-09  0.901901868503725223646939E+00
  0.901901868503725223646939E+00 -0.130578625403555741732705E-25 -0.111663664467008317789907E-08 -0.431940990865059160075390E+00
     58
  0.175554081928499485135064E-10  0.000000000000000000000000E+00  0.100000000000000000000000E+01  0.375502601602830765480434E-09
  0.000000000000000000000000E+00 -0.100000000000000000000000E+01  0.000000000000000000000000E+00  0.000000000000000000000000E+00
 -0.463577667329598208656449E+00  0.000000000000000000000000E+00  0.340854736669487376963815E-09 -0.886056288479037945648997E+00
 -0.886056288479037945648997E+00  0.000000000000000000000000E+00 -0.158519540301145033093139E-09  0.463577667329598208656449E+00
     59
  0.189195259685214377641939E-08  0.000000000000000000000000E+00  0.999999999999999777955395E+00 -0.715722860007075297012502E-09
  0.000000000000000000000000E+00  0.100000000000000000000000E+01  0.000000000000000000000000E+00  0.000000000000000000000000E+00
 -0.494398436219319725726251E+00  0.000000000000000000000000E+00  0.313246646672493204544760E-09 -0.869235403250403160235749E+00
  0.869235403250402938191144E+00  0.000000000000000000000000E+00 -0.199840424820030454341660E-08 -0.494398436219319725726251E+00
     60
  0.271970660574821338435327E-09  0.334167890014735497669879E-14 -0.999999999999999777955395E+00 -0.111057454681580630783179E-08
 -0.437830276270194333590541E-24 -0.999999999999999888977698E+00 -0.311963429522232209089225E-14 -0.542900130387464121802019E-23
 -0.525296975333007898356641E+00  0.202983668026142060384772E-23  0.802143580320608388157592E-09 -0.850918966591997616433218E+00
 -0.850918966591997394388613E+00  0.179113092609470876037287E-25 -0.814806443763842045898232E-09  0.525296975333007787334338E+00
     61
  0.188365983428990502073413E-08  0.000000000000000000000000E+00  0.100000000000000000000000E+01 -0.149770782983989944265929E-08
 -0.556764064985029838439345E+00  0.000000000000000000000000E+00 -0.195347810845627947283748E-09 -0.830670678392674055601219E+00
  0.000000000000000000000000E+00 -0.100000000000000000000000E+01  0.000000000000000000000000E+00  0.000000000000000000000000E+00
  0.830670678392674166623522E+00  0.000000000000000000000000E+00 -0.239857098413515171648992E-08 -0.556764064985029838439345E+00
     62
  0.000000000000000000000000E+00  0.000000000000000000000000E+00  0.100000000000000000000000E+01  0.000000000000000000000000E+00
  0.557540632084912002319754E+00  0.000000000000000000000000E+00  0.000000000000000000000000E+00  0.830149651312555025839401E+00
  0.000000000000000000000000E+00 -0.100000000000000000000000E+01  0.000000000000000000000000E+00  0.000000000000000000000000E+00
 -0.830149651312555025839401E+00  0.000000000000000000000000E+00  0.000000000000000000000000E+00  0.557540632084912002319754E+00
     63
  0.373279280386588272510934E-08  0.000000000000000000000000E+00  0.100000000000000000000000E+01 -0.301844225929554849326196E-08
 -0.558314892179439969943644E+00  0.000000000000000000000000E+00 -0.420113791569889942523195E-09 -0.829629122663048890196080E+00
  0.000000000000000000000000E+00 -0.100000000000000000000000E+01  0.000000000000000000000000E+00  0.000000000000000000000000E+00
  0.829629122663049001218383E+00  0.000000000000000000000000E+00 -0.478207488350266532025289E-08 -0.558314892179439969943644E+00
     64
  0.108819950158878097252617E-08  0.000000000000000000000000E+00  0.100000000000000000000000E+01 -0.108380915151334299996976E-08
  0.559086841763558273221690E+00  0.000000000000000000000000E+00  0.290197947954747295993641E-09  0.829109102209624748702765E+00
  0.000000000000000000000000E+00  0.100000000000000000000000E+01  0.000000000000000000000000E+00  0.000000000000000000000000E+00
  0.829109102209624637680463E+00  0.000000000000000000000000E+00 -0.150817963943086634739823E-08 -0.559086841763558273221690E+00
     65
  0.156955247884926780215192E-08  0.986162229544299339717466E-15 -0.100000000000000000000000E+01 -0.769587491900060970564208E-09
  0.559856481496752156346020E+00  0.484143044524264294316514E-23  0.241052062937081662655565E-09  0.828589596921224247338955E+00
 -0.378430503311677319630699E-23  0.999999999999999888977698E+00  0.764117624619268031632740E-15 -0.325321034567932463161176E-23
 -0.828589596921224136316653E+00  0.105305805113097848994532E-26 -0.173137358519934073988113E-08  0.559856481496752156346020E+00
     66
 -0.119056744483186400864762E-08  0.000000000000000000000000E+00  0.100000000000000000000000E+01  0.525767976562720481097045E-09
 -0.560623831437318309589557E+00  0.000000000000000000000000E+00 -0.232087478362871754262857E-09 -0.828070600628075248472726E+00
  0.000000000000000000000000E+00  0.100000000000000000000000E+01  0.000000000000000000000000E+00  0.000000000000000000000000E+00
 -0.828070600628075248472726E+00  0.000000000000000000000000E+00 -0.128063195659779207463013E-08  0.560623831437318420611859E+00
     67
  0.122741584571787291915315E-08  0.921396156902534347058071E-15 -0.100000000000000000000000E+01 -0.450482072490500769977546E-09
  0.561388901287339980861191E+00  0.178216555845040119993565E-23  0.316260241607447868733490E-09  0.827552114075840616891355E+00
  0.213099815359858695934196E-23 -0.100000000000000000000000E+01 -0.921396156902534347058071E-15  0.106005144888568890746190E-23
 -0.827552114075840616891355E+00  0.514836867065988152644828E-27 -0.126864621369909754957430E-08  0.561388901287339980861191E+00
     68
 -0.126944454119746643388426E-08  0.000000000000000000000000E+00  0.100000000000000000000000E+01  0.367917176918901894335428E-09
  0.562151683646026301133247E+00  0.000000000000000000000000E+00  0.409340379011257408817404E-09  0.827034149581465594103236E+00
  0.000000000000000000000000E+00 -0.100000000000000000000000E+01  0.000000000000000000000000E+00  0.000000000000000000000000E+00
 -0.827034149581465705125538E+00  0.000000000000000000000000E+00 -0.125669933883657415916028E-08  0.562151683646026301133247E+00
     69
  0.824007072676604992724311E-09  0.914715536997355991036771E-15 -0.100000000000000022204460E+01 -0.249614524901392341398230E-09
  0.562912206859935704272857E+00  0.740379603324371323681318E-24  0.257533067564681909753447E-09  0.826516695153870939449803E+00
  0.117029480929715440066828E-23 -0.100000000000000000000000E+01 -0.914715536997356582682450E-15  0.383750104018329865061092E-24
 -0.826516695153871050472105E+00  0.249213474401696518738008E-27 -0.821566665568625065799386E-09  0.562912206859935815295160E+00
     70
 -0.851798810137255907435984E-09  0.000000000000000000000000E+00  0.999999999999999888977698E+00  0.195095856751500477777645E-09
 -0.563670464220293543355922E+00  0.000000000000000000000000E+00 -0.318984761957225316745745E-09 -0.825999762569989415261773E+00
  0.000000000000000000000000E+00 -0.100000000000000000000000E+01  0.000000000000000000000000E+00  0.000000000000000000000000E+00
 -0.825999762569989304239471E+00  0.000000000000000000000000E+00 -0.813555478777740512051343E-09  0.563670464220293543355922E+00
     71
 -0.179050480785011632516357E-08  0.278108970233206142270442E-14 -0.999999999999999888977698E+00  0.150947639871263992486606E-08
 -0.564426460170052379794470E+00  0.109541635603191040532298E-22 -0.235439352824380661920659E-09 -0.825483356016282310285703E+00
 -0.105204111477222058653893E-22 -0.999999999999999888977698E+00 -0.255904509740703011461969E-14 -0.484671982911991621608989E-23
  0.825483356016282310285703E+00  0.394984914203115656080074E-26 -0.233002033818301677159727E-08 -0.564426460170052379794470E+00
     72
 -0.923138812017032414650358E-09  0.000000000000000000000000E+00  0.100000000000000000000000E+01  0.638011058169607832541295E-10
  0.565180203661311719720572E+00  0.000000000000000000000000E+00  0.469105819020383170926087E-09  0.824967476564596458032952E+00
  0.000000000000000000000000E+00  0.100000000000000000000000E+01  0.000000000000000000000000E+00  0.000000000000000000000000E+00
 -0.824967476564596347010649E+00  0.000000000000000000000000E+00 -0.797618435068398882068610E-09  0.565180203661311830742875E+00
     73
  0.326300342226118251140782E-09  0.185951364888491616920313E-14 -0.999999999999999888977698E+00 -0.199724353319751197695577E-09
 -0.565931702660093183254730E+00 -0.811892286787101252283292E-24 -0.200005405633175002556884E-10 -0.824452125914081124236077E+00
 -0.961782883024493545228401E-24  0.999999999999999888977698E+00  0.163746904395988486111840E-14 -0.298141902472539704549051E-24
 -0.824452125914081235258379E+00  0.292865074848719277938529E-27 -0.382049354171744528477469E-09  0.565931702660093072232428E+00
     74
  0.171041841022862664505549E-08  0.000000000000000000000000E+00  0.999999999999999888977698E+00 -0.157642214247077157476496E-08
 -0.566680977161215460036203E+00  0.000000000000000000000000E+00 -0.329611549467911924773701E-09 -0.823937297446601824013612E+00
  0.000000000000000000000000E+00  0.100000000000000000000000E+01  0.000000000000000000000000E+00  0.000000000000000000000000E+00
  0.823937297446601712991310E+00  0.000000000000000000000000E+00 -0.230260577958976927931512E-08 -0.566680977161215571058506E+00
     75
  0.167106069256454629963124E-08  0.137282448885546051770772E-14  0.100000000000000000000000E+01 -0.161684641535989481758327E-08
  0.567428014850190454154699E+00  0.272548949393794811943683E-23  0.383141822234806654836115E-09  0.823423006700184423323208E+00
  0.387626777956310747268216E-23 -0.100000000000000000000000E+01  0.137282448885546032049249E-14  0.000000000000000000000000E+00
  0.823423006700184645367813E+00  0.433260245537242958970043E-25 -0.229343386305363756773909E-08 -0.567428014850190565177002E+00
     76
  0.119518685251785435746184E-08  0.128076379598082018450877E-14 -0.999999999999999888977698E+00  0.382723256055166707453663E-09
 -0.568172829390678812977455E+00  0.601437021138355087823899E-24 -0.994019077596952724767962E-09 -0.822909251340747993630487E+00
 -0.118215224804602705332288E-23  0.100000000000000000000000E+01  0.128076379598082018450877E-14  0.000000000000000000000000E+00
 -0.822909251340747882608184E+00  0.836012972196400850081070E-26 -0.766077180028736415859196E-09  0.568172829390679035022060E+00
     77
  0.132172344774635854486772E-08  0.000000000000000000000000E+00 -0.100000000000000022204460E+01  0.577800801035163242315689E-09
