      1
  0.277480835666715115089338E-24  0.100000000000000000000000E+01 -0.946100499284492216776901E-13 -0.354247185093488150878137E-24
  0.294567926611462499216536E-11 -0.946100499284492342994646E-13 -0.999999999999999888977698E+00 -0.375434793607766422193829E-11
 -0.659042272532952666530548E+00 -0.151335875745537159613658E-26 -0.476514072335812609615016E-11  0.752105898803221206705416E+00
  0.752105898803221095683114E+00  0.282751909344962208360556E-27 -0.258644242587709884185468E-12  0.659042272532952777552850E+00
      2
 -0.834978244244056079306010E-17  0.708424877806713704231356E+00 -0.705786222948948216426857E+00  0.715047831378511529638346E-16
  0.838099896847447203431339E-17  0.705786222948948327449159E+00  0.708424877806713593209054E+00 -0.717721111718156458278816E-16
 -0.620852974905276133732457E+00  0.405593932581830877622865E-31  0.224623438781070481491402E-15  0.783927026929974291036274E+00
 -0.783927026929974180013971E+00  0.924491880983556187920252E-32  0.120440986295296896701782E-15 -0.620852974905276244754759E+00
      3
  0.327047136704706865226644E-11 -0.708299822045403315584622E+00 -0.705911724006939800268867E+00 -0.408790846345894105048462E-11
 -0.328153536554841816154279E-11 -0.705911724006939911291170E+00  0.708299822045403204562319E+00  0.410173785012444687942381E-11
 -0.603692575022976796184082E+00  0.232274834033288576649544E-26 -0.741368176113274696416319E-11  0.797217206827679825131838E+00
  0.797217206827679714109536E+00 -0.581896612657680758428555E-27  0.197703219344913199721547E-12  0.603692575022976907206385E+00
      4
 -0.433379564117053023806925E-11  0.708097430484898704428076E+00 -0.706114742050245047799706E+00  0.535901147292377367937241E-11
 -0.434596443752075578041669E-11 -0.706114742050245047799706E+00 -0.708097430484898704428076E+00  0.537405895661982428022569E-11
  0.572949628873924754479674E+00  0.000000000000000000000000E+00 -0.973672057673031933107767E-11 -0.819590582408821988202874E+00
 -0.819590582408821988202874E+00  0.000000000000000000000000E+00  0.681892659041421702906133E-12 -0.572949628873924754479674E+00
      5
  0.000000000000000000000000E+00  0.708097430484898704428076E+00  0.706114742050245047799706E+00  0.000000000000000000000000E+00
  0.000000000000000000000000E+00  0.706114742050245047799706E+00 -0.708097430484898704428076E+00  0.000000000000000000000000E+00
  0.559236466746215743484072E+00  0.000000000000000000000000E+00  0.000000000000000000000000E+00 -0.829008187089372849953861E+00
  0.829008187089372849953861E+00  0.000000000000000000000000E+00  0.000000000000000000000000E+00  0.559236466746215743484072E+00
      6
  0.000000000000000000000000E+00  0.707769827694942899043440E+00  0.706443112362680536442383E+00  0.000000000000000000000000E+00
  0.000000000000000000000000E+00 -0.706443112362680536442383E+00  0.707769827694942899043440E+00  0.000000000000000000000000E+00
  0.523909130387545274309957E+00  0.000000000000000000000000E+00  0.000000000000000000000000E+00 -0.851774162026863734809012E+00
  0.851774162026863734809012E+00  0.000000000000000000000000E+00  0.000000000000000000000000E+00  0.523909130387545274309957E+00
      7
  0.842406692154529906610508E-11 -0.707769827694942899043440E+00 -0.706443112362680536442383E+00 -0.101294299812463941861246E-10
  0.843988750008762305256314E-11  0.706443112362680536442383E+00 -0.707769827694942899043440E+00 -0.101484532682287688866908E-10
 -0.513839901091803441524064E+00  0.000000000000000000000000E+00 -0.184282621502592836660370E-10  0.857886097361395538740680E+00
  0.857886097361395538740680E+00  0.000000000000000000000000E+00  0.286220441557318376473179E-11  0.513839901091803441524064E+00
      8
 -0.122997178966288213943764E-10  0.707239440929191665041742E+00  0.706974096551043595937358E+00  0.145827491724265322291494E-10
 -0.123043342765111951449843E-10 -0.706974096551043595937358E+00  0.707239440929191665041742E+00  0.145882224288438812446933E-10
 -0.487781185149669060940880E+00  0.000000000000000000000000E+00 -0.264928743150859734371132E-10  0.872965930271041190557924E+00
  0.872965930271041190557924E+00  0.000000000000000000000000E+00  0.512603714947025322697480E-11  0.487781185149669060940880E+00
      9
  0.000000000000000000000000E+00 -0.709281423997112803192522E+00 -0.704925429795682623179687E+00  0.000000000000000000000000E+00
  0.000000000000000000000000E+00 -0.704925429795682623179687E+00  0.709281423997112803192522E+00  0.000000000000000000000000E+00
  0.480245139465940440448577E+00  0.000000000000000000000000E+00  0.000000000000000000000000E+00 -0.877134314697207262412348E+00
  0.877134314697207262412348E+00  0.000000000000000000000000E+00  0.000000000000000000000000E+00  0.480245139465940440448577E+00
     10
  0.246774807275062712194629E-10 -0.711394449238932691237380E+00  0.702792954996018348623465E+00 -0.289299391144662169075369E-10
  0.249795088097434846026741E-10  0.702792954996018459645768E+00  0.711394449238932580215078E+00 -0.292840131030740692364787E-10
 -0.447996777644350141489582E+00  0.000000000000000000000000E+00  0.525330889579816528027098E-10  0.894035171131582928616410E+00
 -0.894035171131582817594108E+00  0.000000000000000000000000E+00  0.129514043294041034503974E-10 -0.447996777644350197000733E+00
     11
 -0.275686817968720583648577E-10  0.710012178703548268998702E+00 -0.704189396464218519966494E+00  0.322856886284346743743295E-10
 -0.277966409674227032246791E-10 -0.704189396464218630988796E+00 -0.710012178703548157976400E+00  0.325526516575204458034994E-10
 -0.442149638574321046657900E+00 -0.126096346962590872262139E-25  0.584330289412728609043326E-10  0.896941300815497832843448E+00
 -0.896941300815497721821146E+00 -0.102515457372957495640043E-25  0.148433419389731742871871E-10 -0.442149638574321102169051E+00
     12
  0.613689111409367148422441E-10  0.709281423997113136259429E+00  0.704925429795682290112779E+00 -0.717397219018898624075055E-10
  0.617481322752282197060337E-10 -0.704925429795682290112779E+00  0.709281423997113136259429E+00 -0.721830281005433443272092E-10
 -0.436364816779836073301624E+00  0.000000000000000000000000E+00  0.129557634288145762697614E-09  0.899769829832441137007493E+00
 -0.899769829832441137007493E+00  0.000000000000000000000000E+00  0.339230266351142370098757E-10 -0.436364816779836073301624E+00
     13
 -0.340377169842908578628536E-10  0.708954375852422824522137E+00 -0.705254346289125533253639E+00  0.396526730061927379642720E-10
 -0.342162916499723564421381E-10 -0.705254346289125533253639E+00 -0.708954375852422824522137E+00  0.398607058430815103548228E-10
 -0.430607951599201288495067E+00 -0.162896557631052448960610E-25  0.715273364503702566332384E-10  0.902539080605122556733022E+00
 -0.902539080605122556733022E+00 -0.145789129414304048143514E-25  0.193483994791333350175185E-10 -0.430607951599201288495067E+00
     14
  0.292168305089264462516857E-16 -0.708424877806761554843717E+00 -0.705786222948900254792193E+00  0.000000000000000000000000E+00
  0.293260606543259912598212E-16  0.705786222948900365814495E+00 -0.708424877806761443821415E+00  0.000000000000000000000000E+00
 -0.424870532430636937970547E+00  0.695279090428216961354864E-32  0.767522063369447971382395E-16  0.905254124913058455526027E+00
 -0.905254124913058344503725E+00  0.148140248977774740124929E-31  0.163532761345459010553084E-15 -0.424870532430636993481698E+00
     15
  0.000000000000000000000000E+00  0.708299822045474480880500E+00 -0.705911724006868412928384E+00  0.000000000000000000000000E+00
  0.000000000000000000000000E+00  0.705911724006868412928384E+00  0.708299822045474480880500E+00  0.000000000000000000000000E+00
  0.419181507880449832903480E+00  0.000000000000000000000000E+00  0.000000000000000000000000E+00 -0.907902452607697418862642E+00
  0.907902452607697418862642E+00  0.000000000000000000000000E+00  0.000000000000000000000000E+00  0.419181507880449832903480E+00
     16
  0.000000000000000000000000E+00  0.708097430484898704428076E+00 -0.706114742050245047799706E+00  0.000000000000000000000000E+00
  0.000000000000000000000000E+00  0.706114742050245047799706E+00  0.708097430484898704428076E+00  0.000000000000000000000000E+00
  0.413622191720894483157878E+00  0.000000000000000000000000E+00  0.000000000000000000000000E+00 -0.910448616076714012379512E+00
  0.910448616076714012379512E+00  0.000000000000000000000000E+00  0.000000000000000000000000E+00  0.413622191720894483157878E+00
     17
  0.000000000000000000000000E+00  0.708627175177918844362068E+00 -0.705583111050259725871570E+00  0.000000000000000000000000E+00
  0.000000000000000000000000E+00 -0.705583111050259725871570E+00 -0.708627175177918844362068E+00  0.000000000000000000000000E+00
  0.408344136440931371190288E+00  0.000000000000000000000000E+00  0.000000000000000000000000E+00 -0.912828059513022371795898E+00
  0.912828059513022371795898E+00  0.000000000000000000000000E+00  0.000000000000000000000000E+00  0.408344136440931371190288E+00
     18
  0.000000000000000000000000E+00  0.708299822045474480880500E+00 -0.705911724006868412928384E+00  0.000000000000000000000000E+00
  0.000000000000000000000000E+00 -0.705911724006868412928384E+00 -0.708299822045474480880500E+00  0.000000000000000000000000E+00
  0.403589744447756748613187E+00  0.000000000000000000000000E+00  0.000000000000000000000000E+00 -0.914940062614264637552708E+00
  0.914940062614264637552708E+00  0.000000000000000000000000E+00  0.000000000000000000000000E+00  0.403589744447756748613187E+00
     19
  0.000000000000000000000000E+00  0.707567290069680443487243E+00 -0.706645972197852967333631E+00  0.000000000000000000000000E+00
  0.000000000000000000000000E+00 -0.706645972197852967333631E+00 -0.707567290069680443487243E+00  0.000000000000000000000000E+00
  0.399713781851406046996544E+00  0.000000000000000000000000E+00  0.000000000000000000000000E+00 -0.916640001635345647024167E+00
  0.916640001635345647024167E+00  0.000000000000000000000000E+00  0.000000000000000000000000E+00  0.399713781851406046996544E+00
     20
  0.000000000000000000000000E+00 -0.707504685654902876201788E+00 -0.706708652682530136246442E+00  0.000000000000000000000000E+00
  0.000000000000000000000000E+00  0.706708652682530136246442E+00 -0.707504685654902876201788E+00  0.000000000000000000000000E+00
  0.397201671446907378371094E+00  0.000000000000000000000000E+00  0.000000000000000000000000E+00 -0.917731350777439280896886E+00
  0.917731350777439280896886E+00  0.000000000000000000000000E+00  0.000000000000000000000000E+00  0.397201671446907378371094E+00
     21
 -0.253596468234635039687696E-09  0.708891902878094892770378E+00  0.705317141457567076123780E+00  0.288747849958933633943306E-09
 -0.254881772132331131267416E-09 -0.705317141457567076123780E+00  0.708891902878094892770378E+00  0.290211311731832653066918E-09
 -0.396674880986288225237502E+00  0.000000000000000000000000E+00 -0.518425066128280534687282E-09  0.917959170548730885030864E+00
 -0.917959170548730885030864E+00  0.000000000000000000000000E+00 -0.167658174835895075186470E-09 -0.396674880986288225237502E+00
     22
 -0.138328284751814965790280E-09 -0.707106781186547017625799E+00  0.707106781186548238871126E+00  0.218568712788253629350573E-09
 -0.138328284751814965790280E-09  0.707106781186548238871126E+00  0.707106781186547017625799E+00  0.218568712788253293308450E-09
  0.398858506360777187449429E+00  0.111916692292961861639097E-24  0.361478105294494974276410E-09 -0.917012481869058149186458E+00
  0.917012481869058149186458E+00  0.135523555911963532090122E-24  0.561028439534173294236193E-10  0.398858506360777187449429E+00
     23
 -0.355984762934607053689312E-10  0.707106781186547905804218E+00 -0.707106781186547239670404E+00  0.826544415319997423186700E-10
  0.355984762934608346159019E-10  0.707106781186547239670404E+00  0.707106781186547905804218E+00 -0.826544415319998327915495E-10
  0.404446460419327635804621E+00 -0.433201402987404347214547E-25 -0.127265449532123549828379E-09 -0.914561676790732969166697E+00
 -0.914561676790732969166697E+00  0.524082615253171388495863E-25 -0.123361021081882624116188E-11 -0.404446460419327635804621E+00
     24
 -0.216746000082818200949295E-10  0.707106781186547461715008E+00  0.707106781186547461715008E+00 -0.109519281062336517143441E-09
 -0.216746000082818136325809E-10 -0.707106781186547572737311E+00  0.707106781186547350692706E+00 -0.109519281062336478369350E-09
  0.413705211740171940881794E+00  0.000000000000000000000000E+00 -0.128326752165849322036508E-09 -0.910410895024339805736702E+00
  0.910410895024339694714399E+00  0.000000000000000000000000E+00  0.919823542100532919831236E-10  0.413705211740171996392945E+00
     25
  0.304376743475279704782313E-09  0.707106781186545352291262E+00 -0.707106781186549460116453E+00  0.346006907164993975702775E-09
  0.304376743475277947023511E-09 -0.707106781186549571138755E+00 -0.707106781186545241268959E+00  0.346006907164991907751244E-09
  0.425489692107594685843708E+00  0.000000000000000000000000E+00 -0.259670034755009362855377E-09 -0.904963271028269011786449E+00
  0.904963271028268900764147E+00  0.000000000000000000000000E+00  0.597748480081320725772130E-09  0.425489692107594741354859E+00
     26
 -0.161827687844396147168059E-08  0.707504685654942844230675E+00 -0.706708652682490390262160E+00 -0.836863389903880111705651E-09
  0.162009969715278883476080E-08  0.706708652682490279239858E+00  0.707504685654942955252977E+00  0.837806028499393474480471E-09
 -0.435367263361875589389172E+00  0.460497110648792218018661E-24 -0.691146375858438727872817E-10  0.900252934453863118413608E+00
  0.900252934453863340458213E+00 -0.522292831938778762271703E-24 -0.257701882688092919722140E-08  0.435367263361875478366869E+00
     27
  0.151001185144145611299248E-08  0.707106781186547239670404E+00 -0.707106781186547905804218E+00  0.103689069498694462731105E-08
  0.151001185144145487222156E-08 -0.707106781186547905804218E+00 -0.707106781186547239670404E+00  0.103689069498694359333528E-08
 -0.434085412705146778122867E+00  0.000000000000000000000000E+00  0.394044284001901773781395E-09  0.900871719212342991767173E+00
  0.900871719212342991767173E+00  0.000000000000000000000000E+00  0.256032914132807268043744E-08  0.434085412705146778122867E+00
     28
  0.253509708956313130743201E-08  0.707106781186547572737311E+00  0.707106781186547572737311E+00  0.145301158296340777376075E-08
  0.253509708956313130743201E-08 -0.707106781186547572737311E+00  0.707106781186547572737311E+00  0.145301158296340777376075E-08
  0.411993528530976371726524E+00  0.000000000000000000000000E+00  0.395302821500676618903460E-09 -0.911186771440738008109861E+00
  0.911186771440738008109861E+00  0.000000000000000000000000E+00 -0.411335098221092131421081E-08  0.411993528530976371726524E+00
     29
 -0.271749689502619194713671E-08  0.707106781186547683759613E+00  0.707106781186547128648101E+00 -0.220559426855289200749766E-08
 -0.271749689502619029277549E-08 -0.707106781186547461715008E+00  0.707106781186547350692706E+00 -0.220559426855289283467827E-08
  0.372090812624046085588247E+00  0.112063297173599716566875E-23 -0.146522274105491298627372E-08 -0.928196330072887598738873E+00
 -0.928196330072887154649663E+00 -0.147487803350560403423158E-23 -0.472778928425408108025048E-08 -0.372090812624046085588247E+00
     30
 -0.122338542629416381509944E-08  0.707106781186547572737311E+00  0.707106781186547350692706E+00 -0.109724209798113137565886E-08
  0.122338542629416257432852E-08  0.707106781186547461715008E+00 -0.707106781186547461715008E+00  0.109724209798113199604432E-08
 -0.331305548485405665370962E+00 -0.536940433758805075614198E-24  0.890897052762907204244407E-09  0.943523520397231418854744E+00
 -0.943523520397231307832442E+00 -0.790720533100501187056763E-24 -0.214651500974960172561521E-08 -0.331305548485405720882113E+00
     31
 -0.381595831566377321678362E-09  0.707106781186547572737311E+00  0.707106781186547683759613E+00 -0.334321653741868028028469E-09
  0.381595831566377269979574E-09  0.707106781186547683759613E+00 -0.707106781186547572737311E+00  0.334321653741867924630892E-09
 -0.301614416435092624890757E+00  0.000000000000000000000000E+00  0.288015179593916035276057E-09  0.953429988933911509718655E+00
 -0.953429988933911509718655E+00  0.000000000000000000000000E+00 -0.657130086042747758157482E-09 -0.301614416435092624890757E+00
     32
  0.135228525824838163850603E-08  0.707106781186547239670404E+00  0.707106781186548016826521E+00  0.725144817112938250113933E-09
 -0.135228525824838039773512E-08  0.707106781186547905804218E+00 -0.707106781186547350692706E+00 -0.725144817112937629728474E-09
  0.283342397800462053591986E+00  0.000000000000000000000000E+00  0.441613290904844613110109E-09 -0.959018814001417085890466E+00
  0.959018814001417307935071E+00  0.000000000000000000000000E+00 -0.212461737187242187451342E-08  0.283342397800461998080834E+00
     33
 -0.475859983354664332927964E-09  0.707106781186547572737311E+00  0.707106781186547461715008E+00 -0.231694337242041053609783E-09
 -0.475859983354664643120694E-09 -0.707106781186547461715008E+00  0.707106781186547572737311E+00 -0.231694337242040976061601E-09
 -0.272377378150561955116871E+00  0.108690110273382474625989E-24  0.131975222607418253714324E-09  0.962190502900452715451252E+00
 -0.962190502900452715451252E+00  0.194006807518435398353958E-24 -0.736771789215106351573360E-09 -0.272377378150561955116871E+00
     34
 -0.915838158763799860009923E-09  0.707106781186547350692706E+00 -0.707106781186547572737311E+00 -0.229029168587079284951298E-09
  0.915838158763799136226887E-09  0.707106781186547683759613E+00  0.707106781186547239670404E+00  0.229029168587079259101903E-09
 -0.264912044914657196503782E+00 -0.107086269026952829431345E-24  0.307873876413545477475944E-10  0.964272579958143638556578E+00
  0.964272579958143527534276E+00  0.196812887789753318143189E-24 -0.133472070029843532319523E-08  0.264912044914657252014933E+00
     35
  0.452356773114062358666653E-09 -0.707106781186547350692706E+00 -0.707106781186547683759613E+00  0.147427607078075920415673E-09
  0.452356773114061893377558E-09  0.707106781186547683759613E+00 -0.707106781186547350692706E+00  0.147427607078075894566278E-09
  0.258304944151593829371194E+00  0.687229055567023591243689E-25 -0.361733613933494723822731E-10 -0.966063432610324013261049E+00
 -0.966063432610324013261049E+00 -0.129651543476941557345321E-24 -0.671873936797205732206919E-09 -0.258304944151593829371194E+00
     36
  0.822991982219173070848965E-09 -0.707106781186546351491984E+00  0.707106781186548571938033E+00  0.217742730689239768307243E-09
 -0.822991982219168728150749E-09 -0.707106781186548349893428E+00 -0.707106781186546240469681E+00 -0.217742730689239251319360E-09
 -0.250797520773330451238081E+00 -0.201391010502331219780712E-24 -0.619316647324292614577102E-11  0.968039567153094582252493E+00
  0.968039567153094582252493E+00  0.391161994882713720220945E-24 -0.120391737416615531635182E-08  0.250797520773330451238081E+00
     37
  0.534259898441663838384938E-09  0.707106781186546462514286E+00  0.707106781186548460915731E+00  0.163745072962719741278618E-09
  0.534259898441662287421289E-09 -0.707106781186548460915731E+00  0.707106781186546462514286E+00  0.163745072962719327688311E-09
  0.241186818239975175881540E+00 -0.755857384919705373329872E-25  0.425036831239139646454816E-10 -0.970478705952519726807282E+00
  0.970478705952519726807282E+00 -0.152316124677490345962612E-24 -0.789104416850727404734202E-09  0.241186818239975175881540E+00
     38
 -0.438934512492634519402711E-09  0.707106781186547461715008E+00 -0.707106781186547683759613E+00 -0.192918226238225419868727E-09
  0.438934512492634312607558E-09  0.707106781186547683759613E+00  0.707106781186547350692706E+00  0.192918226238225290621757E-09
  0.228639026372899317740561E+00  0.000000000000000000000000E+00  0.123673745403622839392555E-09 -0.973511271439243541792052E+00
 -0.973511271439243430769750E+00  0.000000000000000000000000E+00  0.666683152310662131126828E-09 -0.228639026372899345496137E+00
     39
 -0.450681865259188435862751E-09 -0.707106781186549127049545E+00 -0.707106781186545907402774E+00 -0.334522137843426166412572E-09
  0.450681865259190607211859E-09 -0.707106781186546018425076E+00  0.707106781186549016027243E+00  0.334522137843427665677433E-09
  0.212612812521218275119139E+00  0.000000000000000000000000E+00  0.326758419668990814804125E-09 -0.977136526771882119035695E+00
 -0.977136526771882008013392E+00  0.000000000000000000000000E+00  0.723372007263394140621088E-09 -0.212612812521218302874715E+00
     40
  0.153773372795691407957926E-09 -0.707106781186547683759613E+00 -0.707106781186547350692706E+00  0.239923399410289688773496E-09
  0.153773372795691847397627E-09  0.707106781186547350692706E+00 -0.707106781186547683759613E+00  0.239923399410289740472284E-09
  0.192839293763707009254915E+00 -0.107406559418065175367152E-24 -0.290997878820892236564159E-09 -0.981230353576933778114721E+00
 -0.981230353576933778114721E+00  0.264179518030495045801172E-24 -0.278817521065025220653495E-09 -0.192839293763707009254915E+00
     41
  0.303342646993681857972699E-10 -0.707106781186547461715008E+00 -0.707106781186547461715008E+00  0.263231128158168782102228E-09
  0.303342646993686640110615E-10  0.707106781186547461715008E+00 -0.707106781186547461715008E+00  0.263231128158168730403440E-09
  0.169314400379661555984256E+00 -0.116076992916133843239960E-24 -0.359626843545076865009616E-09 -0.985562090293694126330593E+00
 -0.985562090293694126330593E+00  0.319786361565446720557874E-24 -0.105309694804820434721441E-09 -0.169314400379661555984256E+00
     42
  0.109040320497448322181095E-09 -0.707106781186547794781916E+00  0.707106781186547572737311E+00 -0.284974558555059394229918E-09
  0.109040320497448348030489E-09  0.707106781186547572737311E+00  0.707106781186547794781916E+00 -0.284974558555059445928706E-09
  0.142272999587767040585717E+00  0.000000000000000000000000E+00 -0.420854592043312741442173E-09 -0.989827456473247768720114E+00
  0.989827456473247768720114E+00  0.000000000000000000000000E+00 -0.952994931347025447098180E-10  0.142272999587767040585717E+00
     43
  0.259281698471856591766469E-09 -0.707106781186547905804218E+00  0.707106781186547239670404E+00 -0.305960039263839569443588E-09
  0.259281698471857625742235E-09  0.707106781186547239670404E+00  0.707106781186547905804218E+00 -0.305960039263839983033894E-09
 -0.112127929631255077169705E+00  0.130034105052919461398800E-24  0.471079203155598129502131E-09  0.993693779489742023969256E+00
 -0.993693779489742023969256E+00  0.513600118959967155954245E-24  0.315850269134938716823674E-09 -0.112127929631255077169705E+00
     44
 -0.588572687684875687739488E-09  0.707106781186547461715008E+00  0.707106781186547683759613E+00  0.624969828674734578553482E-09
  0.588572687684875687739488E-09  0.707106781186547461715008E+00 -0.707106781186547683759613E+00 -0.624969828674734578553482E-09
 -0.793750901197099179018579E-01  0.000000000000000000000000E+00 -0.947121356808809360136602E-09  0.996844819953681571256254E+00
 -0.996844819953681682278557E+00  0.000000000000000000000000E+00 -0.759586042997053615970784E-09 -0.793750901197099179018579E-01
     45
 -0.771542827092514635038709E-09  0.707106781186547239670404E+00  0.707106781186548127848823E+00  0.704941379968532594813998E-09
  0.771542827092513911255673E-09  0.707106781186547905804218E+00 -0.707106781186547350692706E+00 -0.704941379968532077826115E-09
  0.444856299040989819348901E-01  0.000000000000000000000000E+00  0.104449013855201556262985E-08 -0.999010024340114211049979E+00
 -0.999010024340114544116886E+00  0.000000000000000000000000E+00 -0.104569629807732689950882E-08 -0.444856299040989749959962E-01
     46
  0.709391031899045805324079E-09 -0.707106781186547572737311E+00  0.707106781186547683759613E+00 -0.381613179168156196960896E-09
  0.709391031899046012119232E-09  0.707106781186547350692706E+00  0.707106781186547905804218E+00 -0.381613179168156196960896E-09
 -0.781595833324657228435850E-02  0.000000000000000000000000E+00  0.547507253464918506846128E-09  0.999969454931165846467422E+00
  0.999969454931166290556632E+00  0.000000000000000000000000E+00 -0.998981305343074110281772E-09  0.781595833324657228435850E-02
     47
  0.834126190835820595312948E-09 -0.707106781186547572737311E+00  0.707106781186547461715008E+00 -0.415153508899201927747819E-09
  0.834126190835823076854786E-09  0.707106781186547572737311E+00  0.707106781186547461715008E+00 -0.415153508899201720952665E-09
  0.304311991834248403432372E-01 -0.161266277291892156137607E-24  0.550946174457412496114218E-09  0.999536863810564391030766E+00
  0.999536863810564168986161E+00 -0.192231341526462434157157E-23 -0.119695287677917137873869E-08 -0.304311991834248438126842E-01
     48
 -0.933312533621559113808000E-09 -0.707106781186547572737311E+00 -0.707106781186547572737311E+00  0.451075811633922838871492E-09
  0.933312533621559113808000E-09 -0.707106781186547572737311E+00  0.707106781186547572737311E+00 -0.451075811633922942269069E-09
 -0.701761522201670706611054E-01  0.000000000000000000000000E+00 -0.543719087116756550315212E-09 -0.997534614767613958541403E+00
 -0.997534614767614069563706E+00  0.000000000000000000000000E+00  0.136141577073923850773392E-08  0.701761522201670706611054E-01
     49
 -0.100001422848775581494148E-08  0.707106781186547683759613E+00 -0.707106781186547239670404E+00  0.484815485857440673159010E-09
 -0.100001422848775602173663E-08 -0.707106781186547350692706E+00 -0.707106781186547572737311E+00  0.484815485857440776556587E-09
 -0.111362507939801083645115E+00  0.000000000000000000000000E+00 -0.523875300494830821714721E-09 -0.993779850784547558184556E+00
  0.993779850784547447162254E+00  0.000000000000000000000000E+00 -0.148179059941639584322033E-08 -0.111362507939801097522903E+00
     50
 -0.102870814097134831256446E-08  0.707106781186547461715008E+00 -0.707106781186547461715008E+00  0.509743356497667671604160E-09
 -0.102870814097134810576931E-08 -0.707106781186547461715008E+00 -0.707106781186547461715008E+00  0.509743356497667671604160E-09
  0.153813972888475841704903E+00  0.000000000000000000000000E+00  0.488536729969763511060417E-09  0.988099823775039021178657E+00
  0.988099823775039021178657E+00  0.000000000000000000000000E+00 -0.154838280830643484867237E-08 -0.153813972888475841704903E+00
     51
 -0.570222043887985109604105E-23  0.100000000000000000000000E+01 -0.378452227021974173902241E-14  0.263653915329525974702796E-23
 -0.143674310068078029340507E-08 -0.378452227021974173902241E-14 -0.100000000000000000000000E+01  0.733096030473183579851969E-09
  0.197101198694316886994571E+00  0.187373480271907570864558E-24  0.435531185119920509060565E-09  0.980383148301348206210548E+00
  0.980383148301348206210548E+00  0.232462829046610740050706E-24 -0.155305293955436926067231E-08 -0.197101198694316886994571E+00
     52
  0.475116133263715546945074E-23 -0.100000000000000000000000E+01 -0.294679993801246306657126E-14 -0.559285702003957457376562E-23
  0.142104106707579607224818E-08  0.294679993801246346100171E-14 -0.999999999999999888977698E+00 -0.203180074237817398004030E-08
 -0.240490834757966343016022E+00 -0.518426311695581902672225E-24  0.163042292828193269910472E-08 -0.970651409310992918655359E+00
 -0.970651409310992807633056E+00 -0.452233235942512867575490E-24 -0.186796486327834503607628E-08  0.240490834757966370771598E+00
     53
 -0.105941945565264826079188E-22  0.999999999999999888977698E+00 -0.795257152117407695887393E-14  0.465636605367566828662791E-23
  0.122329202997132657747802E-08  0.773052691624904565078920E-14  0.999999999999999888977698E+00 -0.653235567425060604404888E-09
 -0.283030997034557307845404E+00 -0.501236187552126020551724E-24 -0.280295700249203129627379E-09 -0.959110762486598322773546E+00
  0.959110762486598322773546E+00  0.308276973152024877551939E-24 -0.135815846555632888108158E-08 -0.283030997034557307845404E+00
     54
  0.000000000000000000000000E+00 -0.100000000000000000000000E+01  0.000000000000000000000000E+00  0.000000000000000000000000E+00
 -0.103649328315175803916546E-08  0.000000000000000000000000E+00 -0.100000000000000000000000E+01  0.551511057212176402416921E-09
  0.323767996801162916131744E+00  0.000000000000000000000000E+00  0.186221389617580307246883E-09  0.946136504024320146299942E+00
  0.946136504024320146299942E+00  0.000000000000000000000000E+00 -0.115922576157317186627656E-08 -0.323767996801162916131744E+00
     55
  0.259941721527135887161355E-23  0.100000000000000000000000E+01  0.312808575383205739860222E-14 -0.117463689888486026253148E-23
  0.807601013876343024277251E-09 -0.312808575383205739860222E-14  0.100000000000000000000000E+01 -0.406047576890712173568211E-09
 -0.362010427663192468905606E+00  0.115525386218124110089113E-24 -0.861469836267473356444758E-10 -0.932174045049052102385190E+00
  0.932174045049052102385190E+00 -0.336316964414261688646139E-25 -0.899818264344745078854376E-09 -0.362010427663192468905606E+00
     56
 -0.282050969913684237605592E-23  0.100000000000000000000000E+01 -0.506244928943174422712819E-14  0.102301448391020738520126E-23
  0.549568967272304264684828E-09  0.506244928943174422712819E-14  0.100000000000000000000000E+01 -0.213232810537686943584868E-09
  0.397526489827821405409480E+00  0.670555211986819428384664E-25 -0.228078230582601692437731E-10  0.917590698451750452768749E+00
  0.917590698451750452768749E+00  0.127380599318009639644472E-25 -0.589045165089000102095334E-09 -0.397526489827821405409480E+00
     57
  0.000000000000000000000000E+00  0.100000000000000000000000E+01  0.000000000000000000000000E+00  0.000000000000000000000000E+00
 -0.138575360835308944903247E-08  0.000000000000000000000000E+00 -0.100000000000000000000000E+01 -0.344089956252892014016619E-09
 -0.430602368180747097081706E+00  0.000000000000000000000000E+00  0.907264334844125262771319E-09 -0.902541744473424389916261E+00
  0.902541744473424389916261E+00  0.000000000000000000000000E+00 -0.110253452906363447624949E-08 -0.430602368180747097081706E+00
     58
 -0.312472069590860106982825E-10  0.123851212571082419619618E-13 -0.100000000000000000000000E+01 -0.353253960956933307100915E-09
  0.633860607461642178849532E-24  0.999999999999999888977698E+00  0.121630766521832122315989E-13  0.465355974759071731157175E-23
  0.461956110861518276511362E+00 -0.324928375838315346525515E-24 -0.327736657730259627318200E-09  0.886902785900292811582801E+00
 -0.886902785900292811582801E+00  0.210264025853624886658803E-25 -0.135474787978453802773244E-09  0.461956110861518276511362E+00
     59
 -0.189527045033703882476543E-08 -0.298143384163163504101398E-14 -0.100000000000000000000000E+01  0.693743663868023406338680E-09
  0.541991139042113082050782E-23 -0.100000000000000000000000E+01  0.298143384163163504101398E-14 -0.244900962219733263088505E-23
  0.492538944868874561944239E+00 -0.444918367334233332474766E-24 -0.329735944787920218026247E-09  0.870290404283222795989161E+00
  0.870290404283222795989161E+00 -0.132972235492936926863394E-25 -0.199113126541760345479454E-08 -0.492538944868874672966541E+00
     60
  0.258737468705547104494378E-09  0.334429428573946378973578E-14 -0.999999999999999666933093E+00 -0.109643028498864574155858E-08
 -0.455549456802767023844206E-24 -0.999999999999999888977698E+00 -0.312224968081442932620743E-14 -0.536233835137379219384849E-23
 -0.523249423026542759274093E+00  0.200056375470574675527197E-23  0.798971387775140445005185E-09 -0.852179582777239486013343E+00
 -0.852179582777239152946436E+00  0.177482684569641699214820E-25 -0.794197112917591913828943E-09  0.523249423026542648251791E+00
     61
  0.189266154560722389222570E-08  0.000000000000000000000000E+00  0.100000000000000000000000E+01 -0.147580452462059252537546E-08
 -0.554577221307614220968674E+00  0.000000000000000000000000E+00 -0.178437518609353850850724E-09 -0.832132264490883399865595E+00
  0.000000000000000000000000E+00 -0.100000000000000000000000E+01  0.000000000000000000000000E+00  0.000000000000000000000000E+00
  0.832132264490883399865595E+00  0.000000000000000000000000E+00 -0.239339240270347737752992E-08 -0.554577221307614220968674E+00
     62
 -0.107491729770015828374746E-14  0.000000000000000000000000E+00  0.999999999999999888977698E+00 -0.177453760487356243471688E-14
  0.555352696431025250056734E+00  0.000000000000000000000000E+00  0.219600324600054186341290E-14  0.831614924449284642626878E+00
  0.000000000000000000000000E+00 -0.100000000000000000000000E+01  0.000000000000000000000000E+00  0.000000000000000000000000E+00
  0.831614924449284531604576E+00  0.000000000000000000000000E+00  0.930786308804687346671220E-16 -0.555352696431025361079037E+00
     63
 -0.373766199315213557683001E-08  0.286442998803011559983696E-14 -0.100000000000000000000000E+01  0.297999389389276110114019E-08
  0.556125866401533830440940E+00 -0.107453174582042275167889E-21  0.398056569719063243505101E-09  0.831098081287126588811986E+00
  0.691404335722996805033817E-22  0.999999999999999888977698E+00  0.264238538310508744719585E-14  0.807754493569423746855394E-22
  0.831098081287126588811986E+00  0.131373270887781771707937E-25 -0.476361558166179498762590E-08 -0.556125866401533830440940E+00
     64
 -0.111691448134199851522519E-08  0.931899463771762615919775E-15 -0.100000000000000000000000E+01  0.105931434171681174128036E-08
 -0.556896727740120778271660E+00  0.836550593169950311550059E-23 -0.257841134306182202909910E-09 -0.830581744702076685271663E+00
 -0.569837266448898922409577E-23 -0.100000000000000000000000E+01 -0.931899463771756305032533E-15 -0.596186812218012006002146E-23
  0.830581744702076685271663E+00  0.144744453479846985128297E-26 -0.151761746914632487257592E-08 -0.556896727740120889293962E+00
     65
  0.151538259840400814880673E-08  0.284351031865734875353124E-14 -0.999999999999999888977698E+00 -0.781384091020283305743235E-09
  0.557665281041837213038548E+00  0.142059747878636573452807E-22  0.196476080759165287860802E-09  0.830065921671603534903738E+00
 -0.117662129238679677838790E-22  0.999999999999999888977698E+00  0.262146571373231113455928E-14 -0.957174788827516030352591E-23
 -0.830065921671603423881436E+00  0.309515125437195343708159E-26 -0.169361841626144367303487E-08  0.557665281041837102016245E+00
     66
 -0.115239071802922346556207E-08  0.000000000000000000000000E+00  0.999999999999999888977698E+00  0.533995861840800683685519E-09
 -0.558431546337640694055438E+00  0.000000000000000000000000E+00 -0.200554615820908001671591E-09 -0.829550606084373365334272E+00
  0.000000000000000000000000E+00  0.100000000000000000000000E+01  0.000000000000000000000000E+00  0.000000000000000000000000E+00
 -0.829550606084373254311970E+00  0.000000000000000000000000E+00 -0.125416636925557155258358E-08  0.558431546337640805077740E+00
     67
 -0.118804273632953013592153E-08  0.000000000000000000000000E+00  0.100000000000000000000000E+01  0.459820187766747578645010E-09
 -0.559195533337621397684813E+00  0.000000000000000000000000E+00 -0.283140794954655397571064E-09 -0.829035798681367563922606E+00
  0.000000000000000000000000E+00  0.100000000000000000000000E+01  0.000000000000000000000000E+00  0.000000000000000000000000E+00
 -0.829035798681367674944909E+00  0.000000000000000000000000E+00 -0.124205935391817956066433E-08  0.559195533337621508707116E+00
     68
  0.122870510225167256275282E-08  0.918384421679034958920303E-15 -0.100000000000000000000000E+01 -0.378569263161597085729759E-09
 -0.559957234609878340414468E+00 -0.128477358469441530365165E-23 -0.374369532996759136053380E-09 -0.828521511735246130037069E+00
 -0.184750460828433347264643E-23  0.100000000000000000000000E+01  0.918384421679035353350756E-15 -0.717018389929011736399509E-24
 -0.828521511735246241059372E+00  0.407086649718129226573360E-27 -0.122999120650264110196114E-08  0.559957234609878340414468E+00
     69
 -0.801185827555607707658043E-09  0.000000000000000000000000E+00  0.999999999999999777955395E+00  0.255052050375186476822844E-09
 -0.560716678489735387280746E+00  0.000000000000000000000000E+00 -0.238052936958067891857210E-09 -0.828007733335527906781692E+00
  0.000000000000000000000000E+00  0.100000000000000000000000E+01  0.000000000000000000000000E+00  0.000000000000000000000000E+00
 -0.828007733335527684737087E+00  0.000000000000000000000000E+00 -0.806399631873938213720917E-09  0.560716678489735498303048E+00
     70
  0.828005952822255742198733E-09 -0.911737402012756092582980E-15 -0.100000000000000000000000E+01 -0.201541157666453834620386E-09
  0.561473858178852425204752E+00 -0.531179393203886748863751E-24  0.298129502420169150570461E-09  0.827494475257541495238911E+00
  0.105301214157686047659587E-23  0.100000000000000000000000E+01 -0.911737402012756092582980E-15  0.255900707128668912872002E-24
 -0.827494475257541495238911E+00 -0.187551690468443005830145E-27 -0.798330442817589512320779E-09  0.561473858178852425204752E+00
     71
 -0.178307891270230674050133E-08 -0.908441651429818599541148E-15 -0.100000000000000000000000E+01  0.149606315646153239021503E-08
 -0.562228778194156397773895E+00 -0.354524791512506434861215E-23 -0.234718573769456810414823E-09 -0.826981741618462939946710E+00
  0.361200152223483678283135E-23 -0.100000000000000000000000E+01  0.908441651429818599541148E-15  0.157349124107100243235934E-23
  0.826981741618462939946710E+00 -0.128422855406443403148346E-26 -0.231570355704178614607887E-08 -0.562228778194156397773895E+00
     72
  0.896872914914076080701225E-09 -0.905164438964190417958311E-15 -0.999999999999999888977698E+00 -0.728989741418130500580289E-10
 -0.562981447403622436986836E+00  0.156878162171097738074359E-24 -0.444674093123981686696022E-09 -0.826469533545745482783218E+00
 -0.900089587328923998565115E-24 -0.100000000000000000000000E+01  0.905164438964190417958311E-15 -0.637017346863317610925453E-25
 -0.826469533545745371760916E+00 -0.573237422992177938688363E-28 -0.782279001371997749513494E-09  0.562981447403622214942231E+00
     73
  0.322279557760807608236551E-09  0.901905732080201432919205E-15 -0.999999999999999888977698E+00 -0.199343496972010743756851E-09
 -0.563731873762308155484391E+00 -0.392791146309251934262559E-24 -0.170298070812933686634409E-10 -0.825957852740947684466732E+00
 -0.511977043397523825330881E-24  0.100000000000000000000000E+01  0.901905732080201235703978E-15 -0.144720171171511660088938E-24
 -0.825957852740947573444430E+00  0.142411607311580974440277E-27 -0.378565431181296351286507E-09  0.563731873762308266506693E+00
     74
  0.170059602610813630738128E-08 -0.148110312905706013889033E-14  0.100000000000000022204460E+01 -0.156618718280460487410387E-08
 -0.564480077210786967967238E+00  0.284527964354426769487880E-23 -0.332851391349097025559764E-09 -0.825446692665313341841227E+00
  0.416718394227256996101365E-23  0.100000000000000000000000E+01  0.148110312905705994167511E-14  0.000000000000000000000000E+00
  0.825446692665313452863529E+00 -0.512718437710574369832264E-25 -0.228783291882981543074647E-08 -0.564480077210787078989540E+00
     75
  0.166008784971666617618074E-08 -0.137465271278302915968778E-14  0.999999999999999777955395E+00 -0.160828016148747344409942E-08
  0.565226045475657357108901E+00 -0.270972183184509571315082E-23  0.388403548925409529011826E-09  0.824936068744693828946879E+00
 -0.384943692811526845391204E-23 -0.100000000000000000000000E+01 -0.137465271278302896247255E-14  0.000000000000000000000000E+00
  0.824936068744693717924577E+00 -0.433819153351952582494594E-25 -0.227850799703801057641164E-08 -0.565226045475657468131203E+00
     76
  0.115947449017807531084667E-08  0.128235594833155714942789E-14 -0.999999999999999888977698E+00  0.362897727713439189202015E-09
 -0.565969792134168314667875E+00  0.569949099732148206852252E-24 -0.955409724866537124805195E-09 -0.824425978721926355774485E+00
 -0.115770561309976718431826E-23  0.100000000000000000000000E+01  0.128235594833155695221266E-14  0.000000000000000000000000E+00
 -0.824425978721926355774485E+00  0.798061073539834447913453E-26 -0.750511556788893182902065E-09  0.565969792134168425690177E+00
     77
  0.128156836432601551866166E-08  0.000000000000000000000000E+00 -0.999999999999999888977698E+00  0.552778868442969353352758E-09
