      1
 -0.276090557386346026314134E-24  0.100000000000000000000000E+01  0.957261958306585770700638E-13  0.352373262045777474951449E-24
  0.289646175242087710587357E-11  0.957261958306585770700638E-13 -0.100000000000000000000000E+01 -0.369082947980068044995893E-11
 -0.652673144330099597176797E+00  0.147700721422611636405624E-26 -0.468668891660433840173480E-11  0.757639602100009579288553E+00
  0.757639602100009579288553E+00 -0.280746411104445347394659E-27 -0.214515267058748532905894E-12  0.652673144330099597176797E+00
      2
  0.000000000000000000000000E+00  0.708424877806783537259605E+00  0.705786222948878383398608E+00  0.000000000000000000000000E+00
  0.000000000000000000000000E+00  0.705786222948878383398608E+00 -0.708424877806783537259605E+00  0.000000000000000000000000E+00
 -0.615508860675853530786128E+00  0.000000000000000000000000E+00  0.000000000000000000000000E+00  0.788129965443208346798087E+00
  0.788129965443208346798087E+00  0.000000000000000000000000E+00  0.000000000000000000000000E+00  0.615508860675853530786128E+00
      3
  0.321810581882131051806969E-11 -0.708299822045474480880500E+00 -0.705911724006868412928384E+00 -0.401494378811027634759664E-11
 -0.322899266477186637444251E-11 -0.705911724006868412928384E+00  0.708299822045474480880500E+00  0.402852633541672453084007E-11
 -0.598833591445209867387689E+00  0.000000000000000000000000E+00 -0.728500702113218481470188E-11  0.800873479244275654487240E+00
  0.800873479244275654487240E+00  0.000000000000000000000000E+00  0.245090695801042710968557E-12  0.598833591445209867387689E+00
      4
 -0.426687942145040901916015E-11  0.708097430484819434504118E+00 -0.706114742050324428745967E+00  0.526233992452577744415794E-11
 -0.427886032480293148047438E-11 -0.706114742050324539768269E+00 -0.708097430484819323481815E+00  0.527711596570634403322031E-11
  0.568992409228674222987365E+00 -0.301701569334474854416185E-26 -0.956694149482129449588314E-11 -0.822342774176406665631589E+00
 -0.822342774176406554609287E+00  0.913955594693935214349125E-27  0.728967818256615063432254E-12 -0.568992409228674334009668E+00
      5
  0.000000000000000000000000E+00 -0.708097430484898371361169E+00  0.706114742050245380866613E+00  0.000000000000000000000000E+00
  0.000000000000000000000000E+00 -0.706114742050245380866613E+00 -0.708097430484898371361169E+00  0.000000000000000000000000E+00
 -0.555693042994723551686320E+00  0.000000000000000000000000E+00  0.000000000000000000000000E+00  0.831387540180428818992198E+00
  0.831387540180428818992198E+00  0.000000000000000000000000E+00  0.000000000000000000000000E+00  0.555693042994723551686320E+00
      6
  0.000000000000000000000000E+00 -0.707769827694942565976532E+00  0.706443112362680869509290E+00  0.000000000000000000000000E+00
  0.000000000000000000000000E+00  0.706443112362680869509290E+00  0.707769827694942565976532E+00  0.000000000000000000000000E+00
 -0.521453376157859027628660E+00  0.000000000000000000000000E+00  0.000000000000000000000000E+00  0.853279776212685359126908E+00
  0.853279776212685359126908E+00  0.000000000000000000000000E+00  0.000000000000000000000000E+00  0.521453376157859027628660E+00
      7
  0.830342642708611178835416E-11  0.707769827694942565976532E+00 -0.706443112362680869509290E+00 -0.995014146672777896388894E-11
  0.831902044018969779834969E-11 -0.706443112362680869509290E+00 -0.707769827694942565976532E+00 -0.996882804603057766661483E-11
  0.511695928793944876389332E+00  0.000000000000000000000000E+00  0.181156255336755658528547E-10 -0.859166617400665688641936E+00
  0.859166617400665688641936E+00  0.000000000000000000000000E+00  0.289135796074944423889787E-11  0.511695928793944876389332E+00
      8
  0.121174147435068338147768E-10 -0.707567290069207155411846E+00 -0.706645972198326810520541E+00 -0.143234417093737302307881E-10
  0.121332133062826496487875E-10  0.706645972198326810520541E+00 -0.707567290069207155411846E+00 -0.143421164677938483414589E-10
  0.486426680772898356597267E+00  0.937829007716625587970725E-26  0.260510834759841955771847E-10 -0.873721399664824871500457E+00
  0.873721399664824871500457E+00  0.515485635353148838427995E-26  0.512261013014857023528032E-11  0.486426680772898356597267E+00
      9
  0.000000000000000000000000E+00 -0.710012178703578356042669E+00 -0.704189396464188321900224E+00  0.000000000000000000000000E+00
  0.000000000000000000000000E+00 -0.704189396464188321900224E+00  0.710012178703578356042669E+00  0.000000000000000000000000E+00
  0.479107179756757373123577E+00  0.000000000000000000000000E+00  0.000000000000000000000000E+00 -0.877756407157205709168579E+00
  0.877756407157205709168579E+00  0.000000000000000000000000E+00  0.000000000000000000000000E+00  0.479107179756757373123577E+00
     10
 -0.242747147089890379119169E-10  0.711394449238898385345919E+00 -0.702792954996053209626439E+00  0.284266932965821379758671E-10
 -0.245718133314663208471409E-10 -0.702792954996053209626439E+00 -0.711394449238898385345919E+00  0.287746080515543793992536E-10
 -0.447622820038028113032169E+00 -0.108355139369791569758200E-25  0.516307166327269748273435E-10  0.894222461684564873252157E+00
 -0.894222461684564873252157E+00 -0.838291312664664688222217E-26  0.127812301790090246995924E-10 -0.447622820038028113032169E+00
     11
 -0.271027353183378132455207E-10 -0.710012178703548380021005E+00 -0.704189396464218630988796E+00  0.317144160778788246475238E-10
 -0.273268416832465262950512E-10  0.704189396464218630988796E+00 -0.710012178703548380021005E+00  0.319766553839464831270190E-10
 -0.441870668748999606556538E+00  0.123821924693266560021267E-25  0.574081819708162886617075E-10  0.897078765827902024909690E+00
 -0.897078765827902024909690E+00  0.100723997796707697079759E-25  0.146262044846649068949256E-10 -0.441870668748999606556538E+00
     12
  0.602916273905979502785559E-10  0.709281423997113136259429E+00  0.704925429795682290112779E+00 -0.704380833605802327613302E-10
  0.606641915913026901678078E-10 -0.704925429795682290112779E+00  0.709281423997113136259429E+00 -0.708733462546533313660971E-10
 -0.436164331514103054132647E+00  0.000000000000000000000000E+00  0.127221871234956467397842E-09  0.899867032352478002366070E+00
 -0.899867032352478002366070E+00  0.000000000000000000000000E+00  0.333819675857114149885866E-10 -0.436164331514103054132647E+00
     13
  0.334155261840742417021783E-10  0.708954375852447249428678E+00  0.705254346289100775280190E+00 -0.389077977024483089652744E-10
  0.335908366027996399720629E-10 -0.705254346289100886302492E+00  0.708954375852447138406376E+00 -0.391119226433313388971118E-10
 -0.430471332843469667306380E+00  0.000000000000000000000000E+00  0.701914668356427333382918E-10  0.902604249712999462396112E+00
 -0.902604249712999351373810E+00  0.000000000000000000000000E+00  0.190178845712733125946258E-10 -0.430471332843469722817531E+00
     14
  0.929408168239084629287160E-16 -0.708627175177918511295161E+00 -0.705583111050259947916174E+00  0.000000000000000000000000E+00
  0.933417870314688624067035E-16  0.705583111050260058938477E+00 -0.708627175177918400272858E+00  0.000000000000000000000000E+00
 -0.424785695876957358763093E+00  0.000000000000000000000000E+00  0.383677516279314387353132E-16  0.905293937115635882761921E+00
 -0.905293937115635771739619E+00  0.000000000000000000000000E+00  0.817685088425997892602075E-16 -0.424785695876957414274244E+00
     15
  0.000000000000000000000000E+00  0.708424877806783537259605E+00 -0.705786222948878383398608E+00  0.000000000000000000000000E+00
  0.000000000000000000000000E+00  0.705786222948878383398608E+00  0.708424877806783537259605E+00  0.000000000000000000000000E+00
  0.419139821501747278365002E+00  0.000000000000000000000000E+00  0.000000000000000000000000E+00 -0.907921698182989400649490E+00
  0.907921698182989400649490E+00  0.000000000000000000000000E+00  0.000000000000000000000000E+00  0.419139821501747278365002E+00
     16
  0.000000000000000000000000E+00  0.708097430484898704428076E+00 -0.706114742050245047799706E+00  0.000000000000000000000000E+00
  0.000000000000000000000000E+00  0.706114742050245047799706E+00  0.708097430484898704428076E+00  0.000000000000000000000000E+00
  0.413619729516066902963445E+00  0.000000000000000000000000E+00  0.000000000000000000000000E+00 -0.910449734666914811676008E+00
  0.910449734666914811676008E+00  0.000000000000000000000000E+00  0.000000000000000000000000E+00  0.413619729516066902963445E+00
     17
  0.000000000000000000000000E+00  0.708627175177918844362068E+00 -0.705583111050259725871570E+00  0.000000000000000000000000E+00
  0.000000000000000000000000E+00 -0.705583111050259725871570E+00 -0.708627175177918844362068E+00  0.000000000000000000000000E+00
  0.408383358883477154410713E+00  0.000000000000000000000000E+00  0.000000000000000000000000E+00 -0.912810512750071745280422E+00
  0.912810512750071745280422E+00  0.000000000000000000000000E+00  0.000000000000000000000000E+00  0.408383358883477154410713E+00
     18
  0.290199269821110673622485E-16  0.708424877806783537259605E+00 -0.705786222948878272376305E+00  0.000000000000000000000000E+00
  0.291284209832938368722729E-16 -0.705786222948878383398608E+00 -0.708424877806783426237303E+00  0.000000000000000000000000E+00
 -0.403681683361900522921673E+00  0.000000000000000000000000E+00  0.730370944313500774786639E-16  0.914899501867883935268821E+00
 -0.914899501867883824246519E+00  0.000000000000000000000000E+00  0.165530426737777519117763E-15 -0.403681683361900578432824E+00
     19
  0.000000000000000000000000E+00  0.707769827694942899043440E+00 -0.706443112362680536442383E+00  0.000000000000000000000000E+00
  0.000000000000000000000000E+00 -0.706443112362680536442383E+00 -0.707769827694942899043440E+00  0.000000000000000000000000E+00
  0.399880788934364572728697E+00  0.000000000000000000000000E+00  0.000000000000000000000000E+00 -0.916567157736534965373210E+00
  0.916567157736534965373210E+00  0.000000000000000000000000E+00  0.000000000000000000000000E+00  0.399880788934364572728697E+00
     20
  0.000000000000000000000000E+00 -0.707302065672874236135215E+00  0.706911442752828245161822E+00  0.000000000000000000000000E+00
  0.000000000000000000000000E+00  0.706911442752828245161822E+00  0.707302065672874236135215E+00  0.000000000000000000000000E+00
  0.397480711363301986160934E+00  0.000000000000000000000000E+00  0.000000000000000000000000E+00 -0.917610529633418936512612E+00
  0.917610529633418936512612E+00  0.000000000000000000000000E+00  0.000000000000000000000000E+00  0.397480711363301986160934E+00
     21
  0.245643923989349436854768E-09  0.708689679812519512935864E+00 -0.705520331193388527957211E+00 -0.276770874476584702950868E-09
  0.246747409171663963394873E-09 -0.705520331193388527957211E+00 -0.708689679812519512935864E+00 -0.278014188595334881508592E-09
 -0.397121083575805944310133E+00  0.000000000000000000000000E+00 -0.498300795268946661853382E-09  0.917766225669466306769095E+00
 -0.917766225669466306769095E+00  0.000000000000000000000000E+00 -0.163754525980215201973761E-09 -0.397121083575805944310133E+00
     22
 -0.132564721376996104551641E-09 -0.710602803669130977937130E+00  0.703593387843838624640114E+00  0.206307551173621072556897E-09
 -0.133885372298323056055975E-09  0.703593387843838735662416E+00  0.710602803669130866914827E+00  0.208362851065658510689884E-09
 -0.399547935111895458071274E+00 -0.106338695018403492705676E-24 -0.344077556415839901889972E-09  0.916712303587019827766369E+00
  0.916712303587019716744066E+00  0.128650261339307225879042E-24  0.555634815947063606916347E-10  0.399547935111895513582425E+00
     23
 -0.352400250554539693357656E-10  0.707106781186548571938033E+00 -0.707106781186546351491984E+00  0.783115503952013593611870E-10
  0.352400250554544346248602E-10  0.707106781186546129447379E+00  0.707106781186548349893428E+00 -0.783115503952016566292196E-10
  0.405474969931073014883793E+00 -0.412171387543315231393131E-25 -0.121444200529705207045111E-09 -0.914106147424573078907883E+00
 -0.914106147424573078907883E+00  0.497859734362793044800757E-25  0.650184680827167362546502E-12 -0.405474969931073014883793E+00
     24
 -0.196994821384153520960385E-10  0.707106781186547239670404E+00  0.707106781186547905804218E+00 -0.103978865574416845207697E-09
 -0.196994821384153391713414E-10 -0.707106781186547905804218E+00  0.707106781186547239670404E+00 -0.103978865574416780584212E-09
  0.415175136850521597775554E+00  0.000000000000000000000000E+00 -0.122209483421941782776255E-09 -0.909741504901887321210552E+00
  0.909741504901887321210552E+00  0.000000000000000000000000E+00  0.863955457594366793084330E-10  0.415175136850521597775554E+00
     25
 -0.289696487094939176513327E-09 -0.707106781186548682960336E+00  0.707106781186546462514286E+00 -0.331500782210335271047437E-09
 -0.289696487094939641802421E-09  0.707106781186546462514286E+00  0.707106781186548682960336E+00 -0.331500782210336460119568E-09
 -0.427466871736455089614282E+00  0.181462230786483641031106E-24  0.248691345835149764762178E-09  0.904031013609516098661345E+00
 -0.904031013609516098661345E+00  0.210355902106101760159839E-24 -0.570776892480002215614572E-09 -0.427466871736455089614282E+00
     26
  0.155265412725823086681809E-08 -0.708689679812519401913562E+00  0.705520331193388861024118E+00  0.811689321953883207559875E-09
 -0.155962898254821231145247E-08 -0.705520331193388527957211E+00 -0.708689679812519734980469E+00 -0.815335604446332927008642E-09
 -0.437788371028552891761620E+00  0.000000000000000000000000E+00 -0.709234857868278223848215E-10  0.899078051223677787717747E+00
 -0.899078051223678231806957E+00  0.000000000000000000000000E+00  0.248228954954989543719753E-08 -0.437788371028552669717016E+00
     27
  0.144313187952935124954321E-08  0.707106781186547239670404E+00 -0.707106781186547794781916E+00  0.101174328597781693925832E-08
  0.144313187952935062915775E-08 -0.707106781186547794781916E+00 -0.707106781186547239670404E+00  0.101174328597781611207771E-08
 -0.436652270203048753494102E+00  0.000000000000000000000000E+00  0.396047824562360628965159E-09  0.899630365720568425658143E+00
  0.899630365720568425658143E+00  0.000000000000000000000000E+00  0.246082409445898327507356E-08  0.436652270203048753494102E+00
     28
 -0.242960127963245499237239E-08 -0.707106781186547794781916E+00 -0.707106781186547128648101E+00 -0.142818896968944389981244E-08
 -0.242960127963245664673362E-08  0.707106781186547239670404E+00 -0.707106781186547683759613E+00 -0.142818896968944493378821E-08
 -0.414258546646192105100681E+00  0.000000000000000000000000E+00 -0.414925077517286395254541E-09  0.910159247895984901965960E+00
  0.910159247895984790943658E+00  0.000000000000000000000000E+00 -0.396398898073343301159774E-08  0.414258546646192160611832E+00
     29
 -0.258782658089347480823614E-08  0.707106781186547572737311E+00  0.707106781186547350692706E+00 -0.216504386609806815233340E-08
 -0.258782658089347563541675E-08 -0.707106781186547461715008E+00  0.707106781186547461715008E+00 -0.216504386609806897951402E-08
  0.373899753165008119637491E+00  0.000000000000000000000000E+00 -0.147138131354327383885480E-08 -0.927469123250551086279359E+00
 -0.927469123250550864234754E+00  0.000000000000000000000000E+00 -0.453911415389555346546375E-08 -0.373899753165008175148643E+00
     30
 -0.116314180438174189801682E-08  0.707106781186547683759613E+00  0.707106781186547461715008E+00 -0.107766711082122533696003E-08
  0.116314180438174251840228E-08  0.707106781186547350692706E+00 -0.707106781186547794781916E+00  0.107766711082122575055034E-08
 -0.333035394135456463970968E+00  0.000000000000000000000000E+00  0.889229539645295086483267E-09  0.942914326040834693820614E+00
 -0.942914326040834915865219E+00  0.000000000000000000000000E+00 -0.205859252154355756829723E-08 -0.333035394135456408459817E+00
     31
  0.363217696790839752329558E-09 -0.707106781186547461715008E+00 -0.707106781186547572737311E+00  0.328511948910491036886381E-09
 -0.363217696790840010823499E-09 -0.707106781186547572737311E+00  0.707106781186547461715008E+00 -0.328511948910490933488804E-09
 -0.303786975381004020757558E+00  0.157057362961263991061012E-24  0.286584244727992404370215E-09  0.952739982150880959643757E+00
 -0.952739982150880959643757E+00  0.251127956093821183661508E-24 -0.630526654751176608430131E-09 -0.303786975381004020757558E+00
     32
  0.130260498672785250691987E-08  0.707106781186547794781916E+00  0.707106781186547350692706E+00  0.713309281156058306678283E-09
 -0.130260498672785354089564E-08  0.707106781186547239670404E+00 -0.707106781186547905804218E+00 -0.713309281156058823666166E-09
  0.286319658939260701657759E+00  0.000000000000000000000000E+00  0.439091454564641969699218E-09 -0.958134151830997704557547E+00
  0.958134151830997926602151E+00  0.000000000000000000000000E+00 -0.205386924307115078843128E-08  0.286319658939260646146607E+00
     33
 -0.456831978139279849640522E-09  0.707106781186547239670404E+00  0.707106781186547905804218E+00 -0.229048650869207910844276E-09
 -0.456831978139279746242945E-09 -0.707106781186547905804218E+00  0.707106781186547239670404E+00 -0.229048650869207678199729E-09
 -0.276356621584662509594210E+00  0.107524920375563534697848E-24  0.132766119857176262006232E-09  0.961055158513969720601722E+00
 -0.961055158513969720601722E+00  0.188836457208949989718604E-24 -0.710415922050649534627800E-09 -0.276356621584662509594210E+00
     34
  0.888190443027446720467575E-09 -0.707106781186547905804218E+00  0.707106781186547128648101E+00  0.226618848543895883074527E-09
 -0.888190443027448064636071E-09 -0.707106781186547128648101E+00 -0.707106781186547905804218E+00 -0.226618848543896038170892E-09
 -0.269980983427850707023765E+00  0.106070390839040560925612E-24  0.305343180581913240134695E-10  0.962865654485261512895988E+00
  0.962865654485261512895988E+00 -0.190921927284109215405262E-24 -0.129597237108745116570011E-08  0.269980983427850707023765E+00
     35
  0.434230326570289285258213E-09 -0.707106781186547683759613E+00 -0.707106781186547572737311E+00  0.148022281370045982212084E-09
  0.434230326570289543752154E-09  0.707106781186547572737311E+00 -0.707106781186547683759613E+00  0.148022281370045956362690E-09
  0.264472051256246287742613E+00 -0.691018029797278881145447E-25 -0.394705854992249632373364E-10 -0.964393350300754237380829E+00
 -0.964393350300754237380829E+00  0.127071469256015273440093E-24 -0.647591860256917591222240E-09 -0.264472051256246287742613E+00
     36
  0.794437476680750995981543E-09 -0.707106781186548349893428E+00  0.707106781186546795581194E+00  0.217435883418184321136724E-09
 -0.794437476680752340150039E-09 -0.707106781186546795581194E+00 -0.707106781186548349893428E+00 -0.217435883418184863974001E-09
 -0.258003036340341496135409E+00 -0.101141722963271004376456E-24 -0.722255270509585716982075E-11  0.966144105834716770964121E+00
  0.966144105834716770964121E+00  0.190574506459166222732519E-24 -0.116480314656077173527071E-08  0.258003036340341496135409E+00
     37
  0.514799064114426632229813E-09  0.707106781186547239670404E+00  0.707106781186547794781916E+00  0.162869575151422696548377E-09
  0.514799064114426115241930E-09 -0.707106781186547794781916E+00  0.707106781186547239670404E+00  0.162869575151422593150801E-09
  0.249306531503155265339089E+00  0.000000000000000000000000E+00  0.415554465688280846004949E-10 -0.968424624506144082758397E+00
  0.968424624506144082758397E+00  0.000000000000000000000000E+00 -0.762471176312031925563572E-09  0.249306531503155265339089E+00
     38
 -0.419381546401282638375333E-09  0.707106781186546351491984E+00 -0.707106781186548571938033E+00 -0.192258411179889278761598E-09
  0.419381546401281552700779E-09  0.707106781186548682960336E+00  0.707106781186546240469681E+00  0.192258411179888580827956E-09
 -0.237487823461980579464736E+00  0.882925886223506001268329E-25 -0.123262887738249948641009E-09  0.971390515553498201661853E+00
  0.971390515553498090639550E+00 -0.179532570953107376389337E-24 -0.640698332588783400452243E-09  0.237487823461980607220312E+00
     39
 -0.421597673009874899263688E-09 -0.707106781186547905804218E+00 -0.707106781186547239670404E+00 -0.336535401168045499093334E-09
  0.421597673009874847564900E-09 -0.707106781186547239670404E+00  0.707106781186547905804218E+00  0.336535401168045964382428E-09
 -0.221952061161449332171713E+00  0.153026476324166960799277E-24 -0.331727696372294621951089E-09  0.975057579092734494352612E+00
  0.975057579092734494352612E+00 -0.330454985707326228576545E-24 -0.686992151412493392158844E-09  0.221952061161449332171713E+00
     40
  0.135109109279659873132510E-09 -0.707106781186547128648101E+00 -0.707106781186547683759613E+00  0.246251855922714694311908E-09
  0.135109109279660131626452E-09  0.707106781186547905804218E+00 -0.707106781186547017625799E+00  0.246251855922714332420390E-09
  0.202390735491295603587503E+00 -0.110584416379945847116152E-24 -0.302374185078924240158435E-09 -0.979304850486962585875972E+00
 -0.979304850486962474853669E+00  0.258934902847592105491298E-24 -0.257601753208004276251544E-09 -0.202390735491295631343078E+00
     41
 -0.134351557096739865364842E-10  0.707106781186547794781916E+00  0.707106781186547017625799E+00 -0.270973442379350514345404E-09
 -0.134351557096739994611813E-10 -0.707106781186547128648101E+00  0.707106781186547905804218E+00 -0.270973442379350772839345E-09
 -0.178781750192567118196152E+00  0.000000000000000000000000E+00  0.373643412568025489162719E-09  0.983888756820649246215282E+00
  0.983888756820649135192980E+00  0.000000000000000000000000E+00  0.872055707768244066294190E-10  0.178781750192567145951728E+00
     42
  0.123276386314960993829577E-09 -0.707106781186547350692706E+00  0.707106781186547461715008E+00 -0.294084469109837379903884E-09
  0.123276386314960916281395E-09  0.707106781186547683759613E+00  0.707106781186547239670404E+00 -0.294084469109837379903884E-09
  0.151369849564973707467530E+00  0.000000000000000000000000E+00 -0.437495653703358065534678E-09 -0.988477196824831705335157E+00
  0.988477196824831594312855E+00  0.000000000000000000000000E+00 -0.109376026632124400859087E-09  0.151369849564973735223106E+00
     43
 -0.269920121366688902743834E-09  0.707106781186547572737311E+00 -0.707106781186547239670404E+00  0.316256437923134474857128E-09
 -0.269920121366689057840199E-09 -0.707106781186547239670404E+00 -0.707106781186547572737311E+00  0.316256437923134629953493E-09
  0.120607121551617332833040E+00  0.000000000000000000000000E+00 -0.490028034340530718428134E-09 -0.992700318440078666171189E+00
  0.992700318440078666171189E+00  0.000000000000000000000000E+00 -0.324996082581519773117014E-09  0.120607121551617332833040E+00
     44
 -0.602479795918473526503021E-09  0.707106781186548349893428E+00  0.707106781186546684558891E+00  0.627621623151509774095276E-09
  0.602479795918474870671517E-09  0.707106781186546795581194E+00 -0.707106781186548238871126E+00 -0.627621623151511014866195E-09
 -0.870522453406106649920204E-01  0.000000000000000000000000E+00 -0.958393089347286201396262E-09  0.996203747524148752745532E+00
 -0.996203747524148641723230E+00  0.000000000000000000000000E+00 -0.771534099399027421407651E-09 -0.870522453406106788698082E-01
     45
  0.779839247033042560233876E-09 -0.707106781186547683759613E+00 -0.707106781186547683759613E+00 -0.705776512189632261287558E-09
 -0.779839247033046282546632E-09 -0.707106781186547350692706E+00  0.707106781186547905804218E+00  0.705776512189632881673017E-09
 -0.512500450776968152766244E-01  0.287593308395181690341230E-24 -0.105332860376145296767435E-08  0.998685852948530627948287E+00
  0.998685852948531072037497E+00 -0.229289293478004147813419E-23  0.105025584773693555723051E-08  0.512500450776967875210488E-01
     46
 -0.704211524989807957420204E-09  0.707106781186547461715008E+00 -0.707106781186547572737311E+00  0.392913939397615867857886E-09
  0.704211524989801443372880E-09  0.707106781186547572737311E+00  0.707106781186547461715008E+00 -0.392913939397615609363945E-09
 -0.136261135881912392314730E-01 -0.156348959403578485206521E-24  0.569182955510827893731632E-09  0.999907160204626999089328E+00
 -0.999907160204626999089328E+00 -0.444208602954172217487674E-23  0.988241485953101272194965E-09 -0.136261135881912374967495E-01
     47
 -0.822572532173031473169753E-09  0.707106781186547572737311E+00 -0.707106781186547683759613E+00  0.425542245302024355199418E-09
 -0.822572532173028061049726E-09 -0.707106781186547461715008E+00 -0.707106781186547683759613E+00  0.425542245302024561994571E-09
 -0.255649789871356600268193E-01 -0.165347785965386238765503E-24 -0.571871343020169886371995E-09 -0.999673162513322277611394E+00
  0.999673162513322610678301E+00  0.234903100966868274722148E-23 -0.117829866616615230322656E-08 -0.255649789871356530879254E-01
     48
 -0.915309376596938371171804E-09 -0.707106781186547572737311E+00 -0.707106781186547461715008E+00  0.459831133564939909578336E-09
  0.915309376596938681364534E-09 -0.707106781186547461715008E+00  0.707106781186547572737311E+00 -0.459831133564939961277124E-09
 -0.662155180688511757480796E-01  0.000000000000000000000000E+00 -0.563160032670073128690860E-09 -0.997805344326674559241042E+00
 -0.997805344326674559241042E+00  0.000000000000000000000000E+00  0.133466199098005020105558E-08  0.662155180688511896258674E-01
     49
  0.975860803558672883038680E-09 -0.707106781186547683759613E+00  0.707106781186547572737311E+00 -0.491226676415578008497340E-09
  0.975860803558672883038680E-09  0.707106781186547572737311E+00  0.707106781186547683759613E+00 -0.491226676415578111894916E-09
  0.108264031831462659294374E+00  0.000000000000000000000000E+00  0.541203547616715066766461E-09  0.994122175294161691816441E+00
  0.994122175294161691816441E+00  0.000000000000000000000000E+00 -0.144717481237561040080162E-08 -0.108264031831462659294374E+00
     50
 -0.999106570997887838826983E-09  0.707106781186547683759613E+00 -0.707106781186547461715008E+00  0.513150683830727349778945E-09
 -0.999106570997888045622136E-09 -0.707106781186547461715008E+00 -0.707106781186547683759613E+00  0.513150683830727453176521E-09
  0.151545117914108629086911E+00  0.000000000000000000000000E+00  0.503197365272561726691192E-09  0.988450341310274982475903E+00
  0.988450341310274982475903E+00  0.000000000000000000000000E+00 -0.150660775026584896012397E-08 -0.151545117914108629086911E+00
     51
  0.000000000000000000000000E+00 -0.100000000000000000000000E+01  0.000000000000000000000000E+00  0.000000000000000000000000E+00
  0.138872875149725112585796E-08  0.000000000000000000000000E+00  0.100000000000000000000000E+01 -0.732848275356162129690604E-09
 -0.195645697070429919195433E+00  0.000000000000000000000000E+00 -0.446986918344783474901771E-09 -0.980674645954419221816067E+00
  0.980674645954419221816067E+00  0.000000000000000000000000E+00 -0.150526968838020849128763E-08 -0.195645697070429919195433E+00
     52
 -0.448157723576561750661383E-23 -0.100000000000000000000000E+01  0.288201278002568408685239E-14  0.531543062790638990940168E-23
  0.136435951632861175287417E-08 -0.288201278002568448128285E-14 -0.999999999999999888977698E+00 -0.197748082104175251712927E-08
 -0.239843354760591404017944E+00  0.504283035124936451985861E-24  0.159252878550550118316972E-08 -0.970811601278633751199720E+00
 -0.970811601278633640177418E+00  0.441410813075653702989677E-24 -0.179882157307836419125662E-08  0.239843354760591431773520E+00
     53
  0.000000000000000000000000E+00 -0.100000000000000000000000E+01  0.000000000000000000000000E+00  0.000000000000000000000000E+00
 -0.116948974070622854804162E-08  0.000000000000000000000000E+00 -0.100000000000000000000000E+01  0.641025233623115765957837E-09
  0.283185147507256762544614E+00  0.000000000000000000000000E+00  0.283602875944864135136575E-09  0.959065259631112443372558E+00
  0.959065259631112443372558E+00  0.000000000000000000000000E+00 -0.130314591362341025705889E-08 -0.283185147507256762544614E+00
     54
  0.265976246904587450346851E-23  0.100000000000000000000000E+01  0.259850527595165946837680E-14 -0.126952355145537847586295E-23
  0.983599961502078538551712E-09 -0.259850527595165946837680E-14  0.100000000000000000000000E+01 -0.532799488892305653419294E-09
 -0.324704477723212259210328E+00  0.142457709298104253007315E-24 -0.184550679008582706073788E-09 -0.945815522259227825507821E+00
  0.945815522259227825507821E+00 -0.609168724826623003932641E-25 -0.110330659606083247810530E-08 -0.324704477723212259210328E+00
     55
  0.243178877769152069315662E-23  0.100000000000000000000000E+01  0.311692742716797240405897E-14 -0.109752151770198520181191E-23
  0.758140648748736946901420E-09 -0.311692742716797161519806E-14  0.100000000000000022204460E+01 -0.380851960447289465876693E-09
 -0.363690940233470760833967E+00  0.108425488576491547904954E-24 -0.790420465293346368877476E-10 -0.931519672359147787865652E+00
  0.931519672359148009910257E+00 -0.314389797005964947407132E-25 -0.844735749987245712998158E-09 -0.363690940233470705322816E+00
     56
  0.000000000000000000000000E+00 -0.100000000000000000000000E+01  0.000000000000000000000000E+00  0.000000000000000000000000E+00
 -0.505696078014828291890088E-09  0.000000000000000000000000E+00 -0.999999999999999888977698E+00  0.182016883724211359550753E-09
 -0.399894236488354870573403E+00  0.000000000000000000000000E+00  0.353952283417177332332195E-10 -0.916561290707498588226088E+00
  0.916561290707498477203785E+00  0.000000000000000000000000E+00 -0.536288749198384366440593E-09 -0.399894236488354926084554E+00
     57
 -0.539610460161580315184566E-22 -0.100000000000000000000000E+01 -0.389704326534901852919301E-13 -0.107851745482079930153919E-22
  0.138607623963436407900367E-08 -0.389704326534901852919301E-13  0.100000000000000000000000E+01  0.278983311932796281216614E-09
  0.433585649335188061392898E+00  0.102153179385219299210109E-24 -0.852378125042729182101611E-09  0.901112359637011861579481E+00
  0.901112359637011861579481E+00  0.118215896015186923076783E-25 -0.112804737051922428635656E-08 -0.433585649335188061392898E+00
     58
  0.169075033482332758175078E-11  0.000000000000000000000000E+00  0.999999999999999888977698E+00  0.391861602297481766977515E-09
  0.000000000000000000000000E+00 -0.100000000000000000000000E+01  0.000000000000000000000000E+00  0.000000000000000000000000E+00
 -0.465471068663967757483846E+00  0.000000000000000000000000E+00  0.347609341727783336120225E-09 -0.885063096189658060630734E+00
 -0.885063096189657949608431E+00  0.000000000000000000000000E+00 -0.180903621540075430708842E-09  0.465471068663967812994997E+00
     59
 -0.188847294774499264017502E-08  0.296915263261497574466176E-14 -0.999999999999999888977698E+00  0.732015707193858364452287E-09
 -0.536135573291810774950896E-23 -0.100000000000000000000000E+01 -0.296915263261497535023130E-14  0.257516399988572702817942E-23
  0.496490603797088647652913E+00  0.470732163341362327719373E-24 -0.302188515096469235769190E-09  0.868042095949961511891502E+00
  0.868042095949961400869199E+00  0.139331900531873707533656E-25 -0.200271274341493265712223E-08 -0.496490603797088703164064E+00
     60
  0.282884143114835032388257E-09  0.109031895243991199786765E-14 -0.999999999999999777955395E+00 -0.112481261572015226378487E-08
 -0.513706252339831696711039E-25 -0.100000000000000000000000E+01 -0.109031895243991160343720E-14 -0.179464444532916790068245E-23
 -0.527534574419296409253377E+00  0.672548243398244861209848E-24  0.806335018989463300346485E-09 -0.849533561898676015111675E+00
 -0.849533561898675793067071E+00  0.589984514334370673506247E-26 -0.833696929606041894123171E-09  0.527534574419296520275680E+00
     61
  0.186883904368866242314820E-08  0.000000000000000000000000E+00  0.999999999999999888977698E+00 -0.151902419260708949598436E-08
 -0.559096232969165773951659E+00  0.000000000000000000000000E+00 -0.214566233500453090442106E-09 -0.829102769431925290533059E+00
  0.000000000000000000000000E+00 -0.100000000000000000000000E+01  0.000000000000000000000000E+00  0.000000000000000000000000E+00
  0.829102769431925179510756E+00  0.000000000000000000000000E+00 -0.239874042266932521662060E-08 -0.559096232969165773951659E+00
     62
  0.000000000000000000000000E+00  0.000000000000000000000000E+00  0.100000000000000000000000E+01  0.000000000000000000000000E+00
  0.559873459495325853652048E+00  0.000000000000000000000000E+00  0.000000000000000000000000E+00  0.828578125074959870310920E+00
  0.000000000000000000000000E+00 -0.100000000000000000000000E+01  0.000000000000000000000000E+00  0.000000000000000000000000E+00
 -0.828578125074959870310920E+00  0.000000000000000000000000E+00  0.000000000000000000000000E+00  0.559873459495325853652048E+00
     63
  0.371496371383214780898311E-08  0.000000000000000000000000E+00  0.100000000000000000000000E+01 -0.305585743827288121198991E-08
 -0.560648375045634472790823E+00  0.000000000000000000000000E+00 -0.447626555198278700011711E-09 -0.828053983480962152441407E+00
  0.000000000000000000000000E+00 -0.100000000000000000000000E+01  0.000000000000000000000000E+00  0.000000000000000000000000E+00
  0.828053983480962152441407E+00  0.000000000000000000000000E+00 -0.478945200886475819778700E-08 -0.560648375045634472790823E+00
     64
  0.105744544588799718429792E-08  0.000000000000000000000000E+00  0.100000000000000000000000E+01 -0.110788878963226711229839E-08
  0.561420976118195302895231E+00  0.000000000000000000000000E+00  0.323139486048807283662492E-09  0.827530354473171358975492E+00
  0.000000000000000000000000E+00  0.100000000000000000000000E+01  0.000000000000000000000000E+00  0.000000000000000000000000E+00
  0.827530354473171469997794E+00  0.000000000000000000000000E+00 -0.149706030225183160054718E-08 -0.561420976118195413917533E+00
     65
  0.161470863124941619481140E-08 -0.927817522829355945610330E-15 -0.100000000000000000000000E+01 -0.757524145242990450838654E-09
  0.562191263426116805135280E+00 -0.447500117761251854435717E-23  0.281297191484004199145176E-09  0.827007245027119863856058E+00
  0.401315834601904883658297E-23  0.100000000000000000000000E+01 -0.927817522829355945610330E-15  0.299856021469894597263011E-23
 -0.827007245027119863856058E+00 -0.971191241836471273430706E-27 -0.176124928475728567896339E-08  0.562191263426116805135280E+00
     66
  0.122226297511618081864329E-08  0.190663691320144951489670E-14 -0.999999999999999666933093E+00 -0.517269608068935623991337E-09
  0.562959257065181128965037E+00  0.505424760946093213828076E-23  0.260568865992784622578013E-09  0.826484648910443708835771E+00
  0.481923590561541261299158E-23 -0.999999999999999888977698E+00 -0.168459230827640874048111E-14  0.319173933256372292678001E-23
 -0.826484648910443486791166E+00  0.129068021226631223227383E-26 -0.130138330012601365102216E-08  0.562959257065180906920432E+00
     67
 -0.126031399762974683210582E-08  0.000000000000000000000000E+00  0.999999999999999888977698E+00  0.440798506673278770160577E-09
 -0.563724966743381572520377E+00  0.000000000000000000000000E+00 -0.346387275183717475823974E-09 -0.825962566869814729386690E+00
  0.000000000000000000000000E+00  0.100000000000000000000000E+01  0.000000000000000000000000E+00  0.000000000000000000000000E+00
 -0.825962566869814618364387E+00  0.000000000000000000000000E+00 -0.128946112465861776183587E-08  0.563724966743381683542680E+00
     68
 -0.130371712788336222773545E-08  0.000000000000000000000000E+00  0.100000000000000000000000E+01  0.356847097886266057760381E-09
  0.564488385103167678025216E+00  0.000000000000000000000000E+00  0.441376946802827911107957E-09  0.825441011268290281144289E+00
  0.000000000000000000000000E+00 -0.100000000000000000000000E+01  0.000000000000000000000000E+00  0.000000000000000000000000E+00
 -0.825441011268290281144289E+00  0.000000000000000000000000E+00 -0.127757762646240539745172E-08  0.564488385103167678025216E+00
     69
  0.842896498685177573042142E-09 -0.914384581549949019244768E-15 -0.100000000000000000000000E+01 -0.243887437731372325356849E-09
  0.565249540510741610432888E+00 -0.723209065446546543951309E-24  0.275259240756133360837593E-09  0.824919970028847981957654E+00
 -0.117932522544303390807179E-23 -0.100000000000000000000000E+01  0.914384581549949019244768E-15 -0.373719682550438671309165E-24
 -0.824919970028847981957654E+00 -0.242361369898279102723179E-27 -0.833179416546797957688145E-09  0.565249540510741610432888E+00
     70
  0.871666302236340491324467E-09  0.911075167545976675112585E-15 -0.999999999999999888977698E+00 -0.188326933462740335485259E-09
  0.566008426335254832828525E+00  0.496220474883785403300800E-24  0.338113725040555354556037E-09  0.824399454947350451838872E+00
 -0.107487534863607510743720E-23  0.100000000000000000000000E+01  0.911075167545976477897358E-15 -0.237602174909580467352854E-24
 -0.824399454947350340816570E+00  0.173634057526084727696458E-27 -0.825195672651950090203859E-09  0.566008426335254943850828E+00
     71
  0.179030610869297815364353E-08  0.000000000000000000000000E+00  0.100000000000000000000000E+01 -0.152251752108011212269662E-08
  0.566765046987532383759856E+00  0.000000000000000000000000E+00  0.239688002911140942456581E-09  0.823879470258374824176428E+00
  0.000000000000000000000000E+00  0.100000000000000000000000E+01  0.000000000000000000000000E+00  0.000000000000000000000000E+00
  0.823879470258374824176428E+00  0.000000000000000000000000E+00 -0.233790616280461015169610E-08 -0.566765046987532383759856E+00
     72
  0.945527265480146352268245E-09  0.961047095196159175606619E-15 -0.999999999999999777955395E+00 -0.542780430291059332635151E-10
 -0.567519411493677461422180E+00 -0.124162407105115253623519E-24 -0.491914580811264046772781E-09 -0.823360016990058785069095E+00
  0.760474805927819701436500E-24 -0.999999999999999888977698E+00 -0.739002490271127867521892E-15  0.500920962760190657243125E-25
 -0.823360016990058674046793E+00  0.449151834508510204921923E-28 -0.809313005584554080318298E-09  0.567519411493677572444483E+00
     73
 -0.328903015872915698556735E-09  0.000000000000000000000000E+00  0.100000000000000000000000E+01  0.200027480986099507270891E-09
  0.568271527841568646621795E+00  0.000000000000000000000000E+00  0.223152613079468936972418E-10  0.822841096837420460374801E+00
  0.000000000000000000000000E+00 -0.100000000000000000000000E+01  0.000000000000000000000000E+00  0.000000000000000000000000E+00
 -0.822841096837420460374801E+00  0.000000000000000000000000E+00 -0.384304657856846670015331E-09  0.568271527841568868666400E+00
     74
  0.171226232597642752446222E-08  0.147696366637256667286034E-14  0.100000000000000000000000E+01 -0.158650808373811548632941E-08
 -0.569021416080616071475617E+00 -0.288497723579248923625520E-23 -0.330307808836703628674582E-09 -0.822322703104815366792479E+00
 -0.421271453462049338012648E-23  0.100000000000000000000000E+01 -0.147696366637256627842989E-14  0.000000000000000000000000E+00
  0.822322703104815255770177E+00  0.512590247412867480653649E-25 -0.231078907816115855158997E-08 -0.569021416080616182497920E+00
     75
  0.167388654284126013493778E-08  0.000000000000000000000000E+00  0.100000000000000000000000E+01 -0.162540889034254468608440E-08
  0.569769063888372673254423E+00  0.000000000000000000000000E+00  0.382040143072809308292662E-09  0.821804851431145788609456E+00
  0.000000000000000000000000E+00 -0.100000000000000000000000E+01  0.000000000000000000000000E+00  0.000000000000000000000000E+00
  0.821804851431145788609456E+00  0.000000000000000000000000E+00 -0.230171578353856617198736E-08 -0.569769063888372673254423E+00
     76
  0.122721889718626272638039E-08  0.000000000000000000000000E+00 -0.100000000000000000000000E+01  0.403187778281635846659952E-09
 -0.570514485002433846538850E+00  0.000000000000000000000000E+00 -0.103127925546160655894142E-08 -0.821287539417473344549592E+00
  0.000000000000000000000000E+00  0.100000000000000000000000E+01  0.000000000000000000000000E+00  0.000000000000000000000000E+00
 -0.821287539417473233527289E+00  0.000000000000000000000000E+00 -0.777875120711120536116912E-09  0.570514485002433846538850E+00
     77
  0.135831266076876625158648E-08  0.000000000000000000000000E+00 -0.100000000000000000000000E+01  0.603545962417770083394936E-09
