      1
  0.181000419252119165520402E-11  0.711394449238723636241843E+00 -0.702792954996230068154262E+00 -0.232338892115404519280071E-11
  0.183215686284918042853753E-11 -0.702792954996229846109657E+00 -0.711394449238723636241843E+00 -0.235182491540571017844501E-11
 -0.613902292739350818884247E+00 -0.381013233041368143491440E-26 -0.419058179853213037109597E-11  0.789382020931163941313002E+00
  0.789382020931163941313002E+00  0.803524932033784455791618E-27  0.331220965027592964014368E-14  0.613902292739350818884247E+00
      2
  0.000000000000000000000000E+00  0.708954375852447249428678E+00  0.705254346289100886302492E+00  0.000000000000000000000000E+00
  0.000000000000000000000000E+00  0.705254346289100886302492E+00 -0.708954375852447249428678E+00  0.000000000000000000000000E+00
 -0.582284278842577496249078E+00  0.000000000000000000000000E+00  0.000000000000000000000000E+00  0.812985251165591060740212E+00
  0.812985251165591060740212E+00  0.000000000000000000000000E+00  0.000000000000000000000000E+00  0.582284278842577496249078E+00
      3
  0.288541067776509182572980E-11  0.708627175177852786092103E+00 -0.705583111050326117208442E+00 -0.358584266396496667058094E-11
 -0.289785906974019739421210E-11  0.705583111050326117208442E+00  0.708627175177852786092103E+00  0.360131289681121892811664E-11
  0.568208719912250748151905E+00  0.197616883704764559874780E-26  0.650561170614666963115562E-11 -0.822884469786422267922887E+00
  0.822884469786422267922887E+00  0.543586054927343179980108E-27  0.477410188133761904497819E-12  0.568208719912250748151905E+00
      4
 -0.384818425570647296855385E-11  0.708299822045403537629227E+00 -0.705911724006939689246565E+00  0.469978085095940599816690E-11
 -0.386120265582672855501602E-11 -0.705911724006939689246565E+00 -0.708299822045403537629227E+00  0.471568020076433515207558E-11
  0.543159779235133144403846E+00 -0.264112321049699977406393E-26 -0.855094214019839112852515E-11 -0.839629355264119858759386E+00
 -0.839629355264119858759386E+00  0.856519282191330073224655E-27  0.960815226102523925755016E-12 -0.543159779235133144403846E+00
      5
  0.000000000000000000000000E+00  0.708299822045474480880500E+00  0.705911724006868412928384E+00  0.000000000000000000000000E+00
  0.000000000000000000000000E+00  0.705911724006868412928384E+00 -0.708299822045474480880500E+00  0.000000000000000000000000E+00
  0.532042716568798867982082E+00  0.000000000000000000000000E+00  0.000000000000000000000000E+00 -0.846717513546337730012681E+00
  0.846717513546337730012681E+00  0.000000000000000000000000E+00  0.000000000000000000000000E+00  0.532042716568798867982082E+00
      6
  0.000000000000000000000000E+00 -0.707567290069680221442638E+00  0.706645972197853078355934E+00  0.000000000000000000000000E+00
  0.000000000000000000000000E+00  0.706645972197853078355934E+00  0.707567290069680221442638E+00  0.000000000000000000000000E+00
 -0.503491972300731616130065E+00  0.000000000000000000000000E+00  0.000000000000000000000000E+00  0.863999903836059179873530E+00
  0.863999903836059179873530E+00  0.000000000000000000000000E+00  0.000000000000000000000000E+00  0.503491972300731616130065E+00
      7
 -0.756338694962565190376509E-11 -0.707176810573201475307314E+00  0.707036744863740684863274E+00  0.890999425919400720583818E-11
 -0.756488527508995365858305E-11  0.707036744863740684863274E+00  0.707176810573201475307314E+00  0.891175935086183254681547E-11
 -0.495353634350257310270393E+00  0.000000000000000000000000E+00 -0.162460958784950881552007E-10  0.868691416405153349344914E+00
  0.868691416405153349344914E+00  0.000000000000000000000000E+00  0.305026761257578630608233E-11  0.495353634350257310270393E+00
      8
 -0.108383899654798509123813E-10 -0.720075010265683435051187E+00  0.693896231140417651950258E+00  0.125942957620167776262343E-10
 -0.112472923405705392326980E-10  0.693896231140417651950258E+00  0.720075010265683435051187E+00  0.130694435898847024815716E-10
  0.474167793945299842484076E+00  0.000000000000000000000000E+00  0.233862509330181679985838E-10 -0.880434496816797751428396E+00
  0.880434496816797751428396E+00  0.000000000000000000000000E+00  0.514574801054606895882842E-11  0.474167793945299842484076E+00
      9
  0.000000000000000000000000E+00 -0.730892883490927292022832E+00 -0.682492192528469709955630E+00  0.000000000000000000000000E+00
  0.000000000000000000000000E+00 -0.682492192528469709955630E+00  0.730892883490927292022832E+00  0.000000000000000000000000E+00
  0.467967115847312598031493E+00  0.000000000000000000000000E+00  0.000000000000000000000000E+00 -0.883745878907250093092784E+00
  0.883745878907250093092784E+00  0.000000000000000000000000E+00  0.000000000000000000000000E+00  0.467967115847312598031493E+00
     10
 -0.218779316166948065414365E-10  0.711394449238895165699148E+00 -0.702792954996056429273210E+00  0.253289017933038928417227E-10
 -0.221456959724818717132880E-10 -0.702792954996056429273210E+00 -0.711394449238895165699148E+00  0.256389026284058132154765E-10
 -0.440478616007194290205007E+00 -0.960026353942868622524753E-26  0.460677846515470487598857E-10  0.897763102850850480685096E+00
 -0.897763102850850480685096E+00 -0.756295937886862173075790E-26  0.120723466348828340939214E-10 -0.440478616007194290205007E+00
     11
 -0.243158183598195882184222E-10 -0.710540484828608986944687E+00 -0.703656321949518881453400E+00  0.281587383052779727739522E-10
 -0.245537101386692085583583E-10  0.703656321949518992475703E+00 -0.710540484828608875922384E+00  0.284342269705771431879445E-10
 -0.435243198576934664512095E+00  0.109418103502628112588086E-25  0.510690196537059814190214E-10  0.900312922317856534348834E+00
 -0.900312922317856423326532E+00  0.904960516136618288443340E-26  0.136943086067569985473668E-10 -0.435243198576934720023246E+00
     12
  0.538330745736881351322831E-10 -0.710012178703578356042669E+00  0.704189396464188321900224E+00 -0.622871269571845382297083E-10
  0.542782080450146568585798E-10  0.704189396464188321900224E+00  0.710012178703578356042669E+00 -0.628021650682523863892587E-10
 -0.429974641362345810779999E+00  0.000000000000000000000000E+00  0.112728517541877694025315E-09  0.902840964835624926188018E+00
 -0.902840964835624926188018E+00  0.000000000000000000000000E+00  0.309871463882233214086950E-10 -0.429974641362345810779999E+00
     13
 -0.296721987500827281698738E-10  0.709810278883677536754249E+00 -0.704392907396912848483339E+00  0.342255741136186518084461E-10
 -0.299004028131422662754597E-10 -0.704392907396912848483339E+00 -0.709810278883677536754249E+00  0.344887974473209340178255E-10
 -0.424649607447371513213596E+00 -0.139989638098538142781291E-25  0.618783592408660891769855E-10  0.905357780601013684140810E+00
 -0.905357780601013684140810E+00 -0.127117003663316423322939E-25  0.175045479084731948845990E-10 -0.424649607447371513213596E+00
     14
  0.000000000000000000000000E+00  0.709483474571013128517905E+00 -0.704722072387861664388709E+00  0.000000000000000000000000E+00
  0.000000000000000000000000E+00 -0.704722072387861664388709E+00 -0.709483474571013128517905E+00  0.000000000000000000000000E+00
  0.419273717653451005737963E+00  0.000000000000000000000000E+00  0.000000000000000000000000E+00 -0.907859873375321257960024E+00
  0.907859873375321257960024E+00  0.000000000000000000000000E+00  0.000000000000000000000000E+00  0.419273717653451005737963E+00
     15
  0.000000000000000000000000E+00  0.709483474571013128517905E+00 -0.704722072387861664388709E+00  0.000000000000000000000000E+00
  0.000000000000000000000000E+00  0.704722072387861664388709E+00  0.709483474571013128517905E+00  0.000000000000000000000000E+00
  0.413894424926495696492879E+00  0.000000000000000000000000E+00  0.000000000000000000000000E+00 -0.910324889813941884320059E+00
  0.910324889813941884320059E+00  0.000000000000000000000000E+00  0.000000000000000000000000E+00  0.413894424926495696492879E+00
     16
  0.000000000000000000000000E+00 -0.709281423997112803192522E+00 -0.704925429795682623179687E+00  0.000000000000000000000000E+00
  0.000000000000000000000000E+00 -0.704925429795682623179687E+00  0.709281423997112803192522E+00  0.000000000000000000000000E+00
  0.408617428182771191824685E+00  0.000000000000000000000000E+00  0.000000000000000000000000E+00 -0.912705756191609540728393E+00
  0.912705756191609540728393E+00  0.000000000000000000000000E+00  0.000000000000000000000000E+00  0.408617428182771191824685E+00
     17
  0.927196914806745641751810E-16 -0.709810278883702516772303E+00 -0.704392907396887535398378E+00  0.000000000000000000000000E+00
  0.934327835740488900093794E-16  0.704392907396887646420680E+00 -0.709810278883702405750000E+00  0.000000000000000000000000E+00
  0.403626419788823687095913E+00  0.000000000000000000000000E+00 -0.364934636616870227825013E-16 -0.914923883855075836812887E+00
  0.914923883855075725790584E+00  0.000000000000000000000000E+00 -0.827218929973505297875774E-16  0.403626419788823742607065E+00
     18
  0.000000000000000000000000E+00  0.709483474571013128517905E+00 -0.704722072387861664388709E+00  0.000000000000000000000000E+00
  0.000000000000000000000000E+00 -0.704722072387861664388709E+00 -0.709483474571013128517905E+00  0.000000000000000000000000E+00
  0.399205830664582483890968E+00  0.000000000000000000000000E+00  0.000000000000000000000000E+00 -0.916861333443286130595595E+00
  0.916861333443286130595595E+00  0.000000000000000000000000E+00  0.000000000000000000000000E+00  0.399205830664582483890968E+00
     19
  0.000000000000000000000000E+00  0.709281423997113136259429E+00 -0.704925429795682290112779E+00  0.000000000000000000000000E+00
  0.000000000000000000000000E+00 -0.704925429795682290112779E+00 -0.709281423997113136259429E+00  0.000000000000000000000000E+00
  0.395764633786067854259727E+00  0.000000000000000000000000E+00  0.000000000000000000000000E+00 -0.918351977535944330455209E+00
  0.918351977535944330455209E+00  0.000000000000000000000000E+00  0.000000000000000000000000E+00  0.395764633786067854259727E+00
     20
  0.000000000000000000000000E+00  0.708829414315015782221963E+00 -0.705379941167759483278132E+00  0.000000000000000000000000E+00
  0.000000000000000000000000E+00 -0.705379941167759483278132E+00 -0.708829414315015782221963E+00  0.000000000000000000000000E+00
  0.393856656548693007113826E+00  0.000000000000000000000000E+00  0.000000000000000000000000E+00 -0.919171874075945027904311E+00
  0.919171874075945027904311E+00  0.000000000000000000000000E+00  0.000000000000000000000000E+00  0.393856656548693007113826E+00
     21
  0.194636885169209065549016E-09 -0.707972313402275399418784E+00 -0.706240188219156683757660E+00 -0.205893780755370100964973E-09
  0.195114251730880830815671E-09  0.706240188219156794779963E+00 -0.707972313402275621463389E+00 -0.206398755987086998385362E-09
 -0.394186214616923380482660E+00 -0.206570511936681592590048E-24 -0.376565741443425795188520E-09  0.919030591550673459089182E+00
  0.919030591550673459089182E+00  0.249627988063608712272344E-24  0.138361938750487833509528E-09  0.394186214616923380482660E+00
     22
 -0.998556404922215476270751E-10  0.707832408520189360068287E+00  0.706380408454614250324255E+00  0.142194641226172026412414E-09
 -0.100060898728162636974297E-09 -0.706380408454614361346557E+00  0.707832408520189249045984E+00  0.142486929384101700359360E-09
 -0.397569798458616840974855E+00  0.000000000000000000000000E+00 -0.240909089834435072923068E-09  0.917571934702437808084596E+00
 -0.917571934702437697062294E+00  0.000000000000000000000000E+00 -0.496794388441111145657301E-10 -0.397569798458616896486006E+00
     23
  0.306561445933942435709439E-10  0.709747865910020592217222E+00  0.704455794806296831112036E+00 -0.526347608191961399902408E-10
 -0.308864422190939949304435E-10  0.704455794806296831112036E+00 -0.709747865910020592217222E+00  0.530301680240716182791982E-10
 -0.404777116748246734712069E+00 -0.278641058848959860036007E-25  0.859371745398177572845859E-10  0.914415379221596547054673E+00
 -0.914415379221596547054673E+00 -0.338490892499531524365371E-25  0.954936194479409714211806E-11 -0.404777116748246734712069E+00
     24
  0.958618081452595547232144E-11 -0.707106781186546906603496E+00 -0.707106781186548016826521E+00  0.717775831663145791380308E-10
  0.958618081452586015268054E-11  0.707106781186548016826521E+00 -0.707106781186546906603496E+00  0.717775831663145145145454E-10
 -0.416062788680890638381982E+00 -0.388649407849775917172055E-25  0.866650527468863808378254E-10  0.909335887268879594635962E+00
 -0.909335887268879594635962E+00 -0.463863629381858715757039E-25 -0.545619304849245588373649E-10 -0.416062788680890638381982E+00
     25
  0.198854315999450364845336E-09 -0.711192949681198394173975E+00 -0.702996862243179920781699E+00  0.245966199029813464580072E-09
  0.201172715197077059105328E-09  0.702996862243179920781699E+00 -0.711192949681198394173975E+00  0.248833865419692944499969E-09
 -0.430009739294457793423732E+00 -0.137056861196106005109431E-24  0.194246892992028393614009E-09  0.902824248739427903664989E+00
 -0.902824248739427903664989E+00 -0.158957216586257020663944E-24 -0.405831625848943149864846E-09 -0.430009739294457793423732E+00
     26
  0.114258557794561282274683E-08 -0.707106781186547572737311E+00  0.707106781186547683759613E+00  0.676314252213556541073392E-09
 -0.114258557794561344313229E-08 -0.707106781186547683759613E+00 -0.707106781186547572737311E+00 -0.676314252213556127483085E-09
  0.441371296052072203952577E+00 -0.379572479713429956313783E-24  0.145054303529835899413343E-09 -0.897324567267225869926506E+00
  0.897324567267225869926506E+00 -0.428428998629245399390548E-24 -0.187210179989590049094984E-08  0.441371296052072203952577E+00
     27
 -0.101220429528631686817678E-08 -0.707106781186547572737311E+00  0.707106781186547572737311E+00 -0.858342918094847576116226E-09
 -0.101220429528631624779132E-08  0.707106781186547461715008E+00  0.707106781186547683759613E+00 -0.858342918094847886308955E-09
  0.439512139738021168078319E+00 -0.478583155109564917900986E-24 -0.461201851854327630107315E-09 -0.898236649788298535668218E+00
 -0.898236649788298757712823E+00  0.540796601303397349568899E-24 -0.181931673179144696438143E-08 -0.439512139738021057056017E+00
     28
 -0.173731124489423972120732E-08 -0.707106781186547461715008E+00 -0.707106781186547683759613E+00 -0.126760195257631300372789E-08
 -0.173731124489423786005094E-08  0.707106781186547683759613E+00 -0.707106781186547461715008E+00 -0.126760195257631300372789E-08
 -0.414161654417775471070939E+00  0.684024759210892948626716E-24 -0.614119130704637420374041E-09  0.910203342121929992458718E+00
  0.910203342121929992458718E+00 -0.818760417590196920694542E-24 -0.297875618043386626286374E-08  0.414161654417775471070939E+00
     29
 -0.175968499786379408281968E-08  0.707106781186547572737311E+00  0.707106781186547683759613E+00 -0.188971160840289044541835E-08
 -0.175968499786379201486815E-08 -0.707106781186547572737311E+00  0.707106781186547683759613E+00 -0.188971160840289085900865E-08
  0.370772649866680181762746E+00  0.970142245117844290351102E-24 -0.155927888272664061381334E-08 -0.928723662943310657169604E+00
 -0.928723662943310879214209E+00 -0.129105576287680273737929E-23 -0.330206823642854096825311E-08 -0.370772649866680126251595E+00
     30
 -0.774636974034773585187296E-09  0.707106781186547350692706E+00  0.707106781186547683759613E+00 -0.944646187095056899960567E-09
  0.774636974034772447813953E-09  0.707106781186547572737311E+00 -0.707106781186547461715008E+00  0.944646187095057106755720E-09
 -0.329819916391793532817189E+00 -0.463605587650805937460280E-24  0.899859402443937429153616E-09  0.944043866963453437435305E+00
 -0.944043866963453659479910E+00 -0.686864173481520732743135E-24 -0.147481906110679105913859E-08 -0.329819916391793477306038E+00
     31
  0.238474496405088507408302E-09 -0.707106781186547572737311E+00 -0.707106781186547683759613E+00  0.293368637476583262519511E-09
 -0.238474496405088455709514E-09 -0.707106781186547683759613E+00  0.707106781186547572737311E+00 -0.293368637476583210820723E-09
 -0.303681545545782582973260E+00  0.000000000000000000000000E+00  0.292874559507227559425330E-09  0.952773592672952251980689E+00
 -0.952773592672952251980689E+00  0.000000000000000000000000E+00 -0.447319771723207334259117E-09 -0.303681545545782582973260E+00
     32
  0.915345595200446304018441E-09  0.707106781186547350692706E+00  0.707106781186547794781916E+00  0.680257076690243580086728E-09
 -0.915345595200446097223287E-09  0.707106781186547683759613E+00 -0.707106781186547461715008E+00 -0.680257076690243269893998E-09
  0.291261696560579264048130E+00  0.000000000000000000000000E+00  0.543281905242045782586005E-09 -0.956643415341710934285402E+00
  0.956643415341711156330007E+00  0.000000000000000000000000E+00 -0.151857155147594471268718E-08  0.291261696560579208536979E+00
     33
  0.300388770116236437690355E-09 -0.707106781186547017625799E+00 -0.707106781186547905804218E+00  0.237606449096741027405260E-09
  0.300388770116235713907319E-09  0.707106781186547905804218E+00 -0.707106781186547017625799E+00  0.237606449096740768911318E-09
 -0.287319525801854436242166E+00 -0.111546184593804691615961E-24  0.199800325334165972663238E-09  0.957834792692872194486142E+00
 -0.957834792692872194486142E+00 -0.187146598289175394940005E-24 -0.503448414164724106777310E-09 -0.287319525801854436242166E+00
     34
  0.635599671597416804283310E-09 -0.707106781186547572737311E+00  0.707106781186547572737311E+00  0.268043065006389341304497E-09
 -0.635599671597417321271193E-09 -0.707106781186547572737311E+00 -0.707106781186547572737311E+00 -0.268043065006389341304497E-09
 -0.287393286320324514715452E+00  0.125797374008890454038470E-24 -0.104747886906588369292978E-09  0.957812663822108834033031E+00
  0.957812663822108834033031E+00 -0.211066608779435742556936E-24 -0.969894908866004244559828E-09  0.287393286320324514715452E+00
     35
  0.274917606041572643578779E-09 -0.707106781186547794781916E+00 -0.707106781186547572737311E+00  0.185580157657392615921287E-09
  0.274917606041572488482414E-09  0.707106781186547572737311E+00 -0.707106781186547794781916E+00  0.185580157657392745168258E-09
  0.288393000557805090355856E+00  0.871347553060578872949353E-25 -0.139174083984346564667268E-09 -0.957512129024622793416199E+00
 -0.957512129024622793416199E+00 -0.145698551072095079551741E-24 -0.447961989908364927015332E-09 -0.288393000557805090355856E+00
     36
  0.533968763664828383047223E-09 -0.707106781186546351491984E+00  0.707106781186548682960336E+00  0.276806702300092461266357E-09
 -0.533968763664826418493268E-09 -0.707106781186548682960336E+00 -0.707106781186546351491984E+00 -0.276806702300091685784532E-09
 -0.288169324584488906193513E+00 -0.129904409297114954025557E-24 -0.157247816200807327619950E-09  0.957579469479436728995836E+00
  0.957579469479436728995836E+00  0.217180021034307090376002E-24 -0.835920035838398313877262E-09  0.288169324584488906193513E+00
     37
  0.337741549321685212743750E-09  0.707106781186547239670404E+00  0.707106781186547794781916E+00  0.200153400509704996738171E-09
  0.337741549321684954249809E-09 -0.707106781186547794781916E+00  0.707106781186547239670404E+00  0.200153400509704815792412E-09
  0.285140068861164885927195E+00  0.000000000000000000000000E+00  0.135114717415943830540342E-09 -0.958485858596698436784322E+00
  0.958485858596698436784322E+00  0.000000000000000000000000E+00 -0.538521675461939875278188E-09  0.285140068861164885927195E+00
     38
 -0.246367131202481693357143E-09  0.707106781186547905804218E+00 -0.707106781186547128648101E+00 -0.228155362086215576429972E-09
  0.246367131202481693357143E-09  0.707106781186547128648101E+00  0.707106781186547905804218E+00  0.228155362086215912472095E-09
 -0.278103252926517441334653E+00 -0.106288110516103577467997E-24 -0.213036286774621385290512E-09  0.960551185888440572924196E+00
  0.960551185888440572924196E+00  0.182971738338293823386102E-24 -0.424404059462851238178740E-09  0.278103252926517441334653E+00
     39
 -0.174326139569183943623657E-09 -0.707106781186547239670404E+00 -0.707106781186547905804218E+00 -0.397834583447734693724780E-09
  0.174326139569183762677898E-09 -0.707106781186547905804218E+00  0.707106781186547239670404E+00  0.397834583447734280134473E-09
  0.266181565283439780511543E+00  0.000000000000000000000000E+00  0.476702349922590000608287E-09 -0.963922908900529229470067E+00
 -0.963922908900529229470067E+00  0.000000000000000000000000E+00  0.387400034881947654291404E-09 -0.266181565283439780511543E+00
     40
 -0.184634384514632173223847E-10 -0.707106781186550126250268E+00 -0.707106781186544575135144E+00  0.304826359697015982591679E-09
  0.184634384514616405093420E-10 -0.707106781186544686157447E+00  0.707106781186550459317175E+00 -0.304826359697018309037152E-09
  0.248838368229207906878742E+00 -0.138220927738292920210313E-24 -0.424027057308038217366976E-09 -0.968545025539352510968172E+00
 -0.968545025539352733012777E+00  0.261875537629631417285144E-24 -0.819820317410207048363825E-10 -0.248838368229207851367590E+00
     41
  0.124474555270166684704067E-09  0.707106781186547350692706E+00  0.707106781186547683759613E+00 -0.331227236514997618708795E-09
  0.124474555270166607155885E-09 -0.707106781186547683759613E+00  0.707106781186547350692706E+00 -0.331227236514997411913642E-09
 -0.225917509630725238389815E+00  0.000000000000000000000000E+00  0.496084640737912209052462E-09  0.974146436036313456696689E+00
  0.974146436036313456696689E+00  0.000000000000000000000000E+00 -0.656568615003207880054881E-10  0.225917509630725238389815E+00
     42
 -0.239988349255566458753871E-09  0.707106781186547461715008E+00 -0.707106781186547572737311E+00  0.355086271834718539328950E-09
 -0.239988349255566407055083E-09 -0.707106781186547572737311E+00 -0.707106781186547461715008E+00  0.355086271834718435931373E-09
  0.197664835499885283010002E+00  0.000000000000000000000000E+00 -0.559346294277344798583839E-09 -0.980269663310460170890792E+00
  0.980269663310460170890792E+00  0.000000000000000000000000E+00 -0.233437485263152040503507E-09  0.197664835499885283010002E+00
     43
 -0.360234965580268540368639E-09  0.707106781186549349094150E+00 -0.707106781186545796380472E+00  0.376718188947390512246525E-09
 -0.360234965580273710247468E-09 -0.707106781186545574335867E+00 -0.707106781186549238071848E+00  0.376718188947392735294422E-09
 -0.164691818789499844211122E+00  0.325734979795909737460452E-24  0.609387248432011892881713E-09  0.986345073908622804736979E+00
 -0.986345073908622804736979E+00  0.879976104174607291395613E-24  0.414751255366964561624151E-09 -0.164691818789499844211122E+00
     44
 -0.713432005480180438815448E-09  0.707106781186543131845212E+00  0.707106781186551569540200E+00  0.650142686557360606854566E-09
  0.713432005480166376745034E-09  0.707106781186551680562502E+00 -0.707106781186543464912120E+00 -0.650142686557352645241170E-09
  0.127858326175964764903625E+00  0.274663003049544992808460E-24  0.104089628968418100475418E-08 -0.991792442211312907929255E+00
  0.991792442211313018951557E+00  0.923634032111720251952613E-24  0.883106105050046270436304E-09  0.127858326175964764903625E+00
     45
 -0.851949898508189803984078E-09  0.707106781186546573536589E+00  0.707106781186548571938033E+00  0.710304489897211292485752E-09
  0.851949898508185564683439E-09  0.707106781186548349893428E+00 -0.707106781186546684558891E+00 -0.710304489897209327931797E-09
  0.880891067842206471061317E-01  0.292220017881097069879732E-24  0.110675047194188088626196E-08 -0.996112598688500772148302E+00
  0.996112598688500994192907E+00  0.136551278620130547063429E-23  0.111166805128912163889267E-08  0.880891067842206609839195E-01
     46
  0.693028246580131043389012E-09 -0.707106781186547683759613E+00  0.707106781186547461715008E+00 -0.440127402964876402023576E-09
 -0.693028246580133214738120E-09 -0.707106781186547461715008E+00 -0.707106781186547683759613E+00  0.440127402964876608818730E-09
  0.461783184652015538107506E-01 -0.176190340592297501930620E-24 -0.667029043065372723051818E-09 -0.998933212434007788971257E+00
 -0.998933212434007899993560E+00  0.148853722910337002717770E-23  0.950301435600502310816119E-09 -0.461783184652015607496445E-01
     47
 -0.774924044508453995607647E-09  0.707106781186547572737311E+00 -0.707106781186547572737311E+00  0.463650211635450585136489E-09
  0.774924044508489047386104E-09  0.707106781186547572737311E+00  0.707106781186547572737311E+00 -0.463650211635450585136489E-09
 -0.265623835005413585358403E-02  0.180619192050590006516628E-24  0.658609097413514674056897E-09  0.999996472192691165936651E+00
 -0.999996472192691165936651E+00  0.248766904118202615180012E-22  0.109416253080524189441334E-08 -0.265623835005413672094576E-02
     48
  0.833031480109169790901981E-09  0.707106781186547461715008E+00  0.707106781186547683759613E+00 -0.486568521968244555214230E-09
  0.833031480109169687504405E-09 -0.707106781186547461715008E+00  0.707106781186547572737311E+00 -0.486568521968244555214230E-09
 -0.422295503530565122241036E-01  0.000000000000000000000000E+00 -0.637747982195323172291980E-09 -0.999107934648193363180724E+00
 -0.999107934648193474203026E+00  0.000000000000000000000000E+00  0.120609225171193445634465E-08  0.422295503530565191629975E-01
     49
  0.862912980885660741037577E-09 -0.707106781186547572737311E+00  0.707106781186547461715008E+00 -0.504689993167275184166724E-09
  0.862912980885660947832730E-09  0.707106781186547461715008E+00  0.707106781186547572737311E+00 -0.504689993167275287564300E-09
  0.884084552307925902736585E-01  0.000000000000000000000000E+00  0.603055967659232227296795E-09  0.996084306192856816508652E+00
  0.996084306192856816508652E+00  0.000000000000000000000000E+00 -0.127866557214160783397861E-08 -0.884084552307925902736585E-01
     50
 -0.861491741689812000606304E-09  0.707106781186547683759613E+00 -0.707106781186547239670404E+00  0.511932612643381124434255E-09
 -0.861491741689809208871737E-09 -0.707106781186547017625799E+00 -0.707106781186547572737311E+00  0.511932612643381951614867E-09
  0.135791630475632446595213E+00  0.369724900018947958568033E-24  0.551836635438526629058441E-09  0.990737418841525996349162E+00
  0.990737418841525885326860E+00  0.760142443371594184190164E-24 -0.130535909602037642982774E-08 -0.135791630475632418839638E+00
     51
 -0.878742970214012792046547E-23  0.999999999999999888977698E+00 -0.629985257086199495210644E-14  0.404823645122904294978571E-23
 -0.117019843300518747782618E-08 -0.607780796593696443288262E-14 -0.999999999999999777955395E+00  0.709119220257800419998029E-09
  0.184060067135036170560269E+00  0.355120517850571577800704E-24  0.481617155111038120222136E-09  0.982914997182485761229032E+00
  0.982914997182485650206729E+00  0.474841119587287984644066E-24 -0.128072590251666590926813E-08 -0.184060067135036198315845E+00
     52
 -0.844970168432869281892334E-23 -0.999999999999999888977698E+00  0.525422899831624775816590E-14  0.774875272843780294073440E-23
  0.114969263694795599645218E-08 -0.503218439339121645008118E-14 -0.999999999999999888977698E+00 -0.166593321379685484547372E-08
 -0.232534724653308572106525E+00  0.833466940023974051323014E-24  0.135292337524775564614753E-08 -0.972588094637400923936355E+00
 -0.972588094637400923936355E+00  0.757261664643481279084309E-24 -0.150556458436994477164182E-08  0.232534724653308599862100E+00
     53
  0.000000000000000000000000E+00 -0.100000000000000000000000E+01  0.000000000000000000000000E+00  0.000000000000000000000000E+00
 -0.941991003024828562479570E-09  0.000000000000000000000000E+00 -0.100000000000000000000000E+01  0.572132169143098288859296E-09
  0.280214930878444568040919E+00  0.000000000000000000000000E+00  0.285251057718800416578935E-09  0.959937285718597599348811E+00
  0.959937285718597599348811E+00  0.000000000000000000000000E+00 -0.106457226284476088989265E-08 -0.280214930878444568040919E+00
     54
 -0.199192017974466450995659E-23  0.100000000000000000000000E+01 -0.247098594765780598854234E-14  0.996412993033516683085397E-24
  0.771171165329917735089809E-09  0.247098594765780598854234E-14  0.100000000000000000000000E+01 -0.441738713202611523733625E-09
 -0.326002285098873578750300E+00 -0.118076673645808733413070E-24 -0.166202515039096319728307E-09 -0.945368980933007252431821E+00
  0.945368980933007252431821E+00  0.506403346372630371033916E-25 -0.873049128613551461094493E-09 -0.326002285098873578750300E+00
     55
  0.000000000000000000000000E+00 -0.100000000000000000000000E+01  0.000000000000000000000000E+00  0.000000000000000000000000E+00
 -0.571593221470986616441553E-09  0.000000000000000000000000E+00 -0.100000000000000000000000E+01  0.268612839673886940151252E-09
  0.369017686806571987290226E+00  0.000000000000000000000000E+00  0.387267743984252653098177E-10  0.929422372672364160983705E+00
  0.929422372672364160983705E+00  0.000000000000000000000000E+00 -0.630374416846006655118061E-09 -0.369017686806571987290226E+00
     56
  0.000000000000000000000000E+00 -0.100000000000000000000000E+01  0.000000000000000000000000E+00  0.000000000000000000000000E+00
 -0.352319125737476607334146E-09  0.000000000000000000000000E+00 -0.100000000000000000000000E+01  0.506543633446692936828568E-10
 -0.408859251993341055175790E+00  0.000000000000000000000000E+00  0.978219366095472584025556E-10 -0.912597453458777518875422E+00
  0.912597453458777518875422E+00  0.000000000000000000000000E+00 -0.342236143378814911504884E-09 -0.408859251993341055175790E+00
     57
 -0.816619669950304318508232E-22  0.100000000000000000000000E+01 -0.638948579106306570756483E-13  0.317556353846728504660045E-23
 -0.127791034595494400530892E-08 -0.638948579106306696974228E-13 -0.999999999999999888977698E+00  0.499433624541374588284495E-10
 -0.445693837097281886361344E+00 -0.184163492300554209899694E-25  0.524848094816380787907466E-09 -0.895185457641879622769920E+00
  0.895185457641879511747618E+00  0.207662484335257103823303E-26 -0.116622600794759266466977E-08 -0.445693837097281941872495E+00
     58
  0.854110518462472143569585E-10  0.570845808552396774605861E-14 -0.999999999999999888977698E+00 -0.545992799947457649568803E-09
 -0.352803081204970137550268E-24  0.100000000000000000000000E+01  0.570845808552396695719771E-14  0.333037446943062075501412E-23
  0.480172843659802617288790E+00 -0.252071322554323885824399E-24 -0.437918669368475667949670E-09  0.877173893941023963272130E+00
 -0.877173893941023852249828E+00  0.156462984576373021325887E-25 -0.337091065530389666193597E-09  0.480172843659802672799941E+00
     59
  0.175941518178949083959568E-08  0.000000000000000000000000E+00  0.100000000000000044408921E+01 -0.953569775928515590414653E-09
  0.000000000000000000000000E+00  0.100000000000000000000000E+01  0.000000000000000000000000E+00  0.000000000000000000000000E+00
 -0.513228139014219042479681E+00  0.000000000000000000000000E+00  0.845782279795554734850237E-10 -0.858252222440467615882653E+00
  0.858252222440467948949561E+00  0.000000000000000000000000E+00 -0.199942121262687945801339E-08 -0.513228139014219042479681E+00
     60
 -0.376111274287339079393989E-09  0.000000000000000000000000E+00  0.100000000000000000000000E+01  0.124132853690455035754607E-08
  0.000000000000000000000000E+00  0.100000000000000000000000E+01  0.000000000000000000000000E+00  0.000000000000000000000000E+00
  0.545803591512755370551702E+00  0.000000000000000000000000E+00 -0.834842554112484928205713E-09  0.837913145553748517357917E+00
 -0.837913145553748406335615E+00  0.000000000000000000000000E+00 -0.992670247633151017136032E-09  0.545803591512755370551702E+00
     61
 -0.172413677115731055394310E-08  0.193324948377914831371773E-14 -0.999999999999999888977698E+00  0.179650957052586930093180E-08
  0.578555889321459626550848E+00 -0.327966048650652802524341E-21  0.467800509574265622391543E-09  0.815642742217114857794513E+00
  0.192383833802999970037448E-21  0.999999999999999888977698E+00  0.171120487885411700563301E-14  0.264033274424491858471164E-21
  0.815642742217114857794513E+00  0.561458094447749446999600E-26 -0.244566083623422182748017E-08 -0.578555889321459626550848E+00
     62
  0.000000000000000000000000E+00  0.000000000000000000000000E+00  0.100000000000000000000000E+01  0.000000000000000000000000E+00
  0.579358379676852774942120E+00  0.000000000000000000000000E+00  0.000000000000000000000000E+00  0.815072921828600360782957E+00
  0.000000000000000000000000E+00 -0.100000000000000000000000E+01  0.000000000000000000000000E+00  0.000000000000000000000000E+00
 -0.815072921828600360782957E+00  0.000000000000000000000000E+00  0.000000000000000000000000E+00  0.579358379676852774942120E+00
     63
  0.357373113423230857669773E-08  0.000000000000000000000000E+00  0.100000000000000022204460E+01 -0.352965947258221996115128E-08
 -0.580158497068793965745215E+00  0.000000000000000000000000E+00 -0.801589614162460357705608E-09 -0.814503602373174429018832E+00
  0.000000000000000000000000E+00 -0.100000000000000000000000E+01  0.000000000000000000000000E+00  0.000000000000000000000000E+00
  0.814503602373174651063437E+00  0.000000000000000000000000E+00 -0.495857917923560582946834E-08 -0.580158497068793854722912E+00
     64
 -0.719184140355434368758046E-09 -0.926945244963252367428235E-15 -0.100000000000000022204460E+01  0.142659898970243238747681E-08
 -0.580956237899610705710529E+00 -0.106539313453616998094997E-22 -0.743343784937233169424983E-09 -0.813934794467917499538601E+00
  0.685459807771658957681246E-23 -0.100000000000000000000000E+01  0.926945244963253156289140E-15  0.735030698836194784232176E-23
  0.813934794467917721583206E+00 -0.186024076034793037877619E-26 -0.141416093897335641995838E-08 -0.580956237899610594688227E+00
     65
  0.217198135614701177260088E-08  0.923536004084295728276533E-15 -0.100000000000000000000000E+01 -0.577134896772411521060118E-09
  0.581751603918301829487802E+00  0.329817223729776729760200E-23  0.794131314584717997910891E-09  0.813366504927811151404171E+00
 -0.392404080144499140384389E-23  0.100000000000000000000000E+01  0.923536004084298883720154E-15 -0.215003221414786194447088E-23
 -0.813366504927811040381869E+00  0.712065470992497798898121E-27 -0.210236585568858680251884E-08  0.581751603918302051532407E+00
     66
  0.161474256455639120582284E-08  0.920153138494507082563670E-15 -0.100000000000000000000000E+01 -0.392784902822242407862181E-09
  0.582544615833829215745254E+00  0.181696406478926910072326E-23  0.621404517953331637771610E-09  0.812798726969362617111869E+00
 -0.254390154006292152233460E-23  0.100000000000000000000000E+01  0.920153138494507082563670E-15 -0.111567009985958376110293E-23
 -0.812798726969362617111869E+00  0.457101701218959026612967E-27 -0.154127543117458963273433E-08  0.582544615833829215745254E+00
     67
 -0.166686930810577509290162E-08  0.000000000000000000000000E+00  0.100000000000000000000000E+01  0.303816840950476305266809E-09
 -0.583335284729265435288426E+00  0.000000000000000000000000E+00 -0.725574085970008345360739E-09 -0.812231460600872590127608E+00
  0.000000000000000000000000E+00  0.100000000000000000000000E+01  0.000000000000000000000000E+00  0.000000000000000000000000E+00
 -0.812231460600872590127608E+00  0.000000000000000000000000E+00 -0.153111077617490659884392E-08  0.583335284729265435288426E+00
     68
  0.172622898255508041647532E-08  0.188402304228645381357684E-14 -0.999999999999999777955395E+00 -0.205196338671700686838821E-09
 -0.584123602884741299767768E+00 -0.141600947541971098483955E-23 -0.841780334363716342140708E-09 -0.811664719297906178674396E+00
 -0.366095634673864715407563E-23  0.999999999999999888977698E+00  0.166197843736142171663120E-14 -0.762983452093840386459278E-24
 -0.811664719297906067652093E+00  0.433382512149869603201248E-27 -0.152097900698737883286942E-08  0.584123602884741410790070E+00
     69
 -0.107862586971008832584405E-08  0.000000000000000000000000E+00  0.999999999999999888977698E+00  0.166150714796460004745594E-09
 -0.584909600268504581421780E+00  0.000000000000000000000000E+00 -0.496133902630541906626643E-09 -0.811098489404177169781462E+00
  0.000000000000000000000000E+00  0.100000000000000000000000E+01  0.000000000000000000000000E+00  0.000000000000000000000000E+00
 -0.811098489404177058759160E+00  0.000000000000000000000000E+00 -0.972054781629999476252034E-09  0.584909600268504692444083E+00
     70
  0.111886399879476603668461E-08  0.906881501794762277252857E-15 -0.100000000000000000000000E+01 -0.992260021406911520307879E-10
  0.585693270718730341073410E+00  0.259742804765223414438842E-24  0.574885252288094383759221E-09  0.810532783195594186409494E+00
 -0.116673551818207466153934E-23  0.100000000000000000000000E+01  0.906881501794762277252857E-15 -0.120595251751298849339081E-24
 -0.810532783195594186409494E+00  0.877919056328621428532984E-28 -0.964992042681816308539315E-09  0.585693270718730230051108E+00
     71
  0.184576026822352272851601E-08  0.000000000000000000000000E+00  0.100000000000000022204460E+01 -0.167001575112617525884688E-08
  0.586474619080185943786887E+00  0.000000000000000000000000E+00  0.270167042946551971904699E-09  0.809967605015627034603654E+00
  0.000000000000000000000000E+00  0.100000000000000000000000E+01  0.000000000000000000000000E+00  0.000000000000000000000000E+00
  0.809967605015627034603654E+00  0.000000000000000000000000E+00 -0.247442796531007365457846E-08 -0.586474619080185943786887E+00
     72
 -0.122199724184695557713983E-08 -0.900399085859583828166916E-15  0.100000000000000000000000E+01 -0.649702515599556302496769E-10
  0.587253655199309720913448E+00 -0.139545641329493409756958E-24  0.770209460553634304429584E-09  0.809402955551220104624122E+00
 -0.101837574013335695642016E-23  0.100000000000000000000000E+01  0.900399085859583828166916E-15  0.544779612970216697344336E-25
 -0.809402955551220104624122E+00 -0.484660811192041662364274E-28 -0.950934161518562224623922E-09  0.587253655199309720913448E+00
     73
 -0.369670451454227528173446E-09  0.000000000000000000000000E+00  0.100000000000000022204460E+01  0.201124337562651653807173E-09
  0.588030388226461031564440E+00  0.000000000000000000000000E+00  0.547003492959058571017399E-10  0.808838835938431865990594E+00
  0.000000000000000000000000E+00 -0.100000000000000000000000E+01  0.000000000000000000000000E+00  0.000000000000000000000000E+00
 -0.808838835938431977012897E+00  0.000000000000000000000000E+00 -0.417271129732979083560714E-09  0.588030388226461142586743E+00
     74
 -0.180847718899819208663215E-08  0.184390971830306481027007E-14 -0.100000000000000022204460E+01  0.168489026530427446083486E-08
  0.588804839043287842059726E+00 -0.632308961482464482388773E-23  0.297014830474277446025909E-09  0.808275238714639798764949E+00
 -0.637227237169948522468238E-23 -0.999999999999999888977698E+00 -0.162186511337803330497011E-14 -0.200525450304175473822735E-23
  0.808275238714640020809554E+00  0.211151402230295272109090E-26 -0.245381905258873722576116E-08 -0.588804839043287842059726E+00
     75
  0.178974630491481107632526E-08  0.000000000000000000000000E+00  0.100000000000000022204460E+01 -0.169837025699054913691142E-08
  0.589576995330060582567455E+00  0.000000000000000000000000E+00  0.316601094767476676260807E-09  0.807712180530650303289519E+00
  0.000000000000000000000000E+00 -0.100000000000000000000000E+01  0.000000000000000000000000E+00  0.000000000000000000000000E+00
  0.807712180530650414311822E+00  0.000000000000000000000000E+00 -0.244691992361385047627734E-08 -0.589576995330060693589758E+00
     76
  0.161486733527821811079873E-08  0.126107012473313345979309E-14 -0.100000000000000000000000E+01  0.644290508575808865608344E-09
 -0.590346872270938405335983E+00  0.101619271413714391758950E-23 -0.147337080970143426575046E-08 -0.807149657994055136356337E+00
 -0.142599402744392671219948E-23  0.100000000000000000000000E+01  0.126107012473313326257786E-14  0.000000000000000000000000E+00
 -0.807149657994055247378640E+00  0.130839850613430109441199E-25 -0.923084820415599990295319E-09  0.590346872270938516358285E+00
     77
  0.179858587593371653140008E-08  0.118285744796710931434462E-14 -0.999999999999999777955395E+00  0.904291858063635120017925E-09
