      1
  0.000000000000000000000000E+00 -0.100000000000000000000000E+01  0.000000000000000000000000E+00  0.000000000000000000000000E+00
 -0.306725449946352617144611E-11  0.000000000000000000000000E+00  0.999999999999999888977698E+00  0.398279799944950969636536E-11
  0.673816963886195274824331E+00  0.000000000000000000000000E+00  0.500980040662392678517115E-11 -0.738898300971919663737708E+00
  0.738898300971919552715406E+00  0.000000000000000000000000E+00 -0.417123649077686175686643E-12  0.673816963886195385846634E+00
      2
  0.000000000000000000000000E+00  0.708299822045474480880500E+00  0.705911724006868412928384E+00  0.000000000000000000000000E+00
  0.000000000000000000000000E+00  0.705911724006868412928384E+00 -0.708299822045474480880500E+00  0.000000000000000000000000E+00
 -0.631740908874708684273003E+00  0.000000000000000000000000E+00  0.000000000000000000000000E+00  0.775179607609847387550417E+00
  0.775179607609847387550417E+00  0.000000000000000000000000E+00  0.000000000000000000000000E+00  0.631740908874708684273003E+00
      3
  0.340621267128184719090801E-11 -0.708097430484821099838655E+00 -0.706114742050322763411430E+00 -0.436153529979823671989766E-11
 -0.341577692205670564225880E-11 -0.706114742050322874433732E+00  0.708097430484820988816352E+00  0.437378198589695416945464E-11
 -0.612737967577260511653492E+00  0.249890705651560828560550E-26 -0.783735626367166165710471E-11  0.790286140008344073493163E+00
  0.790286140008343962470860E+00 -0.611527578921135804590934E-27  0.276559826698161493612393E-13  0.612737967577260622675794E+00
      4
 -0.450698727710222460289429E-11  0.707894980733817957840870E+00 -0.706317702066051600340302E+00  0.572773075590239603061454E-11
 -0.451705183426577052962065E-11 -0.706317702066051600340302E+00 -0.707894980733817957840870E+00  0.574052135637803006487340E-11
  0.578560827495338547699077E+00  0.000000000000000000000000E+00 -0.103060254962140162353801E-10 -0.815639239423845419096892E+00
 -0.815639239423845419096892E+00  0.000000000000000000000000E+00  0.512849993598685701646324E-12 -0.578560827495338547699077E+00
      5
  0.000000000000000000000000E+00  0.707972313402312591890109E+00  0.706240188219119824353243E+00  0.000000000000000000000000E+00
  0.000000000000000000000000E+00  0.706240188219119824353243E+00 -0.707972313402312591890109E+00  0.000000000000000000000000E+00
  0.563267155085388937507673E+00  0.000000000000000000000000E+00  0.000000000000000000000000E+00 -0.826274840475015426299876E+00
  0.826274840475015426299876E+00  0.000000000000000000000000E+00  0.000000000000000000000000E+00  0.563267155085388937507673E+00
      6
  0.000000000000000000000000E+00 -0.708097430484898371361169E+00  0.706114742050245380866613E+00  0.000000000000000000000000E+00
  0.000000000000000000000000E+00  0.706114742050245380866613E+00  0.708097430484898371361169E+00  0.000000000000000000000000E+00
 -0.523771842360305495134298E+00  0.000000000000000000000000E+00  0.000000000000000000000000E+00  0.851858589878913718962394E+00
  0.851858589878913718962394E+00  0.000000000000000000000000E+00  0.000000000000000000000000E+00  0.523771842360305495134298E+00
      7
  0.873235266553043026326643E-11  0.708097430484898371361169E+00 -0.706114742050245269844311E+00 -0.108285944379435284930860E-10
  0.875687210069614804069429E-11 -0.706114742050245380866613E+00 -0.708097430484898260338866E+00 -0.108589998772823532771215E-10
  0.512504867343759773490319E+00  0.000000000000000000000000E+00  0.195064584094834447282897E-10 -0.858684319729291045675268E+00
  0.858684319729290934652965E+00  0.000000000000000000000000E+00  0.275983699033166578193403E-11  0.512504867343759884512622E+00
      8
 -0.127431841849449564448656E-10 -0.708362352672706419021154E+00  0.705848976280328832544342E+00  0.155643776398501911856377E-10
 -0.127885599230567428586048E-10  0.705848976280328832544342E+00  0.708362352672706419021154E+00  0.156197990410799609461436E-10
  0.483409674471285855101854E+00  0.101872550284087742857139E-25  0.280302273372193352387558E-10 -0.875394246398481623572252E+00
  0.875394246398481623572252E+00  0.564881785863642629481100E-26  0.514454353529487606440285E-11  0.483409674471285855101854E+00
      9
  0.000000000000000000000000E+00 -0.708891902878095114814982E+00  0.705317141457566854079175E+00  0.000000000000000000000000E+00
  0.000000000000000000000000E+00 -0.705317141457566854079175E+00 -0.708891902878095114814982E+00  0.000000000000000000000000E+00
  0.475039752951451177409581E+00  0.000000000000000000000000E+00  0.000000000000000000000000E+00 -0.879964336274956182570861E+00
  0.879964336274956182570861E+00  0.000000000000000000000000E+00  0.000000000000000000000000E+00  0.475039752951451177409581E+00
     10
  0.259447150605373303414451E-10 -0.707239440929191665041742E+00  0.706974096551043595937358E+00 -0.311232007547434859345968E-10
  0.259544527359593182552807E-10  0.706974096551043595937358E+00  0.707239440929191665041742E+00 -0.311348820403670090877223E-10
 -0.439814463070846317638285E+00  0.000000000000000000000000E+00  0.556770816952347359371845E-10  0.898088658248005544670889E+00
 -0.898088658248005544670889E+00  0.000000000000000000000000E+00  0.135962838741109728097256E-10 -0.439814463070846317638285E+00
     11
  0.289848126674668983649043E-10  0.707239440929191776064044E+00  0.706974096551043373892753E+00 -0.346903355630264984915644E-10
  0.289956913646221613383602E-10 -0.706974096551043484915056E+00  0.707239440929191665041742E+00 -0.347033556801179663727524E-10
 -0.433577094734274026688325E+00  0.000000000000000000000000E+00  0.619927265660779703166434E-10  0.901116475779788594913100E+00
 -0.901116475779788483890798E+00  0.000000000000000000000000E+00  0.156694549975508649213982E-10 -0.433577094734274082199477E+00
     12
  0.645988347893610756454813E-10  0.707239440929191776064044E+00  0.706974096551043373892753E+00 -0.770893451072618077760519E-10
  0.646230802853840706765677E-10 -0.706974096551043484915056E+00  0.707239440929191665041742E+00 -0.771182785921506336023960E-10
 -0.427454145330917467671128E+00  0.000000000000000000000000E+00  0.137635494670181162704236E-09  0.904037031121742828965182E+00
 -0.904037031121742717942880E+00  0.000000000000000000000000E+00  0.359952659222412735258850E-10 -0.427454145330917523182279E+00
     13
  0.359016518800903253740928E-10  0.707239440929191776064044E+00  0.706974096551043373892753E+00 -0.426587769180935285317596E-10
  0.359151266333225783065132E-10 -0.706974096551043484915056E+00  0.707239440929191665041742E+00 -0.426747877828325878482015E-10
 -0.421400530468418244023354E+00  0.000000000000000000000000E+00  0.761204746491948096842847E-10  0.906874629108641139296765E+00
 -0.906874629108641028274462E+00  0.000000000000000000000000E+00  0.206259443490889806591052E-10 -0.421400530468418299534505E+00
     14
  0.000000000000000000000000E+00 -0.707176810573201475307314E+00 -0.707036744863740684863274E+00  0.000000000000000000000000E+00
  0.000000000000000000000000E+00  0.707036744863740684863274E+00 -0.707176810573201475307314E+00  0.000000000000000000000000E+00
  0.415393920472388489262272E+00  0.000000000000000000000000E+00  0.000000000000000000000000E+00 -0.909641627694433907436178E+00
  0.909641627694433907436178E+00  0.000000000000000000000000E+00  0.000000000000000000000000E+00  0.415393920472388489262272E+00
     15
  0.000000000000000000000000E+00 -0.707176810573201475307314E+00 -0.707036744863740684863274E+00  0.000000000000000000000000E+00
  0.000000000000000000000000E+00 -0.707036744863740684863274E+00  0.707176810573201475307314E+00  0.000000000000000000000000E+00
  0.409445269691785962429265E+00  0.000000000000000000000000E+00  0.000000000000000000000000E+00 -0.912334681532506741596933E+00
  0.912334681532506741596933E+00  0.000000000000000000000000E+00  0.000000000000000000000000E+00  0.409445269691785962429265E+00
     16
  0.000000000000000000000000E+00 -0.707302065672874236135215E+00  0.706911442752828245161822E+00  0.000000000000000000000000E+00
  0.000000000000000000000000E+00 -0.706911442752828245161822E+00 -0.707302065672874236135215E+00  0.000000000000000000000000E+00
  0.403612388221024909196188E+00  0.000000000000000000000000E+00  0.000000000000000000000000E+00 -0.914930073871506710503354E+00
  0.914930073871506710503354E+00  0.000000000000000000000000E+00  0.000000000000000000000000E+00  0.403612388221024909196188E+00
     17
  0.000000000000000000000000E+00  0.707567290069680443487243E+00 -0.706645972197852967333631E+00  0.000000000000000000000000E+00
  0.000000000000000000000000E+00 -0.706645972197852967333631E+00 -0.707567290069680443487243E+00  0.000000000000000000000000E+00
  0.398016139600974538925726E+00  0.000000000000000000000000E+00  0.000000000000000000000000E+00 -0.917378412988412161865881E+00
  0.917378412988412161865881E+00  0.000000000000000000000000E+00  0.000000000000000000000000E+00  0.398016139600974538925726E+00
     18
  0.000000000000000000000000E+00 -0.706974096551043595937358E+00  0.707239440929191665041742E+00  0.000000000000000000000000E+00
  0.000000000000000000000000E+00  0.707239440929191665041742E+00  0.706974096551043595937358E+00  0.000000000000000000000000E+00
  0.392859103220243144338752E+00  0.000000000000000000000000E+00  0.000000000000000000000000E+00 -0.919598676063089093268843E+00
  0.919598676063089093268843E+00  0.000000000000000000000000E+00  0.000000000000000000000000E+00  0.392859103220243144338752E+00
     19
  0.000000000000000000000000E+00 -0.707832408520189360068287E+00 -0.706380408454614361346557E+00  0.000000000000000000000000E+00
  0.000000000000000000000000E+00  0.706380408454614361346557E+00 -0.707832408520189360068287E+00  0.000000000000000000000000E+00
  0.388445010862108641713775E+00  0.000000000000000000000000E+00  0.000000000000000000000000E+00 -0.921471905994065698664031E+00
  0.921471905994065698664031E+00  0.000000000000000000000000E+00  0.000000000000000000000000E+00  0.388445010862108641713775E+00
     20
  0.287701451957700472973358E-16 -0.708891902878094892770378E+00 -0.705317141457566965101478E+00  0.000000000000000000000000E+00
  0.289159610267823005772691E-16  0.705317141457567076123780E+00 -0.708891902878094781748075E+00  0.000000000000000000000000E+00
  0.385195307614188631184504E+00  0.000000000000000000000000E+00 -0.698182818550874938990959E-16 -0.922835074643357011758837E+00
  0.922835074643356900736535E+00  0.000000000000000000000000E+00 -0.167267767996136649302696E-15  0.385195307614188686695655E+00
     21
 -0.281085422773864804916176E-09  0.710276370122977174226264E+00  0.703922920528183615473949E+00  0.329533970009801110447808E-09
 -0.283622436434515322371570E-09 -0.703922920528183615473949E+00  0.710276370122977174226264E+00  0.332508269336009320796076E-09
 -0.383654584235240736500572E+00  0.000000000000000000000000E+00 -0.585513842888028959340713E-09  0.923476669978881670175497E+00
 -0.923476669978881670175497E+00  0.000000000000000000000000E+00 -0.189152158416224597961659E-09 -0.383654584235240736500572E+00
     22
 -0.158420980061992124612200E-09 -0.707106781186547461715008E+00  0.707106781186547572737311E+00  0.257119889112786406420578E-09
 -0.158420980061992408955536E-09  0.707106781186547572737311E+00  0.707106781186547461715008E+00  0.257119889112786458119367E-09
  0.384463841265082817422183E+00  0.129993770029201355182760E-24  0.421810134134181466575499E-09 -0.923140051541312622873647E+00
  0.923140051541312622873647E+00  0.163534653477627603734830E-24  0.670216334033377103130979E-10  0.384463841265082817422183E+00
     23
 -0.374283211987726518693540E-10  0.707106781186550459317175E+00 -0.707106781186544353090540E+00  0.971862963828947162939462E-10
  0.374283211987735242864063E-10  0.707106781186544242068237E+00  0.707106781186550348294872E+00 -0.971862963828956468721354E-10
  0.388247063812529380477656E+00 -0.100423852685832753121379E-24 -0.147211125035781143087399E-09 -0.921555325219788223911621E+00
 -0.921555325219788223911621E+00  0.126707115206341161679519E-24 -0.458208800270657573114946E-11 -0.388247063812529380477656E+00
     24
 -0.264197136279904158282806E-10  0.707106781186546129447379E+00  0.707106781186549016027243E+00 -0.128702948105430529086671E-09
 -0.264197136279903156618783E-10 -0.707106781186549016027243E+00  0.707106781186546129447379E+00 -0.128702948105429986249394E-09
  0.395275713357031155403831E+00  0.000000000000000000000000E+00 -0.152422005515788796750622E-09 -0.918562523963442512098254E+00
  0.918562523963442512098254E+00  0.000000000000000000000000E+00  0.106265857512999235313165E-09  0.395275713357031155403831E+00
     25
 -0.344818901017674222941231E-09 -0.707106781186546240469681E+00  0.707106781186548682960336E+00 -0.399461601246315176679314E-09
 -0.344818901017673499158195E-09  0.707106781186548682960336E+00  0.707106781186546240469681E+00 -0.399461601246313625715666E-09
 -0.404625405320451769775048E+00 -0.213220741357273562997122E-24  0.319298542461906517410357E-09  0.914482521084607702377411E+00
 -0.914482521084607702377411E+00 -0.261314205704818731826533E-24 -0.674527784098115779214233E-09 -0.404625405320451769775048E+00
     26
 -0.177352977293924753156547E-08 -0.715848723700848954543119E+00 -0.698255400821121918752965E+00 -0.929661248161159774424830E-09
 -0.181821583178739460263840E-08  0.698255400821121918752965E+00 -0.715848723700848954543119E+00 -0.953085099216855746583728E-09
 -0.412528290454098611750311E+00  0.000000000000000000000000E+00 -0.165038363564908625139755E-09  0.910944789531736076604318E+00
 -0.910944789531736076604318E+00  0.000000000000000000000000E+00  0.286299128879849659904965E-08 -0.412528290454098611750311E+00
     27
  0.170737345068974282952867E-08  0.707106781186547461715008E+00 -0.707106781186547683759613E+00  0.114350710661798651749098E-08
  0.170737345068974200234806E-08 -0.707106781186547683759613E+00 -0.707106781186547350692706E+00  0.114350710661798589710552E-08
 -0.410906670867188461571118E+00  0.000000000000000000000000E+00  0.482159887714583454634253E-09  0.911677414350516746033293E+00
  0.911677414350516523988688E+00  0.000000000000000000000000E+00  0.286583076548450637545916E-08  0.410906670867188572593420E+00
     28
  0.284965810501470395903592E-08  0.707106781186548460915731E+00  0.707106781186546240469681E+00  0.157187505637119781074123E-08
  0.284965810501472381137063E-08 -0.707106781186546351491984E+00  0.707106781186548793982638E+00  0.157187505637120194664429E-08
  0.390973883387709608694394E+00  0.163258158389248052351751E-23  0.470388121828368661790523E-09 -0.920401772330287193391030E+00
  0.920401772330287415435635E+00  0.205237646772927308951712E-23 -0.457836453563601124806320E-08  0.390973883387709497672091E+00
     29
 -0.312033144262406290837125E-08  0.707106781186547572737311E+00  0.707106781186547572737311E+00 -0.237508010890991854381070E-08
 -0.312033144262406290837125E-08 -0.707106781186547461715008E+00  0.707106781186547683759613E+00 -0.237508010890991813022040E-08
  0.354618561871379911476510E+00  0.000000000000000000000000E+00 -0.157571473411372377464239E-08 -0.935011056392529571468231E+00
 -0.935011056392529904535138E+00  0.000000000000000000000000E+00 -0.531714920300737242635230E-08 -0.354618561871379855965358E+00
     30
 -0.141100941941209810082160E-08  0.707106781186548127848823E+00  0.707106781186546795581194E+00 -0.117741981646221911811541E-08
 -0.141100941941210988814533E-08 -0.707106781186546906603496E+00  0.707106781186548349893428E+00 -0.117741981646221994529602E-08
 -0.316231931249552844498396E+00  0.171878128731326310406612E-23  0.948641194267232533707058E-09  0.948681909629449093834808E+00
 -0.948681909629449093834808E+00  0.266195050751600992392493E-23 -0.241963020715098498751201E-08 -0.316231931249552844498396E+00
     31
  0.436183305937062536714084E-09 -0.707106781186547461715008E+00 -0.707106781186547461715008E+00  0.359656929346105350934395E-09
 -0.436183305937062485015296E-09 -0.707106781186547461715008E+00  0.707106781186547461715008E+00 -0.359656929346105299235607E-09
 -0.286707527073445544996133E+00  0.000000000000000000000000E+00  0.310421022450287535516629E-09  0.958018159493560728101613E+00
 -0.958018159493560728101613E+00  0.000000000000000000000000E+00 -0.736788227511992164501102E-09 -0.286707527073445544996133E+00
     32
  0.147626936736858295776892E-08  0.707106781186547572737311E+00  0.707106781186547461715008E+00  0.796018119776236795709274E-09
 -0.147626936736858316456408E-08  0.707106781186547350692706E+00 -0.707106781186547683759613E+00 -0.796018119776237002504427E-09
  0.266875617096650030735105E+00  0.000000000000000000000000E+00  0.527737720444020788526292E-09 -0.963730981653740492731686E+00
  0.963730981653740714776291E+00  0.000000000000000000000000E+00 -0.231247214045620913054581E-08  0.266875617096649975223954E+00
     33
  0.518988557443486523184729E-09 -0.707106781186547572737311E+00 -0.707106781186547350692706E+00  0.255338854820253742046523E-09
  0.518988557443486523184729E-09  0.707106781186547350692706E+00 -0.707106781186547572737311E+00  0.255338854820253845444099E-09
 -0.253363246612742343266689E+00  0.000000000000000000000000E+00  0.163362614005711800316696E-09  0.967371213788094208574364E+00
 -0.967371213788094208574364E+00  0.000000000000000000000000E+00 -0.801502917270808820762931E-09 -0.253363246612742343266689E+00
     34
  0.966674812568003155321874E-09 -0.707106781186547350692706E+00  0.707106781186547794781916E+00  0.268075386177188684175894E-09
 -0.966674812568002741731568E-09 -0.707106781186547794781916E+00 -0.707106781186547350692706E+00 -0.268075386177188529079529E-09
 -0.242885684852407135458918E+00  0.000000000000000000000000E+00 -0.357178781223848194174293E-10  0.970054918081330597168233E+00
  0.970054918081330597168233E+00  0.000000000000000000000000E+00 -0.141822908889610581271529E-08  0.242885684852407135458918E+00
     35
  0.488678082548266506521160E-09 -0.707106781186547683759613E+00 -0.707106781186547461715008E+00  0.162914127204403509557587E-09
  0.488678082548266816713890E-09  0.707106781186547350692706E+00 -0.707106781186547794781916E+00  0.162914127204403612955164E-09
  0.233155006042491341755607E+00  0.000000000000000000000000E+00 -0.629131733008917771247685E-10 -0.972439583294163245597019E+00
 -0.972439583294163467641624E+00  0.000000000000000000000000E+00 -0.725766566364745820922782E-09 -0.233155006042491286244456E+00
     36
  0.876172764161190362552410E-09 -0.707106781186546240469681E+00  0.707106781186548682960336E+00  0.252414322870002884809256E-09
 -0.876172764161184882480851E-09 -0.707106781186548460915731E+00 -0.707106781186546018425076E+00 -0.252414322870002161026220E-09
 -0.222683948111425084048776E+00 -0.231925568824369912791824E-24 -0.720778878483265800175773E-10  0.974890690925658831567091E+00
  0.974890690925658831567091E+00  0.511260540380682527087988E-24 -0.128747356640005670556989E-08  0.222683948111425084048776E+00
     37
  0.570883696337026014717916E-09  0.707106781186547461715008E+00  0.707106781186547572737311E+00  0.191614688613321120223352E-09
  0.570883696337025911320339E-09 -0.707106781186547572737311E+00  0.707106781186547461715008E+00  0.191614688613321094373958E-09
  0.210503173946337801547557E+00  0.000000000000000000000000E+00  0.949621519278568636536489E-10 -0.977593173952497340728485E+00
  0.977593173952497340728485E+00  0.000000000000000000000000E+00 -0.846304293367841923489459E-09  0.210503173946337801547557E+00
     38
 -0.478300401269497677182206E-09  0.707106781186546906603496E+00 -0.707106781186548127848823E+00 -0.219563949058295412205992E-09
  0.478300401269497056796746E-09  0.707106781186548238871126E+00  0.707106781186546795581194E+00  0.219563949058294869368715E-09
 -0.195986596565874859887657E+00  0.996435286870963967225876E-25 -0.171919458554929413392280E-09  0.980606574507087880299139E+00
  0.980606574507087769276836E+00 -0.247347116160361239968515E-24 -0.724156476558181339871700E-09  0.195986596565874887643233E+00
     39
  0.515217172314482076245491E-09 -0.707106781186547905804218E+00  0.707106781186547128648101E+00  0.357499290582374491061566E-09
 -0.515217172314482386438220E-09 -0.707106781186547128648101E+00 -0.707106781186547905804218E+00 -0.357499290582374749555507E-09
  0.178766651955130972950769E+00  0.000000000000000000000000E+00  0.367181955085047857249111E-09 -0.983891500191333645553016E+00
 -0.983891500191333645553016E+00  0.000000000000000000000000E+00  0.807271037803857730554778E-09 -0.178766651955130972950769E+00
     40
 -0.199603433217835945087713E-09 -0.707106781186548349893428E+00  0.707106781186546795581194E+00 -0.228042160065964268946135E-09
 -0.199603433217835919238319E-09  0.707106781186546795581194E+00  0.707106781186548349893428E+00 -0.228042160065964889331595E-09
  0.158695294756415611336919E+00 -0.101029198432728129560722E-24 -0.273616658272424700890732E-09 -0.987327606938129931357651E+00
 -0.987327606938129931357651E+00  0.302626240111026175842016E-24 -0.329883978022012269422414E-09 -0.158695294756415611336919E+00
     41
  0.735498921125450144440485E-10  0.707106781186547461715008E+00 -0.707106781186547572737311E+00  0.242283416835179471806451E-09
  0.735498921125450015193514E-10 -0.707106781186547572737311E+00 -0.707106781186547461715008E+00  0.242283416835179420107663E-09
 -0.135814669148972166912159E+00  0.000000000000000000000000E+00  0.325338864076203188008013E-09  0.990734260861082405291711E+00
  0.990734260861082405291711E+00  0.000000000000000000000000E+00  0.149587192044763374854279E-09  0.135814669148972166912159E+00
     42
 -0.714183988349951977824459E-10  0.707106781186547461715008E+00 -0.707106781186547572737311E+00  0.254347240490913252211943E-09
 -0.714183988349945386228953E-10 -0.707106781186547572737311E+00 -0.707106781186547461715008E+00  0.254347240490913200513155E-09
 -0.110316499695048128582009E+00 -0.109173616078467079074136E-24  0.368647933177392013805639E-09  0.993896508644150689093522E+00
 -0.993896508644150689093522E+00 -0.450546802684647475435928E-24  0.607033097313909504962453E-10 -0.110316499695048128582009E+00
     43
  0.230670669613286267489887E-09 -0.707106781186547350692706E+00  0.707106781186547794781916E+00 -0.265674632422451695469846E-09
  0.230670669613286939574135E-09  0.707106781186547794781916E+00  0.707106781186547350692706E+00 -0.265674632422451592072269E-09
 -0.824826698658256696194968E-01  0.111979026858659904454649E-24  0.401347688391906463214887E-09  0.996592499054556046900188E+00
 -0.996592499054556046900188E+00  0.599275223753404995705447E-24  0.294115448171162820389909E-09 -0.824826698658256696194968E-01
     44
 -0.550132784147013978945312E-09  0.707106781186546795581194E+00  0.707106781186548016826521E+00  0.620497008198675555744084E-09
  0.550132784146994540200917E-09  0.707106781186548016826521E+00 -0.707106781186547017625799E+00 -0.620497008198673797985282E-09
  0.526124657031473569324120E-01  0.769993438696566433124848E-24  0.917232704471592681599524E-09 -0.998615005120910170788306E+00
  0.998615005120910281810609E+00  0.622010039868783795938606E-23  0.730759468362475192575607E-09  0.526124657031473708101998E-01
     45
  0.748994535429001253574714E-09 -0.707106781186547794781916E+00 -0.707106781186547461715008E+00 -0.700202010658171463919709E-09
  0.748994535428993808949201E-09  0.707106781186547461715008E+00 -0.707106781186547683759613E+00 -0.700202010658171774112439E-09
  0.209533895758017667254602E-01  0.283601908594186315957935E-24  0.101221241095297156626334E-08 -0.999780453632338583780381E+00
  0.999780453632338472758079E+00  0.549670546026354630234982E-23  0.103825700574347726245971E-08  0.209533895758017701949072E-01
     46
  0.729333741294750674443690E-09 -0.707106781186547350692706E+00  0.707106781186547905804218E+00 -0.320495940373605106759236E-09
  0.729333741294744780781825E-09  0.707106781186547683759613E+00  0.707106781186547572737311E+00 -0.320495940373605106759236E-09
  0.123456253463016772664584E-01  0.127107658431538178905021E-24  0.440481464217278613002115E-09  0.999923789863411904832446E+00
  0.999923789863412126877051E+00  0.396232032422315650896887E-23 -0.103695115784314601162824E-08 -0.123456253463016737970115E-01
     47
 -0.876224106745881299945272E-09  0.707106781186547572737311E+00 -0.707106781186547461715008E+00  0.352572032533566017436025E-09
 -0.876224106745875199488255E-09 -0.707106781186547239670404E+00 -0.707106781186547461715008E+00  0.352572032533566379327543E-09
 -0.472385853094968582999158E-01 -0.137417865446826492929354E-24 -0.439518957172629992928679E-09 -0.998883634893453109526718E+00
  0.998883634893453220549020E+00  0.105105531751097111178672E-23 -0.126133871678968287918964E-08 -0.472385853094968582999158E-01
     48
  0.999074857386245627809692E-09  0.707106781186547572737311E+00  0.707106781186547461715008E+00 -0.390968725821540018504958E-09
 -0.999074857386246454990305E-09  0.707106781186547461715008E+00 -0.707106781186547572737311E+00  0.390968725821539915107382E-09
  0.837346190541766871584528E-01  0.148641067820175236891742E-24  0.432662394504383208594020E-09  0.996488090030107631633882E+00
  0.996488090030107742656185E+00  0.595579403228188129268499E-24 -0.145424142091383011122554E-08 -0.837346190541766871584528E-01
     49
 -0.108956315625170066492125E-08  0.707106781186547683759613E+00 -0.707106781186547461715008E+00  0.431618160660843201517254E-09
 -0.108956315625170066492125E-08 -0.707106781186547461715008E+00 -0.707106781186547683759613E+00  0.431618160660843563408772E-09
 -0.121800540066268739303190E+00 -0.160897745160683057323044E-24 -0.418176188044068506374335E-09 -0.992554597208418099008043E+00
  0.992554597208418099008043E+00  0.406062585566133101880338E-24 -0.160374952837305747950168E-08 -0.121800540066268739303190E+00
     50
 -0.114052949854108442660670E-08  0.707106781186547572737311E+00 -0.707106781186547572737311E+00  0.468169673884409267230619E-09
 -0.114052949854108442660670E-08 -0.707106781186547572737311E+00 -0.707106781186547572737311E+00  0.468169673884409267230619E-09
  0.161236323848274604175757E+00  0.000000000000000000000000E+00  0.393362479737574995259920E-09  0.986915826133056839353230E+00
  0.986915826133056839353230E+00  0.000000000000000000000000E+00 -0.169860140136217119085784E-08 -0.161236323848274604175757E+00
     51
  0.000000000000000000000000E+00 -0.100000000000000000000000E+01  0.000000000000000000000000E+00  0.000000000000000000000000E+00
  0.162172651193364211900507E-08  0.000000000000000000000000E+00  0.100000000000000000000000E+01 -0.697421172565096486109295E-09
 -0.201570740079795057697609E+00  0.000000000000000000000000E+00 -0.356213263902175320807184E-09 -0.979473959196304422292201E+00
  0.979473959196304422292201E+00  0.000000000000000000000000E+00 -0.172901858927852150655416E-08 -0.201570740079795057697609E+00
     52
  0.000000000000000000000000E+00  0.100000000000000000000000E+01  0.000000000000000000000000E+00  0.000000000000000000000000E+00
 -0.165981271494482713239715E-08  0.000000000000000000000000E+00  0.100000000000000000000000E+01  0.219310662168596275721572E-08
  0.242039876679765092459817E+00  0.000000000000000000000000E+00 -0.172615656147568064075448E-08  0.970266302669965052807299E+00
 -0.970266302669965163829602E+00  0.000000000000000000000000E+00 -0.214127971003375850558029E-08  0.242039876679765092459817E+00
     53
  0.000000000000000000000000E+00 -0.100000000000000000000000E+01  0.000000000000000000000000E+00  0.000000000000000000000000E+00
 -0.143835080666844135848456E-08  0.000000000000000000000000E+00 -0.999999999999999888977698E+00  0.681391223834121433750934E-09
  0.281691315491793936587328E+00  0.000000000000000000000000E+00  0.248627473917388568402206E-09  0.959505082204624271113858E+00
  0.959505082204624160091555E+00  0.000000000000000000000000E+00 -0.157204668614496001817556E-08 -0.281691315491793992098479E+00
     54
  0.351804424044682715885055E-23  0.100000000000000000000000E+01  0.271566823849823655135251E-14 -0.154356840847774082611705E-23
  0.125110091957601814965195E-08 -0.271566823849823655135251E-14  0.100000000000000000000000E+01 -0.617543252851369038512193E-09
 -0.319601535937594383174343E+00  0.164975884078443213380580E-24 -0.185300590167656056109665E-09 -0.947552034574529633559337E+00
  0.947552034574529633559337E+00 -0.714922891644504907063321E-25 -0.138285099392151656483433E-08 -0.319601535937594383174343E+00
     55
  0.330319605649879003489039E-23  0.100000000000000000000000E+01  0.317808273630587172773468E-14 -0.150254821962077294020818E-23
  0.101054137420416780689705E-08 -0.317808273630587172773468E-14  0.100000000000000000000000E+01 -0.510609494269454330299176E-09
 -0.355126400148829901581848E+00  0.144909266779455019968694E-24 -0.118457175124121967913265E-09 -0.934818292459734245802849E+00
  0.934818292459734245802849E+00 -0.429504374079712620001681E-25 -0.112600347347517930244623E-08 -0.355126400148829901581848E+00
     56
  0.000000000000000000000000E+00 -0.100000000000000000000000E+01  0.000000000000000000000000E+00  0.000000000000000000000000E+00
 -0.730800324821557185619113E-09  0.000000000000000000000000E+00 -0.999999999999999888977698E+00  0.352980609073531950563670E-09
 -0.388083911167411976794739E+00  0.000000000000000000000000E+00 -0.417036541085039480867919E-10 -0.921624043682131910415478E+00
  0.921624043682131799393176E+00  0.000000000000000000000000E+00 -0.810509041180123990657831E-09 -0.388083911167412032305890E+00
     57
  0.000000000000000000000000E+00  0.100000000000000000000000E+01  0.000000000000000000000000E+00  0.000000000000000000000000E+00
 -0.133870631147510841986915E-08  0.000000000000000000000000E+00 -0.100000000000000000000000E+01 -0.617214960372138580564278E-09
 -0.418808706351459281158611E+00  0.000000000000000000000000E+00  0.112113901480798633071271E-08 -0.908074483445172719875416E+00
  0.908074483445172719875416E+00  0.000000000000000000000000E+00 -0.957150043183330059135952E-09 -0.418808706351459281158611E+00
     58
 -0.154027046147420798648673E-09  0.650782837537532994095126E-14 -0.999999999999999777955395E+00 -0.177500278527493981248596E-09
  0.105199950332040845116220E-23  0.999999999999999888977698E+00  0.628578377045029863286653E-14  0.122563392426958737707431E-23
  0.448073482583999926909257E+00 -0.815884946695372998559866E-25 -0.227700203144111374389553E-09  0.893996730533756500669540E+00
 -0.893996730533756389647237E+00  0.546176586547019964019283E-26  0.581667062172727037789414E-10  0.448073482583999982420409E+00
     59
  0.187517505197167743290379E-08  0.000000000000000000000000E+00  0.100000000000000022204460E+01 -0.532988218298967971051986E-09
  0.000000000000000000000000E+00  0.100000000000000000000000E+01  0.000000000000000000000000E+00  0.000000000000000000000000E+00
 -0.476899652356389980312201E+00  0.000000000000000000000000E+00  0.425796418471917970693750E-09 -0.878957747324838334357366E+00
  0.878957747324838556401971E+00  0.000000000000000000000000E+00 -0.190238192587324339949810E-08 -0.476899652356389869289899E+00
     60
  0.156188188088127996922647E-09  0.446142727002185943377603E-14 -0.999999999999999888977698E+00 -0.989961945277000082487176E-09
 -0.730577478794501649956335E-24 -0.999999999999999888977698E+00 -0.423938266509682891455221E-14 -0.644430131424343129072298E-23
 -0.506267530078326144504786E+00  0.236411967065336743916065E-23  0.774646886466996635036778E-09 -0.862376476945186265510301E+00
 -0.862376476945186154487999E+00  0.219312847348153102195764E-25 -0.635878608290812304814301E-09  0.506267530078326144504786E+00
     61
 -0.193976258945611725785854E-08  0.194773880214739040782531E-14 -0.100000000000000000000000E+01  0.132582756245214719786486E-08
  0.536727037537794271493397E+00  0.000000000000000000000000E+00  0.775518537690280285477204E-10  0.843755940527771031156590E+00
  0.000000000000000000000000E+00  0.999999999999999888977698E+00  0.172569419727405788802515E-14  0.000000000000000000000000E+00
  0.843755940527771031156590E+00  0.449133334155716542045120E-26 -0.234829370794801279392330E-08 -0.536727037537794271493397E+00
     62
  0.000000000000000000000000E+00  0.000000000000000000000000E+00  0.100000000000000000000000E+01  0.000000000000000000000000E+00
  0.537500841921683680801891E+00  0.000000000000000000000000E+00  0.000000000000000000000000E+00  0.843263212130993644599641E+00
  0.000000000000000000000000E+00 -0.100000000000000000000000E+01  0.000000000000000000000000E+00  0.000000000000000000000000E+00
 -0.843263212130993644599641E+00  0.000000000000000000000000E+00  0.000000000000000000000000E+00  0.537500841921683680801891E+00
     63
  0.374904442647578520962865E-08  0.000000000000000000000000E+00  0.100000000000000000000000E+01 -0.271358585758021184578665E-08
 -0.538272357111467147916528E+00  0.000000000000000000000000E+00 -0.268924283588130647757948E-09 -0.842770947274326220899354E+00
  0.000000000000000000000000E+00 -0.100000000000000000000000E+01  0.000000000000000000000000E+00  0.000000000000000000000000E+00
  0.842770947274326220899354E+00  0.000000000000000000000000E+00 -0.462023407202495800560112E-08 -0.538272357111467036894226E+00
     64
 -0.130089229915906497798625E-08  0.934058528246622832139536E-15 -0.100000000000000022204460E+01  0.885887234985944046479045E-09
 -0.539041579605854304091395E+00  0.718925608903459764917635E-23 -0.449290727583319412009619E-10 -0.842279155301866366833963E+00
 -0.508936124150019421882931E-23 -0.100000000000000000000000E+01 -0.934058528246629143026778E-15 -0.522856600610047026716924E-23
  0.842279155301866588878568E+00  0.125405369190683751115903E-26 -0.157324489542097023267952E-08 -0.539041579605854193069092E+00
     65
  0.115004679768210611429349E-08  0.191947203404975633386610E-14 -0.999999999999999888977698E+00 -0.868210594244491079057970E-09
  0.539808509719813089944296E+00  0.108148466514500820245900E-22 -0.110044075543057070044814E-09  0.841787843125614720918293E+00
 -0.765379237605584654224321E-23  0.999999999999999888977698E+00  0.169742742912472502578138E-14 -0.743859603513697003351684E-23
 -0.841787843125614720918293E+00  0.240002514451108680471705E-26 -0.143676288031641242217746E-08  0.539808509719813089944296E+00
     66
  0.894580374007100929503494E-09  0.927261891488804228448130E-15 -0.999999999999999777955395E+00 -0.594489508268948141441899E-09
  0.540573167212558325367411E+00  0.285725378274265714255690E-23 -0.165562168333499731716885E-10  0.841297005159166944032734E+00
  0.237343227228869811615234E-23 -0.100000000000000000000000E+01 -0.927261891488804228448130E-15  0.185295815265121780079387E-23
 -0.841297005159166833010431E+00  0.752105695407551434826090E-27 -0.107397267908045982315131E-08  0.540573167212558436389713E+00
     67
  0.922116627982460781541384E-09 -0.923884988594387745330862E-15 -0.100000000000000000000000E+01 -0.528227070594459676721543E-09
  0.541335562219048216370254E+00 -0.210713590286283009831016E-23  0.550377539491921051340591E-10  0.840806641908225516068853E+00
 -0.199206873245489389367758E-23 -0.100000000000000000000000E+01  0.923884988594387745330862E-15 -0.128401311424468913855111E-23
 -0.840806641908225516068853E+00 -0.628654072438911760940664E-27 -0.106126997700953126875867E-08  0.541335562219048216370254E+00
     68
 -0.953493367981486677264626E-09  0.000000000000000000000000E+00  0.999999999999999888977698E+00  0.456326546045416014568207E-09
  0.542095686701726142686653E+00  0.000000000000000000000000E+00  0.133425674505921804449286E-09  0.840316765547007182846073E+00
  0.000000000000000000000000E+00 -0.100000000000000000000000E+01  0.000000000000000000000000E+00  0.000000000000000000000000E+00
 -0.840316765547007071823771E+00  0.000000000000000000000000E+00 -0.104860892870363773706562E-08  0.542095686701726253708955E+00
     69
  0.646778787101615279395627E-09 -0.917174991228093293754816E-15 -0.100000000000000000000000E+01 -0.294431402197419583988402E-09
  0.542853569273740066414291E+00 -0.875422687381786999217112E-24  0.103834684815301608564698E-09  0.839827364597487080466465E+00
 -0.106817836310061159496375E-23 -0.100000000000000000000000E+01  0.917174991228093293754816E-15 -0.465325122379770398636136E-24
 -0.839827364597487080466465E+00 -0.306367433468046494559520E-27 -0.703015755077814254747986E-09  0.542853569273740066414291E+00
     70
  0.667060154775532482519459E-09 -0.913842154221759017886719E-15 -0.100000000000000000000000E+01 -0.247973506617692849753398E-09
  0.543609202388141476980365E+00 -0.653670142599925357319691E-24  0.154486339785563463695221E-09  0.839338450852174844385445E+00
  0.964727745360225667783996E-24  0.100000000000000000000000E+01 -0.913842154221759215101945E-15  0.322172053116197334575746E-24
 -0.839338450852174733363142E+00 -0.239531882320360604126625E-27 -0.694689917080339326914656E-09  0.543609202388141365958063E+00
     71
  0.173361085412013372796571E-08  0.000000000000000000000000E+00  0.100000000000000000000000E+01 -0.139127529790693436406653E-08
  0.544362591157903419336606E+00  0.000000000000000000000000E+00  0.223358425890700102816754E-09  0.838850027923855545708420E+00
  0.000000000000000000000000E+00  0.100000000000000000000000E+01  0.000000000000000000000000E+00  0.000000000000000000000000E+00
  0.838850027923855545708420E+00  0.000000000000000000000000E+00 -0.221159773957037640747568E-08 -0.544362591157903419336606E+00
     72
  0.719090097995897171362669E-09  0.907221535183748480851185E-15 -0.100000000000000000000000E+01 -0.138092768370060062174765E-09
 -0.545113743832575270431562E+00 -0.296457309531125215589101E-24 -0.276214031511352691417629E-09 -0.838362097357003399622499E+00
  0.813882367932557619327995E-24 -0.100000000000000000000000E+01 -0.907221535183748480851185E-15  0.123319354191634028680349E-24
 -0.838362097357003288600197E+00  0.112849318992877878261287E-27 -0.678133962553117646878339E-09  0.545113743832575270431562E+00
     73
  0.295791531854448730150931E-09 -0.903933972089668233941937E-15 -0.999999999999999888977698E+00 -0.194632732979350804532775E-09
 -0.545862668530992078963493E+00  0.382202444804898089398591E-24  0.161640141220316077088943E-11 -0.837874660736451781772871E+00
  0.475884891360191966619010E-24  0.100000000000000000000000E+01 -0.903933972089668233941937E-15  0.144381544371067577960945E-24
 -0.837874660736451670750569E+00 -0.144615161952660764554016E-27 -0.354078786363302006917067E-09  0.545862668530992189985795E+00
     74
  0.164268538014720127380969E-08  0.000000000000000000000000E+00  0.999999999999999888977698E+00 -0.147388867417782978178027E-08
 -0.546609384792203889524842E+00  0.000000000000000000000000E+00 -0.336309141153437391038730E-09 -0.837387712148373930531875E+00
  0.000000000000000000000000E+00  0.100000000000000000000000E+01  0.000000000000000000000000E+00  0.000000000000000000000000E+00
  0.837387712148373708487270E+00  0.000000000000000000000000E+00 -0.218120574776811124701847E-08 -0.546609384792204000547144E+00
     75
  0.159820627500800509926209E-08  0.138745722482542111207601E-14  0.100000000000000000000000E+01 -0.152278154167855524788019E-08
  0.547353880539353299106153E+00  0.255283200805111529941956E-23  0.399633393931914532882186E-09  0.836901266254575171288366E+00
  0.365094290806822986546161E-23 -0.100000000000000000000000E+01  0.138745722482542091486078E-14  0.000000000000000000000000E+00
  0.836901266254575171288366E+00  0.432518870920266069843233E-25 -0.217104124134169948899162E-08 -0.547353880539353299106153E+00
     76
  0.917132076315851989291848E-09  0.129349353488408832425398E-14 -0.999999999999999888977698E+00  0.222068799209902586432912E-09
 -0.548096168947035056184802E+00  0.346796308881825263797543E-24 -0.688418323473113170388092E-09 -0.836415321228385355567525E+00
 -0.991921441215048385877972E-24  0.100000000000000000000000E+01  0.129349353488408852146920E-14  0.000000000000000000000000E+00
 -0.836415321228385133522920E+00  0.514725366926506004948496E-26 -0.645388262130956725874507E-09  0.548096168947035056184802E+00
     77
  0.100880703619668971922639E-08  0.000000000000000000000000E+00 -0.100000000000000000000000E+01  0.375366404776823650516804E-09
