      1
 -0.217769977425021103124423E-11 -0.714737812684932971585283E+00  0.699392492895339668024235E+00  0.286820184216412178733725E-11
  0.222548052651887387217742E-11 -0.699392492895339668024235E+00 -0.714737812684932971585283E+00 -0.293113285005484502427140E-11
  0.676923689970244546465494E+00  0.000000000000000000000000E+00  0.512628567883374211128733E-11 -0.736053203210928486122100E+00
  0.736053203210928486122100E+00  0.000000000000000000000000E+00 -0.484207199174619164564732E-12  0.676923689970244546465494E+00
      2
 -0.105476728040259406076715E-16  0.708097430484898704428076E+00 -0.706114742050244936777403E+00  0.719853124353402696108290E-16
  0.105772894479446493481431E-16  0.706114742050245047799706E+00  0.708097430484898593405774E+00 -0.721874388574796366672154E-16
 -0.633165046956120303178750E+00  0.000000000000000000000000E+00  0.228956492401394671978576E-15  0.774016810743186400856075E+00
 -0.774016810743186289833773E+00  0.000000000000000000000000E+00  0.118879815175168466912359E-15 -0.633165046956120414201052E+00
      3
  0.346018193530830763290364E-11 -0.708097430484898704428076E+00 -0.706114742050245047799706E+00 -0.450020121897774835524708E-11
 -0.346989772552819953924838E-11 -0.706114742050245047799706E+00  0.708097430484898704428076E+00  0.451283726292235488582675E-11
 -0.613364137578947810069963E+00  0.000000000000000000000000E+00 -0.803915161874297104068979E-11  0.789800249893625627706228E+00
  0.789800249893625627706228E+00  0.000000000000000000000000E+00 -0.389050061888847902744536E-13  0.613364137578947810069963E+00
      4
 -0.457670843966525642632938E-11 -0.707894980733721035370820E+00 -0.706317702066148744854956E+00  0.591264035825027634410561E-11
 -0.458692869121561147692890E-11  0.706317702066148744854956E+00 -0.707894980733721035370820E+00  0.592584388051627276300494E-11
 -0.577695221476874798405277E+00 -0.341379090486847844686596E-26  0.105761902386691492432641E-10  0.816252553492351706765362E+00
 -0.816252553492351706765362E+00 -0.101139735533864742190977E-26  0.453118856087071610007029E-12 -0.577695221476874798405277E+00
      5
  0.000000000000000000000000E+00  0.707972313402312591890109E+00  0.706240188219119824353243E+00  0.000000000000000000000000E+00
  0.000000000000000000000000E+00  0.706240188219119824353243E+00 -0.707972313402312591890109E+00  0.000000000000000000000000E+00
  0.561712155132401691481903E+00  0.000000000000000000000000E+00  0.000000000000000000000000E+00 -0.827332735225986604099546E+00
  0.827332735225986604099546E+00  0.000000000000000000000000E+00  0.000000000000000000000000E+00  0.561712155132401691481903E+00
      6
  0.000000000000000000000000E+00  0.708097430484898704428076E+00  0.706114742050245047799706E+00  0.000000000000000000000000E+00
  0.000000000000000000000000E+00 -0.706114742050245047799706E+00  0.708097430484898704428076E+00  0.000000000000000000000000E+00
  0.520388014906823070937492E+00  0.000000000000000000000000E+00  0.000000000000000000000000E+00 -0.853929923320020489718729E+00
  0.853929923320020489718729E+00  0.000000000000000000000000E+00  0.000000000000000000000000E+00  0.520388014906823070937492E+00
      7
  0.886267210362496418029396E-11  0.708097430484499024139211E+00 -0.706114742050645838311596E+00 -0.111750681022296605699893E-10
  0.888755746067312102560675E-11 -0.706114742050645838311596E+00 -0.708097430484499024139211E+00 -0.112064463994869474012320E-10
  0.508592334193779582740547E+00  0.687239766394422936546370E-26  0.200098699637415231942843E-10 -0.861007455019596634748780E+00
  0.861007455019596634748780E+00  0.311112908259992374952867E-26  0.275763295613596835032737E-11  0.508592334193779582740547E+00
      8
 -0.129313670950146616136739E-10 -0.708891902878717838909495E+00  0.705317141456940910337892E+00  0.160415790578718794946808E-10
 -0.129969071896827735235486E-10  0.705317141456940799315589E+00  0.708891902878717616864890E+00  0.161228826510924082946354E-10
  0.478150015536653039127657E+00  0.209524069393679191440577E-25  0.287419317351564938116435E-10 -0.878278180670736263735421E+00
  0.878278180670736152713118E+00  0.117878459542137397299290E-25  0.522771051786622642336096E-11  0.478150015536653094638808E+00
      9
  0.000000000000000000000000E+00 -0.709747865909990061084045E+00  0.704455794806327584289818E+00  0.000000000000000000000000E+00
  0.000000000000000000000000E+00 -0.704455794806327584289818E+00 -0.709747865909990061084045E+00  0.000000000000000000000000E+00
  0.469408223344019326361831E+00  0.000000000000000000000000E+00  0.000000000000000000000000E+00 -0.882981268123515294909964E+00
  0.882981268123515294909964E+00  0.000000000000000000000000E+00  0.000000000000000000000000E+00  0.469408223344019326361831E+00
     10
 -0.261902794487399198267903E-10 -0.714212707365882382148925E+00 -0.699928716825575225612965E+00  0.317733147718761027131990E-10
 -0.267247648826145054115864E-10  0.699928716825575336635268E+00 -0.714212707365882271126623E+00  0.324217375565477219558654E-10
 -0.432837526437737873941103E+00  0.000000000000000000000000E+00  0.571186094967289861766623E-10  0.901471949484430989940620E+00
 -0.901471949484430878918317E+00  0.000000000000000000000000E+00  0.140832332854362189456041E-10 -0.432837526437737929452254E+00
     11
  0.294570792161165106604807E-10 -0.710276370122977174226264E+00  0.703922920528183615473949E+00 -0.356268301511392002223490E-10
  0.297229521725887983320758E-10  0.703922920528183615473949E+00  0.710276370122977174226264E+00 -0.359483898886992333651970E-10
 -0.426416249784716261395090E+00  0.000000000000000000000000E+00  0.636240239886681608041320E-10  0.904527048749532158744557E+00
 -0.904527048749532158744557E+00  0.000000000000000000000000E+00  0.162700564072777218169182E-10 -0.426416249784716261395090E+00
     12
 -0.658262132369797865232973E-10 -0.709218983273244618636966E+00 -0.704988250799164162252453E+00  0.793254416761234585514311E-10
 -0.662212454913070589823037E-10  0.704988250799164162252453E+00 -0.709218983273244618636966E+00  0.798014846764706463829550E-10
 -0.420128419689517640378540E+00  0.000000000000000000000000E+00  0.141336395135633444604131E-09  0.907464661002944206202869E+00
 -0.907464661002944206202869E+00  0.000000000000000000000000E+00  0.374589077161283726913613E-10 -0.420128419689517640378540E+00
     13
  0.366572677546925056287925E-10  0.708689679812544937043128E+00  0.705520331193362992827645E+00 -0.439581621880748035088854E-10
  0.368219400622145711394396E-10 -0.705520331193362992827645E+00  0.708689679812544937043128E+00 -0.441556316789921015658374E-10
 -0.413922475513790799617198E+00 -0.179007933765818603916294E-25  0.782244154761374761605853E-10  0.910312135624113949461389E+00
 -0.910312135624113949461389E+00 -0.168146726059073672035755E-25  0.215079335252149187639791E-10 -0.413922475513790799617198E+00
     14
  0.000000000000000000000000E+00 -0.708362352672365802597199E+00 -0.705848976280670781235926E+00  0.000000000000000000000000E+00
  0.000000000000000000000000E+00  0.705848976280670781235926E+00 -0.708362352672365802597199E+00  0.000000000000000000000000E+00
  0.407767609108265260964288E+00  0.000000000000000000000000E+00  0.000000000000000000000000E+00 -0.913085744583787106698480E+00
  0.913085744583787106698480E+00  0.000000000000000000000000E+00  0.000000000000000000000000E+00  0.407767609108265260964288E+00
     15
  0.000000000000000000000000E+00 -0.708362352672365802597199E+00 -0.705848976280670781235926E+00  0.000000000000000000000000E+00
  0.000000000000000000000000E+00 -0.705848976280670781235926E+00  0.708362352672365802597199E+00  0.000000000000000000000000E+00
  0.401663627888230512219536E+00  0.000000000000000000000000E+00  0.000000000000000000000000E+00 -0.915787273351003072718868E+00
  0.915787273351003072718868E+00  0.000000000000000000000000E+00  0.000000000000000000000000E+00  0.401663627888230512219536E+00
     16
  0.000000000000000000000000E+00 -0.708362352672365802597199E+00 -0.705848976280670781235926E+00  0.000000000000000000000000E+00
  0.000000000000000000000000E+00 -0.705848976280670781235926E+00  0.708362352672365802597199E+00  0.000000000000000000000000E+00
  0.395653706493131640531402E+00  0.000000000000000000000000E+00  0.000000000000000000000000E+00 -0.918399773812170860942672E+00
  0.918399773812170860942672E+00  0.000000000000000000000000E+00  0.000000000000000000000000E+00  0.395653706493131640531402E+00
     17
  0.000000000000000000000000E+00 -0.707504685654902876201788E+00 -0.706708652682530136246442E+00  0.000000000000000000000000E+00
  0.000000000000000000000000E+00  0.706708652682530136246442E+00 -0.707504685654902876201788E+00  0.000000000000000000000000E+00
  0.389839584364494340373852E+00  0.000000000000000000000000E+00  0.000000000000000000000000E+00 -0.920882782151191126018830E+00
  0.920882782151191126018830E+00  0.000000000000000000000000E+00  0.000000000000000000000000E+00  0.389839584364494340373852E+00
     18
  0.000000000000000000000000E+00 -0.707832408520189360068287E+00 -0.706380408454614361346557E+00  0.000000000000000000000000E+00
  0.000000000000000000000000E+00  0.706380408454614361346557E+00 -0.707832408520189360068287E+00  0.000000000000000000000000E+00
  0.384399106634173703955781E+00  0.000000000000000000000000E+00  0.000000000000000000000000E+00 -0.923167009169440166971299E+00
  0.923167009169440166971299E+00  0.000000000000000000000000E+00  0.000000000000000000000000E+00  0.384399106634173703955781E+00
     19
  0.288497363235414233587240E-16  0.708689679812536388325839E+00 -0.705520331193371319500329E+00  0.000000000000000000000000E+00
  0.289793355256304836460561E-16 -0.705520331193371430522632E+00 -0.708689679812536277303536E+00  0.000000000000000000000000E+00
 -0.379604556449193275557974E+00  0.625217208754326425097279E-32  0.687665700319359934461674E-16  0.925148842469691978784851E+00
 -0.925148842469691867762549E+00  0.152374086966106552478869E-31  0.167593648666257421895474E-15 -0.379604556449193331069125E+00
     20
  0.000000000000000000000000E+00 -0.709747865909989728017138E+00 -0.704455794806328028379028E+00  0.000000000000000000000000E+00
  0.000000000000000000000000E+00  0.704455794806328028379028E+00 -0.709747865909989728017138E+00  0.000000000000000000000000E+00
  0.375838504183943267200618E+00  0.000000000000000000000000E+00  0.000000000000000000000000E+00 -0.926685177810013471777495E+00
  0.926685177810013471777495E+00  0.000000000000000000000000E+00  0.000000000000000000000000E+00  0.375838504183943267200618E+00
     21
  0.297583574202510386521737E-09  0.707106781186548349893428E+00 -0.707106781186546906603496E+00 -0.352523046152721220919053E-09
 -0.297583574202511058605984E-09  0.707106781186546906603496E+00  0.707106781186548349893428E+00  0.352523046152721944702089E-09
  0.373599926785258440453674E+00  0.000000000000000000000000E+00  0.619671617776794082166102E-09 -0.927589938877114716930805E+00
 -0.927589938877114716930805E+00  0.000000000000000000000000E+00 -0.204117505577126048628173E-09 -0.373599926785258440453674E+00
     22
 -0.170807573053528502802656E-09 -0.707106781186551569540200E+00  0.707106781186543353889817E+00  0.277613616928035182231744E-09
  0.170807573053531733976924E-09 -0.707106781186543242867515E+00 -0.707106781186551347495595E+00 -0.277613616928038594351771E-09
  0.373482141295232772382207E+00  0.139526570304792032938287E-24  0.454412759363708556659032E-09 -0.927637369953112522757976E+00
  0.927637369953112522757976E+00  0.181095972065850670789004E-24  0.774476517401760973788949E-10  0.373482141295232772382207E+00
     23
 -0.392238124528026333750624E-10  0.707106781186545796380472E+00 -0.707106781186549238071848E+00  0.104183068510600532622898E-09
 -0.392238124528025558268800E-10 -0.707106781186549238071848E+00 -0.707106781186545796380472E+00  0.104183068510600054409106E-09
  0.376074518429422799403739E+00 -0.532872207536791515391752E-25 -0.157382136657224098861665E-09 -0.926589421798068024749284E+00
 -0.926589421798068024749284E+00  0.695739296269338379843127E-25 -0.401113443440469361250884E-11 -0.376074518429422799403739E+00
     24
  0.265367255842835518448196E-10 -0.707106781186545352291262E+00 -0.707106781186549238071848E+00  0.138136600567502823096277E-09
  0.265367255842842303914159E-10  0.707106781186549571138755E+00 -0.707106781186545574335867E+00  0.138136600567501970066271E-09
 -0.381667469721714280872504E+00  0.143830465707559155370863E-24  0.166242804079889829681549E-09  0.924299703860292365398266E+00
 -0.924299703860292365398266E+00  0.186709517619359632360847E-24 -0.109248187782763602929498E-09 -0.381667469721714280872504E+00
     25
 -0.354544920384678580669554E-09 -0.707106781186551458517897E+00  0.707106781186543575934422E+00 -0.426569127075253040791085E-09
 -0.354544920384679459548955E-09  0.707106781186543464912120E+00  0.707106781186551347495595E+00 -0.426569127075258314067490E-09
 -0.389500385141065330607546E+00  0.674923153723308943385567E-24  0.360321907218669329319398E-09  0.921026302542420127750233E+00
 -0.921026302542420016727931E+00  0.862143857340727393838103E-24 -0.696774383857268653051575E-09 -0.389500385141065386118697E+00
     26
  0.184550947678541559328791E-08 -0.707106781186547905804218E+00  0.707106781186547239670404E+00  0.100063575154504709428029E-08
  0.184550947678541828162490E-08  0.707106781186547239670404E+00  0.707106781186547905804218E+00  0.100063575154504750787060E-08
  0.396261766776235591080990E+00 -0.530624751612716008546122E-24  0.265046782622545843930046E-09 -0.918137578030316814370337E+00
  0.918137578030316814370337E+00 -0.665649800631329296246524E-24 -0.295704339407109466253507E-08  0.396261766776235591080990E+00
     27
  0.176842240305520846674734E-08  0.707106781186547128648101E+00 -0.707106781186547794781916E+00  0.120021364684342197572797E-08
  0.176842240305520701918127E-08 -0.707106781186547794781916E+00 -0.707106781186547128648101E+00  0.120021364684342073495705E-08
 -0.394674713592087722524582E+00  0.000000000000000000000000E+00  0.572515784474322940969704E-09  0.918820913155008356376641E+00
  0.918820913155008356376641E+00  0.000000000000000000000000E+00  0.296780842776639412261234E-08  0.394674713592087722524582E+00
     28
  0.295055649139562788903391E-08  0.707106781186547572737311E+00  0.707106781186547350692706E+00  0.163765090280345189414231E-08
  0.295055649139562912980482E-08 -0.707106781186547461715008E+00  0.707106781186547461715008E+00  0.163765090280345230773261E-08
  0.376596514906746338002819E+00  0.000000000000000000000000E+00  0.574048381985562293412147E-09 -0.926377387979700595010968E+00
  0.926377387979700483988665E+00  0.000000000000000000000000E+00 -0.473770363207220337033517E-08  0.376596514906746393513970E+00
     29
 -0.325648621787770467284874E-08  0.707106781186547572737311E+00  0.707106781186547683759613E+00 -0.245915050824952258930647E-08
 -0.325648621787770053694568E-08 -0.707106781186547572737311E+00  0.707106781186547683759613E+00 -0.245915050824952341648708E-08
  0.343314286817991587419385E+00  0.122257797140371078338893E-23 -0.168529913367979692750143E-08 -0.939220581368750639938980E+00
 -0.939220581368750861983585E+00 -0.175145602234709293444843E-23 -0.551942182811854919687859E-08 -0.343314286817991531908234E+00
     30
 -0.147546612500968512550097E-08  0.707106781186547572737311E+00  0.707106781186547794781916E+00 -0.121503901981683403852770E-08
 -0.147546612500968367793490E-08 -0.707106781186547461715008E+00  0.707106781186547905804218E+00 -0.121503901981683445211801E-08
 -0.307546998947768546184278E+00 -0.587242743746698278493513E-24  0.993307215731546391735414E-09  0.951532891411653314328589E+00
 -0.951532891411653758417799E+00 -0.937289790159353734570941E-24 -0.251395778933836981662875E-08 -0.307546998947768435161976E+00
     31
 -0.454476745479316881065718E-09  0.707106781186547350692706E+00  0.707106781186547572737311E+00 -0.371339631118092886880589E-09
  0.454476745479316260680259E-09  0.707106781186547683759613E+00 -0.707106781186547239670404E+00  0.371339631118092835181801E-09
 -0.279280926183209654567463E+00 -0.176261608364132180854923E-24  0.324756008497128459886535E-09  0.960209437711507129975530E+00
 -0.960209437711507018953228E+00 -0.309574318991624478463667E-24 -0.763817856008644821188624E-09 -0.279280926183209710078614E+00
     32
  0.151240182012971506192106E-08  0.707106781186547572737311E+00  0.707106781186547461715008E+00  0.829018390619493201308904E-09
 -0.151240182012971402794530E-08  0.707106781186547350692706E+00 -0.707106781186547683759613E+00 -0.829018390619493614899210E-09
  0.259544080850508840363489E+00 -0.389643395351918984132582E-24  0.577103836417366560770778E-09 -0.965731261840199750601244E+00
  0.965731261840199972645848E+00 -0.737091602596192655993540E-24 -0.236985499071702180502631E-08  0.259544080850508784852337E+00
     33
 -0.530408192931595747580819E-09  0.707106781186547461715008E+00  0.707106781186547572737311E+00 -0.267778471058791792028931E-09
 -0.530408192931595954375972E-09 -0.707106781186547572737311E+00  0.707106781186547461715008E+00 -0.267778471058791688631355E-09
 -0.245429028958405404114984E+00  0.125144980245521287150787E-24  0.183014482054201176702429E-09  0.969414561343357461531411E+00
 -0.969414561343357461531411E+00  0.250815570791730992893631E-24 -0.820110980746827353296939E-09 -0.245429028958405404114984E+00
     34
 -0.976871685875989767339240E-09  0.707106781186547017625799E+00 -0.707106781186548127848823E+00 -0.287527876663319367374190E-09
  0.976871685875988319773168E-09  0.707106781186548127848823E+00  0.707106781186547017625799E+00  0.287527876663318850386307E-09
 -0.234002039055805383105380E+00  0.000000000000000000000000E+00 -0.720612498063348452054500E-10  0.972236105952522855488951E+00
  0.972236105952522855488951E+00  0.000000000000000000000000E+00 -0.143830060282319376744768E-08  0.234002039055805383105380E+00
     35
  0.497362597964692457183133E-09 -0.707106781186547905804218E+00 -0.707106781186547017625799E+00  0.172666844435812252186912E-09
  0.497362597964694525134664E-09  0.707106781186547128648101E+00 -0.707106781186548238871126E+00  0.172666844435812433132671E-09
  0.223200766770403069561013E+00 -0.796409694057847604765478E-25 -0.810332244975837154556378E-10 -0.974772495361406976499552E+00
 -0.974772495361406976499552E+00  0.175900494212975656956476E-24 -0.740135605772955464898639E-09 -0.223200766770403069561013E+00
     36
 -0.888201104330448842264541E-09  0.707106781186548127848823E+00 -0.707106781186546906603496E+00 -0.270324230933589103069860E-09
  0.888201104330450083035460E-09  0.707106781186547017625799E+00  0.707106781186548016826521E+00  0.270324230933589464961378E-09
 -0.211690711489109562037925E+00  0.000000000000000000000000E+00 -0.107726167750270654775710E-09  0.977336708954101629487354E+00
  0.977336708954101518465052E+00  0.000000000000000000000000E+00 -0.130856688712731873924607E-08  0.211690711489109589793500E+00
     37
  0.579755942853704436692841E-09  0.707106781186547572737311E+00  0.707106781186547461715008E+00  0.204867285154580167710973E-09
  0.579755942853704126500111E-09 -0.707106781186547461715008E+00  0.707106781186547572737311E+00  0.204867285154580296957944E-09
  0.198617323947909096837350E+00 -0.935681153247925684271917E-25  0.121107825464449287011485E-09 -0.980077118714528183751611E+00
  0.980077118714528183751611E+00 -0.231138016234665512261292E-24 -0.861108593739990601273769E-09  0.198617323947909096837350E+00
     38
 -0.489140517184217398708491E-09  0.707106781186547350692706E+00 -0.707106781186547572737311E+00 -0.232067476694337832711317E-09
  0.489140517184217191913338E-09  0.707106781186547683759613E+00  0.707106781186547239670404E+00  0.232067476694337703464347E-09
  0.183445836314852644965967E+00  0.000000000000000000000000E+00  0.195725017573752523792606E-09 -0.983029819048610642440167E+00
 -0.983029819048610531417864E+00  0.000000000000000000000000E+00  0.740215461118254503941681E-09 -0.183445836314852672721543E+00
     39
  0.535471609370580228011469E-09 -0.707106781186548127848823E+00  0.707106781186547017625799E+00  0.369328111476935391390744E-09
 -0.535471609370581675577541E-09 -0.707106781186547017625799E+00 -0.707106781186548127848823E+00 -0.369328111476935856679838E-09
 -0.165878381914699307708716E+00  0.165191661821161509396165E-24 -0.389457929627827453265826E-09  0.986146217562771543185818E+00
  0.986146217562771543185818E+00 -0.480501747568749243246327E-24 -0.833419993722304029205976E-09  0.165878381914699307708716E+00
     40
 -0.215695755674872260877678E-09 -0.707106781186547461715008E+00  0.707106781186547572737311E+00 -0.224690502731446600026544E-09
 -0.215695755674871743889795E-09  0.707106781186547572737311E+00  0.707106781186547461715008E+00 -0.224690502731446625875938E-09
  0.145810598709162381192428E+00 -0.991811073131753459020214E-25 -0.269886254925415089815905E-09 -0.989312523575879843029668E+00
 -0.989312523575879843029668E+00  0.323475692721705058769111E-24 -0.348112584475284789578244E-09 -0.145810598709162381192428E+00
     41
  0.896260452938127470614353E-10  0.707106781186547350692706E+00 -0.707106781186547683759613E+00  0.234134102213392021604273E-09
  0.896260452938127082873441E-10 -0.707106781186547683759613E+00 -0.707106781186547350692706E+00  0.234134102213391918206696E-09
 -0.123296735224061954072639E+00  0.000000000000000000000000E+00  0.312961253549157858225932E-09  0.992369847931247717198744E+00
  0.992369847931247717198744E+00  0.000000000000000000000000E+00  0.166608719476199656092787E-09  0.123296735224061954072639E+00
     42
 -0.566668092812685464725124E-10  0.707106781186546795581194E+00 -0.707106781186548238871126E+00  0.240934043998171824452351E-09
 -0.566668092812720684524643E-10 -0.707106781186548016826521E+00 -0.707106781186546684558891E+00  0.240934043998171617657197E-09
 -0.985065554562259276805136E-01  0.205748333260180470003312E-24  0.346969222154097410205930E-09  0.995136401973191642156280E+00
 -0.995136401973191642156280E+00  0.949936042094573631255825E-24  0.461848518525940611265191E-10 -0.985065554562259276805136E-01
     43
 -0.218845009262240791855057E-09  0.707106781186547683759613E+00 -0.707106781186547572737311E+00  0.246832905872248597226306E-09
 -0.218845009262240895252634E-09 -0.707106781186547461715008E+00 -0.707106781186547905804218E+00  0.246832905872248700623882E-09
  0.716693356435731954157120E-01  0.000000000000000000000000E+00 -0.370357970914548881837502E-09 -0.997428446721071226832578E+00
  0.997428446721071448877183E+00  0.000000000000000000000000E+00 -0.283679656759782716399081E-09  0.716693356435731815379242E-01
     44
 -0.534527356509950501777161E-09  0.707106781186547461715008E+00  0.707106781186547461715008E+00  0.615367175747234273130539E-09
  0.534527356509950501777161E-09  0.707106781186547461715008E+00 -0.707106781186547461715008E+00 -0.615367175747234169732963E-09
 -0.430108112615502150011260E-01  0.000000000000000000000000E+00 -0.901968695767634585451378E-09  0.999074606881099502864174E+00
 -0.999074606881099502864174E+00  0.000000000000000000000000E+00 -0.717805906389410604652375E-09 -0.430108112615502150011260E-01
     45
  0.739804668228145408914588E-09 -0.707106781186547017625799E+00 -0.707106781186547683759613E+00 -0.693744967659513381665042E-09
  0.739804668228077063116476E-09  0.707106781186547794781916E+00 -0.707106781186547239670404E+00 -0.693744967659512347689276E-09
  0.126977377324441077083295E-01  0.562278365937293127716798E-24  0.994309352735144093341402E-09 -0.999919380478485386731791E+00
  0.999919380478485386731791E+00  0.179512310578174798876812E-22  0.103369987436302235127164E-08  0.126977377324441111777764E-01
     46
  0.737368278793250707594318E-09 -0.707106781186547239670404E+00  0.707106781186547683759613E+00 -0.288351502302240001307051E-09
  0.737368278793232923211148E-09  0.707106781186547461715008E+00  0.707106781186547350692706E+00 -0.288351502302240208102205E-09
  0.191950275414714231769775E-01  0.229012612017742895174433E-24  0.387698966896535364625168E-09  0.999815758486373495905752E+00
  0.999815758486373606928055E+00  0.458412133636189170073306E-23 -0.105043186788239645327517E-08 -0.191950275414714231769775E-01
     47
 -0.894334347639687264383616E-09  0.707106781186547461715008E+00 -0.707106781186547572737311E+00  0.318416093867489909662572E-09
 -0.894334347639681577516905E-09 -0.707106781186547350692706E+00 -0.707106781186547461715008E+00  0.318416093867490064758936E-09
 -0.526785233567488644923493E-01 -0.124104914789161620384456E-24 -0.383056373449115348342998E-09 -0.998611522653805816496231E+00
  0.998611522653805927518533E+00  0.850077663272097371809325E-24 -0.128674544679162378612540E-08 -0.526785233567488644923493E-01
     48
 -0.102842865776411732243288E-08 -0.707106781186547683759613E+00 -0.707106781186547350692706E+00  0.356663097767242133051980E-09
  0.102842865776411752922804E-08 -0.707106781186547461715008E+00  0.707106781186547461715008E+00 -0.356663097767242236449556E-09
 -0.877970836720061154068162E-01  0.000000000000000000000000E+00 -0.374756369816165278875567E-09 -0.996138379994813250029040E+00
 -0.996138379994813139006737E+00  0.000000000000000000000000E+00  0.149308589142602954928485E-08  0.877970836720061292846040E-01
     49
 -0.113072114822201038113943E-08  0.707106781186547572737311E+00 -0.707106781186547572737311E+00  0.399315707858198806929363E-09
 -0.113072114822201079472974E-08 -0.707106781186547572737311E+00 -0.707106781186547572737311E+00  0.399315707858198858628151E-09
 -0.124531994129078019128976E+00  0.000000000000000000000000E+00 -0.361184914898326694881947E-09 -0.992215592720773420509772E+00
  0.992215592720773420509772E+00  0.000000000000000000000000E+00 -0.165695881405508535308666E-08 -0.124531994129078019128976E+00
     50
  0.119329428188908753907663E-08 -0.707106781186547572737311E+00  0.707106781186547683759613E+00 -0.440212555955593868442078E-09
  0.119329428188908712548633E-08  0.707106781186547683759613E+00  0.707106781186547572737311E+00 -0.440212555955594075237231E-09
 -0.162682866814924942389098E+00 -0.161516081259893071199841E-24 -0.339721943631394646519877E-09 -0.986678410042946762992244E+00
  0.986678410042946762992244E+00  0.274780344392693160729511E-24 -0.176637076409105255038117E-08 -0.162682866814924942389098E+00
     51
  0.000000000000000000000000E+00 -0.100000000000000000000000E+01  0.000000000000000000000000E+00  0.000000000000000000000000E+00
  0.171125710072722622567294E-08  0.000000000000000000000000E+00  0.100000000000000000000000E+01 -0.667437324344588092687586E-09
 -0.201771920925012449021807E+00  0.000000000000000000000000E+00 -0.308426198572388179024978E-09 -0.979432535668603776457530E+00
  0.979432535668603776457530E+00  0.000000000000000000000000E+00 -0.181073099237622776302117E-08 -0.201771920925012449021807E+00
     52
 -0.217225871680998507896848E-22 -0.999999999999999888977698E+00  0.100419784335618562972047E-13  0.207491449625860845224555E-22
  0.178654865762555863900461E-08 -0.981993382863682025595459E-14 -0.100000000000000022204460E+01 -0.224509859462293889816651E-08
 -0.241030853397133065785241E+00  0.170471504489585487633148E-23  0.174829394323547637501931E-08 -0.970517453583731093402776E+00
 -0.970517453583731426469683E+00  0.148064458990022258879536E-23 -0.227501500737210692625195E-08  0.241030853397133038029665E+00
     53
 -0.967969892551218168252284E-23  0.999999999999999888977698E+00 -0.576610627791071768137534E-14  0.349800546357065920716194E-23
  0.154810640304061215450127E-08  0.554406167298568637329061E-14  0.999999999999999888977698E+00 -0.680067745556374599031039E-09
 -0.279509673720683304853907E+00 -0.346291939380488218752367E-24 -0.220251485481449915787370E-09 -0.960142875980734999963317E+00
  0.960142875980734999963317E+00  0.215225749444454253644372E-24 -0.167648884780802753544934E-08 -0.279509673720683304853907E+00
     54
  0.000000000000000000000000E+00 -0.100000000000000000000000E+01  0.000000000000000000000000E+00  0.000000000000000000000000E+00
 -0.136394216547063823813480E-08  0.000000000000000000000000E+00 -0.100000000000000000000000E+01  0.634329054325046727162378E-09
  0.316293566530699232774992E+00  0.000000000000000000000000E+00  0.170357297464768517450329E-09  0.948661362010327802174459E+00
  0.948661362010327802174459E+00  0.000000000000000000000000E+00 -0.149455353666777571999535E-08 -0.316293566530699232774992E+00
     55
  0.000000000000000000000000E+00 -0.100000000000000000000000E+01  0.000000000000000000000000E+00  0.000000000000000000000000E+00
 -0.112085494555497192987671E-08  0.000000000000000000000000E+00 -0.100000000000000000000000E+01  0.546719905701411978498991E-09
  0.350749709153852506915428E+00  0.000000000000000000000000E+00  0.118846829613817652030818E-09  0.936469242168950222193757E+00
  0.936469242168950222193757E+00  0.000000000000000000000000E+00 -0.124140802935857630768470E-08 -0.350749709153852506915428E+00
     56
 -0.423515967731459027251462E-23  0.100000000000000000000000E+01 -0.499777419552951340577493E-14  0.193033708319100227086027E-23
  0.833008255218780155419486E-09  0.499777419552951340577493E-14  0.100000000000000000000000E+01 -0.407859454475621493943408E-09
  0.382707720372274462494744E+00  0.127370726528561183238256E-24  0.580102083344066576382635E-10  0.923869471715272672085462E+00
  0.923869471715272672085462E+00  0.251407314975766944804788E-25 -0.925681858738079795385142E-09 -0.382707720372274462494744E+00
     57
  0.000000000000000000000000E+00  0.100000000000000000000000E+01  0.000000000000000000000000E+00  0.000000000000000000000000E+00
 -0.129073105295897401803459E-08  0.000000000000000000000000E+00 -0.100000000000000000000000E+01 -0.732394815267564220276625E-09
 -0.412516419442622073177063E+00  0.000000000000000000000000E+00  0.119962293047500853175470E-08 -0.910950165316543825078099E+00
  0.910950165316543825078099E+00  0.000000000000000000000000E+00 -0.873666779259657708158712E-09 -0.412516419442622073177063E+00
     58
  0.227933696638184443596158E-09  0.662385512097162144690325E-14  0.100000000000000000000000E+01  0.992497065510764786409791E-10
  0.150561406181967264897570E-23 -0.999999999999999888977698E+00  0.640181051604659171654034E-14  0.696830821045148687260388E-24
 -0.440971615738389777217066E+00 -0.454369671318381362440895E-25  0.189591089179330575680312E-09 -0.897521049398326886681332E+00
  0.897521049398326886681332E+00  0.309654934930069179728375E-26 -0.160809186430260910375343E-09 -0.440971615738389777217066E+00
     59
  0.184645120162705882436674E-08  0.000000000000000000000000E+00  0.100000000000000000000000E+01 -0.467888462460752193152727E-09
  0.000000000000000000000000E+00  0.100000000000000000000000E+01  0.000000000000000000000000E+00  0.000000000000000000000000E+00
 -0.469133494218353652716047E+00  0.000000000000000000000000E+00  0.453027046364543251494064E-09 -0.883127264103242270998351E+00
  0.883127264103242270998351E+00  0.000000000000000000000000E+00 -0.185015354729171426700118E-08 -0.469133494218353652716047E+00
     60
 -0.104579054489369510312069E-09  0.000000000000000000000000E+00  0.100000000000000000000000E+01  0.941854721821771770459284E-09
  0.000000000000000000000000E+00  0.100000000000000000000000E+01  0.000000000000000000000000E+00  0.000000000000000000000000E+00
  0.498037756843762613456761E+00  0.000000000000000000000000E+00 -0.764650038745545873519622E-09  0.867155345228312168792684E+00
 -0.867155345228312168792684E+00  0.000000000000000000000000E+00 -0.559765499028201161533226E-09  0.498037756843762668967912E+00
     61
 -0.196295152408035279521668E-08  0.000000000000000000000000E+00 -0.100000000000000000000000E+01  0.126772294532771865000357E-08
  0.528293172244453268504571E+00  0.135525271560688054250932E-19  0.393614662187533672218995E-10  0.849062026096970345889758E+00
 -0.677626357803440271254658E-20  0.100000000000000000000000E+01 -0.788860905221011805411729E-30 -0.271050543121376108501863E-19
  0.849062026096970345889758E+00  0.000000000000000000000000E+00 -0.233639706874488359144839E-08 -0.528293172244453268504571E+00
     62
  0.000000000000000000000000E+00  0.000000000000000000000000E+00  0.100000000000000000000000E+01  0.000000000000000000000000E+00
  0.529069738237414766146571E+00  0.000000000000000000000000E+00  0.000000000000000000000000E+00  0.848578347638798469176891E+00
  0.000000000000000000000000E+00 -0.100000000000000000000000E+01  0.000000000000000000000000E+00  0.000000000000000000000000E+00
 -0.848578347638798469176891E+00  0.000000000000000000000000E+00  0.000000000000000000000000E+00  0.529069738237414766146571E+00
     63
 -0.376493005361794506294544E-08 -0.938355060557752890376498E-15 -0.999999999999999888977698E+00  0.260886913776245266455067E-08
  0.529844028444120485055180E+00  0.328602744866427410031776E-22  0.217743377612806229817237E-09  0.848095104055026416389751E+00
 -0.209403063176929787637936E-22  0.100000000000000000000000E+01 -0.938355060557715025053047E-15 -0.254226884129472298187566E-22
  0.848095104055026305367448E+00 -0.395599565211901530821531E-26 -0.457531257337610340920600E-08 -0.529844028444120374032877E+00
     64
  0.137831775251304951845853E-08  0.000000000000000000000000E+00  0.100000000000000022204460E+01 -0.814439450515656289975730E-09
  0.530616039152177587645554E+00  0.000000000000000000000000E+00 -0.410286068819733884455888E-10  0.847612304650218528756511E+00
  0.000000000000000000000000E+00  0.100000000000000000000000E+01  0.000000000000000000000000E+00  0.000000000000000000000000E+00
  0.847612304650218528756511E+00  0.000000000000000000000000E+00 -0.160043372210979203365639E-08 -0.530616039152177698667856E+00
     65
  0.100932030239836911409591E-08 -0.931532506674638022122913E-15 -0.999999999999999888977698E+00 -0.907566198420783613418229E-09
  0.531385770704638549233323E+00 -0.551892759573814956375169E-23 -0.232488185131001235687891E-09  0.847129956200721956349753E+00
  0.387184616663374922147379E-23  0.100000000000000000000000E+01 -0.931532506674638022122913E-15  0.383047892560685872838554E-23
 -0.847129956200721845327450E+00 -0.123723475217808650238909E-26 -0.133729303927590071010762E-08  0.531385770704638660255625E+00
     66
  0.795777577189387403167379E-09 -0.928139764349931453570190E-15 -0.999999999999999777955395E+00 -0.621885337686532715317791E-09
  0.532153242634204604044612E+00 -0.300166922158196293148791E-23 -0.103042510645382238893499E-09  0.846648053416471979559788E+00
 -0.233526323318451143674176E-23 -0.100000000000000000000000E+01  0.928139764349929875848380E-15 -0.196458678555822362057856E-23
 -0.846648053416471868537485E+00 -0.800319991753420853185157E-27 -0.100468164768280571236793E-08  0.532153242634204715066915E+00
     67
  0.820381386851235671438097E-09  0.982557086457138965754083E-15 -0.999999999999999888977698E+00 -0.558836554543062186585292E-09
 -0.532918465420933018528160E+00 -0.237455631167459838021444E-23  0.356724356766026908515638E-10 -0.846166596606955367931846E+00
 -0.180445315908013010373013E-23  0.999999999999999888977698E+00  0.760512481532107657669357E-15 -0.146056453403961837896841E-23
 -0.846166596606955367931846E+00  0.718905800408658251767130E-27 -0.991993645099814238146013E-09  0.532918465420933018528160E+00
     68
  0.848374043343108703097261E-09  0.190037178122320242324676E-14 -0.999999999999999777955395E+00 -0.490726802969519807306426E-09
 -0.533681430523854860581423E+00 -0.345360535028063133692818E-23 -0.377607647313372845682470E-10 -0.845685598029203622338912E+00
 -0.319218453391154415638439E-23  0.999999999999999888977698E+00  0.167832717629817032630112E-14 -0.198871387412582569880882E-23
 -0.845685598029203511316609E+00  0.114850683383354011701022E-26 -0.979349304622317025020803E-09  0.533681430523854971603726E+00
     69
 -0.588578404342569749591102E-09  0.000000000000000000000000E+00  0.100000000000000000000000E+01  0.311680538951089053605957E-09
 -0.534442166812318597557407E+00  0.000000000000000000000000E+00 -0.511271533930774807986268E-10 -0.845205046324827624637521E+00
  0.000000000000000000000000E+00  0.100000000000000000000000E+01  0.000000000000000000000000E+00  0.000000000000000000000000E+00
 -0.845205046324827624637521E+00  0.000000000000000000000000E+00 -0.664044660098405945779270E-09  0.534442166812318597557407E+00
     70
 -0.606522960718768194504974E-09  0.000000000000000000000000E+00  0.100000000000000022204460E+01  0.267970664241426131119652E-09
 -0.535200666410283742990828E+00  0.000000000000000000000000E+00 -0.982502236180727168280676E-10 -0.844724953268215283941345E+00
  0.000000000000000000000000E+00 -0.100000000000000000000000E+01  0.000000000000000000000000E+00  0.000000000000000000000000E+00
 -0.844724953268215505985950E+00  0.000000000000000000000000E+00 -0.655763532862915554121406E-09  0.535200666410283631968525E+00
     71
 -0.172732686199683399793704E-08  0.911369707641922495901204E-15 -0.999999999999999888977698E+00  0.134225859286458725953091E-08
 -0.535956934594370215663162E+00  0.317372246887493585563916E-23 -0.207422728372203271758637E-09 -0.844245322320595459331116E+00
 -0.327418346427518341139436E-23 -0.100000000000000000000000E+01 -0.911369707641922298685978E-15 -0.145675944210979132179787E-23
  0.844245322320595570353419E+00  0.121822246355278979181403E-26 -0.217768042422420798515949E-08 -0.535956934594370104640859E+00
     72
  0.652452918072366358676094E-09  0.908055855669709149772757E-15 -0.999999999999999888977698E+00 -0.165419477751437090375607E-09
 -0.536710979359082518413970E+00 -0.354600693718494126974077E-24 -0.210603168735518500998764E-09 -0.843766155184843991143850E+00
  0.782665630071056906418615E-24 -0.100000000000000000000000E+01 -0.908055855669708952557531E-15  0.149063819316313134797742E-24
 -0.843766155184843769099245E+00  0.137654656677216802915687E-27 -0.639299952676374759183485E-09  0.536710979359082629436273E+00
     73
 -0.287914981675380243018300E-09  0.323403304823845324411946E-15  0.100000000000000000000000E+01  0.191377103886260905956157E-09
  0.537462808993682261693436E+00 -0.375101461843111673577993E-24 -0.664231575985092853312822E-11  0.843287453332860037491514E+00
 -0.693914646248716240879130E-24 -0.100000000000000000000000E+01  0.323403304823845275108139E-15  0.000000000000000000000000E+00
 -0.843287453332860037491514E+00  0.473384138171442416632480E-24 -0.345653167505192871492231E-09  0.537462808993682261693436E+00
     74
  0.163881052333233544790762E-08 -0.150220553108710853031186E-14  0.999999999999999888977698E+00 -0.142275982495688745231575E-08
 -0.538212442822114778273601E+00  0.256794123694121470575152E-23 -0.317086990143098854552863E-09 -0.842809211145352787930562E+00
  0.388621930602247153656491E-23  0.100000000000000000000000E+01  0.150220553108710833309664E-14  0.000000000000000000000000E+00
  0.842809211145352676908260E+00 -0.501787910618968755524845E-25 -0.214695145818440039216492E-08 -0.538212442822114889295904E+00
     75
  0.159554010635436557023422E-08  0.000000000000000000000000E+00  0.100000000000000000000000E+01 -0.147080357912632620348288E-08
  0.538959868723621782216071E+00  0.000000000000000000000000E+00  0.378971955108466237492854E-09  0.842331443023122794500068E+00
  0.000000000000000000000000E+00 -0.100000000000000000000000E+01  0.000000000000000000000000E+00  0.000000000000000000000000E+00
  0.842331443023123016544673E+00  0.000000000000000000000000E+00 -0.213667779762854042298402E-08 -0.538959868723621893238374E+00
     76
  0.826765708606014704401080E-09  0.000000000000000000000000E+00 -0.100000000000000000000000E+01  0.165390678983010506348180E-09
 -0.539705099844216995563784E+00  0.000000000000000000000000E+00 -0.585444498325403749324660E-09 -0.841854147226313687113475E+00
  0.000000000000000000000000E+00  0.100000000000000000000000E+01  0.000000000000000000000000E+00  0.000000000000000000000000E+00
 -0.841854147226313687113475E+00  0.000000000000000000000000E+00 -0.606753947660644115914629E-09  0.539705099844216995563784E+00
     77
  0.907225900475688734974863E-09 -0.129139049635386968610958E-14 -0.999999999999999888977698E+00  0.304605563563774407117603E-09
