      1
  0.191786995156414942161981E-11  0.710866792766273292158985E+00 -0.703326668726696468958437E+00 -0.245665508856405733839687E-11
  0.193843077766328033905488E-11 -0.703326668726696468958437E+00 -0.710866792766273292158985E+00 -0.248299204536361316246416E-11
 -0.630808804742456485925572E+00  0.000000000000000000000000E+00 -0.443033503064581447878921E-11  0.775938304157871350241749E+00
  0.775938304157871350241749E+00  0.000000000000000000000000E+00 -0.875716706174948854415426E-13  0.630808804742456485925572E+00
      2
  0.000000000000000000000000E+00  0.708627175177918844362068E+00  0.705583111050259725871570E+00  0.000000000000000000000000E+00
  0.000000000000000000000000E+00  0.705583111050259725871570E+00 -0.708627175177918844362068E+00  0.000000000000000000000000E+00
 -0.596722185567562735108993E+00  0.000000000000000000000000E+00  0.000000000000000000000000E+00  0.802447900646186096373924E+00
  0.802447900646186096373924E+00  0.000000000000000000000000E+00  0.000000000000000000000000E+00  0.596722185567562735108993E+00
      3
  0.304198824673650131281232E-11  0.708424877806712594008332E+00 -0.705786222948949548694486E+00 -0.379126321968689249265878E-11
 -0.305336103470475195491248E-11  0.705786222948949548694486E+00  0.708424877806712594008332E+00  0.380543724970675923954611E-11
  0.581498895471439070092856E+00  0.211226291054585737519428E-26  0.687642262832669120899608E-11 -0.813547192586574263728494E+00
  0.813547192586574263728494E+00  0.560977901504051978791270E-27  0.382815099727383582593909E-12  0.581498895471439070092856E+00
      4
 -0.404639525120696141476045E-11  0.708097430484898704428076E+00 -0.706114742050245047799706E+00  0.496864620091895289389316E-11
 -0.405775706054025947422253E-11 -0.706114742050245047799706E+00 -0.708097430484898704428076E+00  0.498259758413160746934110E-11
  0.554351104807608408009401E+00  0.000000000000000000000000E+00 -0.903309220123801784911939E-11 -0.832282916200124733840937E+00
 -0.832282916200124733840937E+00  0.000000000000000000000000E+00  0.868564053378072337863424E-12 -0.554351104807608408009401E+00
      5
  0.000000000000000000000000E+00  0.708097430484898704428076E+00  0.706114742050245047799706E+00  0.000000000000000000000000E+00
  0.000000000000000000000000E+00  0.706114742050245047799706E+00 -0.708097430484898704428076E+00  0.000000000000000000000000E+00
  0.542286186406293668760270E+00  0.000000000000000000000000E+00  0.000000000000000000000000E+00 -0.840193841939417263020573E+00
  0.840193841939417263020573E+00  0.000000000000000000000000E+00  0.000000000000000000000000E+00  0.542286186406293668760270E+00
      6
  0.000000000000000000000000E+00  0.708097430484898704428076E+00  0.706114742050245047799706E+00  0.000000000000000000000000E+00
  0.000000000000000000000000E+00 -0.706114742050245047799706E+00  0.708097430484898704428076E+00  0.000000000000000000000000E+00
  0.511292369555510939349574E+00  0.000000000000000000000000E+00  0.000000000000000000000000E+00 -0.859406837786569455239771E+00
  0.859406837786569455239771E+00  0.000000000000000000000000E+00  0.000000000000000000000000E+00  0.511292369555510939349574E+00
      7
  0.791484370574501769343845E-11  0.707769827694741837653680E+00 -0.706443112362881819876748E+00 -0.940377977192079554638140E-11
  0.792970795215060473922153E-11 -0.706443112362881930899050E+00 -0.707769827694741726631378E+00 -0.942144027222508051148568E-11
  0.502467466691638553477617E+00  0.575470914879029945826318E-26  0.171386790312995531657086E-10 -0.864596116644347989499408E+00
  0.864596116644347878477106E+00  0.264647225738340300357169E-26  0.299838064469198197358377E-11  0.502467466691638664499919E+00
      8
 -0.115239686365285020582314E-10 -0.709810278883702960861513E+00  0.704392907396887313353773E+00  0.135041789261606439613392E-10
 -0.116125976083010864650207E-10  0.704392907396887313353773E+00  0.709810278883702960861513E+00  0.136080373737673836991363E-10
  0.479572267446620292830062E+00  0.000000000000000000000000E+00  0.246687961182150278462343E-10 -0.877502387629861213547144E+00
  0.877502387629861213547144E+00  0.000000000000000000000000E+00  0.516200581766069960737825E-11  0.479572267446620292830062E+00
      9
  0.000000000000000000000000E+00  0.719231843232767120710491E+00 -0.694770145933168437046845E+00  0.000000000000000000000000E+00
  0.000000000000000000000000E+00  0.694770145933168437046845E+00  0.719231843232767120710491E+00  0.000000000000000000000000E+00
 -0.472909744113333196935400E+00  0.000000000000000000000000E+00  0.000000000000000000000000E+00  0.881110874931561371958821E+00
  0.881110874931561371958821E+00  0.000000000000000000000000E+00  0.000000000000000000000000E+00  0.472909744113333196935400E+00
     10
 -0.230582288043081449481574E-10  0.711394449238896831033685E+00 -0.702792954996054763938673E+00  0.268393089123873233447298E-10
 -0.233404388362961504863578E-10 -0.702792954996054763938673E+00 -0.711394449238896831033685E+00  0.271677956444335338365999E-10
 -0.443792782913913941289508E+00 -0.102006253714630107904507E-25  0.487832659874827767340798E-10  0.896129435870468116220877E+00
 -0.896129435870468116220877E+00 -0.796993816960309840721403E-26  0.124531641837417107581572E-10 -0.443792782913913941289508E+00
     11
  0.256874093774935734592591E-10  0.710338735881216543077699E+00  0.703859986294628980907362E+00 -0.298896872469077065184323E-10
  0.259238517042708754928566E-10 -0.703859986294628980907362E+00  0.710338735881216543077699E+00 -0.301648098603035411392706E-10
 -0.438344775878417414194388E+00  0.000000000000000000000000E+00  0.541656008546065985495087E-10  0.898806907772798591160779E+00
 -0.898806907772798591160779E+00  0.000000000000000000000000E+00  0.141875272474676227626069E-10 -0.438344775878417414194388E+00
     12
 -0.570056668810675305370530E-10 -0.709810278883620360268480E+00 -0.704392907396970247013712E+00  0.662426162398123064241928E-10
 -0.574440882096978901539405E-10  0.704392907396970358036015E+00 -0.709810278883620693335388E+00  0.667520774462642174774165E-10
 -0.432891761280579323578621E+00  0.794532969578538828325145E-25  0.119807213013645983717365E-09  0.901445906871509272662024E+00
 -0.901445906871509272662024E+00  0.684166003864942074376381E-25  0.322426603560389250194650E-10 -0.432891761280579323578621E+00
     13
 -0.315233896251074874580695E-10  0.709281423997088267263678E+00 -0.704925429795707270130833E+00  0.365077568085474536671209E-10
 -0.317181842751665937935237E-10 -0.704925429795707270130833E+00 -0.709281423997088267263678E+00  0.367333517016264807906610E-10
 -0.427404780797818739657146E+00 -0.149619059424074954387754E-25  0.659338727352675578769655E-10  0.904060370412932412520490E+00
 -0.904060370412932412520490E+00 -0.134977955778022601891485E-25  0.182933640352650608005630E-10 -0.427404780797818739657146E+00
     14
  0.000000000000000000000000E+00  0.708954375852447249428678E+00 -0.705254346289100886302492E+00  0.000000000000000000000000E+00
  0.000000000000000000000000E+00 -0.705254346289100886302492E+00 -0.708954375852447249428678E+00  0.000000000000000000000000E+00
  0.421882537281715042087882E+00  0.000000000000000000000000E+00  0.000000000000000000000000E+00 -0.906650497566036772667530E+00
  0.906650497566036772667530E+00  0.000000000000000000000000E+00  0.000000000000000000000000E+00  0.421882537281715042087882E+00
     15
  0.000000000000000000000000E+00  0.708752172714276151843649E+00 -0.705457551999263188236000E+00  0.000000000000000000000000E+00
  0.000000000000000000000000E+00  0.705457551999263188236000E+00  0.708752172714276151843649E+00  0.000000000000000000000000E+00
  0.416363829339134516871468E+00  0.000000000000000000000000E+00  0.000000000000000000000000E+00 -0.909198087117462083739383E+00
  0.909198087117462083739383E+00  0.000000000000000000000000E+00  0.000000000000000000000000E+00  0.416363829339134516871468E+00
     16
  0.000000000000000000000000E+00 -0.708627175177918511295161E+00 -0.705583111050260058938477E+00  0.000000000000000000000000E+00
  0.000000000000000000000000E+00 -0.705583111050260058938477E+00  0.708627175177918511295161E+00  0.000000000000000000000000E+00
  0.410943462447127094705479E+00  0.000000000000000000000000E+00  0.000000000000000000000000E+00 -0.911660830940962729762589E+00
  0.911660830940962729762589E+00  0.000000000000000000000000E+00  0.000000000000000000000000E+00  0.410943462447127094705479E+00
     17
  0.000000000000000000000000E+00  0.709156520729690931226230E+00 -0.705051082622074609673746E+00  0.000000000000000000000000E+00
  0.000000000000000000000000E+00 -0.705051082622074609673746E+00 -0.709156520729690931226230E+00  0.000000000000000000000000E+00
  0.405791397667948861016640E+00  0.000000000000000000000000E+00  0.000000000000000000000000E+00 -0.913965722321517071158326E+00
  0.913965722321517071158326E+00  0.000000000000000000000000E+00  0.000000000000000000000000E+00  0.405791397667948861016640E+00
     18
  0.000000000000000000000000E+00 -0.708954375852446916361771E+00 -0.705254346289101219369400E+00  0.000000000000000000000000E+00
  0.000000000000000000000000E+00  0.705254346289101219369400E+00 -0.708954375852446916361771E+00  0.000000000000000000000000E+00
  0.401174842036873702255662E+00  0.000000000000000000000000E+00  0.000000000000000000000000E+00 -0.916001498970765437590558E+00
  0.916001498970765437590558E+00  0.000000000000000000000000E+00  0.000000000000000000000000E+00  0.401174842036873702255662E+00
     19
  0.000000000000000000000000E+00  0.708424877806783537259605E+00 -0.705786222948878383398608E+00  0.000000000000000000000000E+00
  0.000000000000000000000000E+00 -0.705786222948878383398608E+00 -0.708424877806783537259605E+00  0.000000000000000000000000E+00
  0.397481391500118741433312E+00  0.000000000000000000000000E+00  0.000000000000000000000000E+00 -0.917610235018730180378554E+00
  0.917610235018730180378554E+00  0.000000000000000000000000E+00  0.000000000000000000000000E+00  0.397481391500118741433312E+00
     20
  0.000000000000000000000000E+00  0.707769827694942899043440E+00 -0.706443112362680536442383E+00  0.000000000000000000000000E+00
  0.000000000000000000000000E+00 -0.706443112362680536442383E+00 -0.707769827694942899043440E+00  0.000000000000000000000000E+00
  0.395238869371246803741116E+00  0.000000000000000000000000E+00  0.000000000000000000000000E+00 -0.918578377787186206582248E+00
  0.918578377787186206582248E+00  0.000000000000000000000000E+00  0.000000000000000000000000E+00  0.395238869371246803741116E+00
     21
  0.218957517818205515989301E-09  0.707707247495137803383614E+00 -0.706505804535855097547881E+00 -0.238390810278069615801012E-09
  0.219329864324739197667568E-09 -0.706505804535855208570183E+00 -0.707707247495137692361311E+00 -0.238796203919179902768035E-09
 -0.395121358004004830100087E+00  0.000000000000000000000000E+00 -0.432420437256739547741272E-09  0.918628930770782448078648E+00
 -0.918628930770782337056346E+00  0.000000000000000000000000E+00 -0.151375336492425989671737E-09 -0.395121358004004885611238E+00
     22
 -0.115084626855173451217056E-09  0.709421055710424020013249E+00  0.704784907411266536847450E+00  0.171030827143383870738182E-09
 -0.115841665479927149896931E-09 -0.704784907411266536847450E+00  0.709421055710424020013249E+00  0.172155885682558292323243E-09
 -0.397914187596325685802867E+00  0.000000000000000000000000E+00 -0.287607361326698160185750E-09  0.917422639414112173206206E+00
 -0.917422639414112173206206E+00  0.000000000000000000000000E+00 -0.532440143208847295037470E-10 -0.397914187596325685802867E+00
     23
  0.330872568282432728962715E-10 -0.707106781186547128648101E+00  0.707106781186547905804218E+00 -0.645021506215523630252634E-10
 -0.330872568282431630363464E-10 -0.707106781186548016826521E+00 -0.707106781186547017625799E+00  0.645021506215522725523839E-10
  0.404366768947218069296667E+00  0.339676317497493156430449E-25 -0.102350762988735294571193E-09 -0.914596914586522702350635E+00
 -0.914596914586522591328333E+00 -0.412677609336720290816369E-25  0.591016870665323914755058E-11 -0.404366768947218124807819E+00
     24
  0.140558106734446941061273E-10 -0.707106781186545352291262E+00 -0.707106781186549349094150E+00  0.866120399476087841684047E-10
  0.140558106734450236859026E-10  0.707106781186549349094150E+00 -0.707106781186545685358169E+00  0.866120399476082542558248E-10
 -0.414757935213773853977415E+00  0.467886234058274009817359E-25  0.103211036871764576575677E-09  0.909931786002229459064949E+00
 -0.909931786002229459064949E+00  0.559430940635432634694136E-25 -0.688905889844266752710320E-10 -0.414757935213773853977415E+00
     25
 -0.241292006234278263722836E-09 -0.707106781186546573536589E+00  0.707106781186548460915731E+00 -0.286779948550245105568618E-09
 -0.241292006234278005228895E-09  0.707106781186548460915731E+00  0.707106781186546573536589E+00 -0.286779948550244278388006E-09
 -0.427817664164407251981004E+00 -0.158023132997800558464252E-24  0.220590953737011888491210E-09  0.903865059745596277629431E+00
 -0.903865059745596277629431E+00 -0.183875358969347138288068E-24 -0.481942786257505600537558E-09 -0.427817664164407251981004E+00
     26
 -0.132751063000396407041000E-08  0.711658106504177823126156E+00 -0.702525970656521892010460E+00 -0.737846181231890755547954E-09
  0.134476694211022492373343E-08  0.702525970656521892010460E+00  0.711658106504177823126156E+00  0.747437444534779197499376E-09
 -0.438693216250598760908019E+00 -0.413817751851244832670073E-24 -0.114851065541122270255141E-09  0.898636891083214650599587E+00
  0.898636891083214650599587E+00  0.468786854546270767472943E-24 -0.215883579142608421632993E-08  0.438693216250598760908019E+00
     27
 -0.121239283653955176339733E-08 -0.707106781186547350692706E+00  0.707106781186547683759613E+00 -0.933928889090666619027638E-09
 -0.121239283653954990224096E-08  0.707106781186547683759613E+00  0.707106781186547350692706E+00 -0.933928889090666205437331E-09
  0.437394188358625646273481E+00 -0.516626967938104538638772E-24 -0.437784621026234250837511E-09 -0.899269883844721507060171E+00
 -0.899269883844721507060171E+00  0.584645299285771228899581E-24 -0.211957177443029641304352E-08 -0.437394188358625646273481E+00
     28
 -0.206131588359332626649634E-08 -0.707106781186547683759613E+00 -0.707106781186547572737311E+00 -0.134884031627767198807410E-08
 -0.206131588359332792085757E-08  0.707106781186547461715008E+00 -0.707106781186547794781916E+00 -0.134884031627767178127894E-08
 -0.413934477678108703191384E+00 -0.723221848543103559058869E-24 -0.529776472903188879350722E-09  0.910306678097744903510602E+00
  0.910306678097745125555207E+00  0.862655748318091520340755E-24 -0.344327250913613522503583E-08  0.413934477678108592169082E+00
     29
 -0.214613587782671574872209E-08  0.707106781186547461715008E+00  0.707106781186547683759613E+00 -0.202625181363566900545964E-08
 -0.214613587782671574872209E-08 -0.707106781186547572737311E+00  0.707106781186547572737311E+00 -0.202625181363566859186934E-08
  0.372614829582940565444460E+00  0.000000000000000000000000E+00 -0.152827185343264579743252E-08 -0.927986092985706445546157E+00
 -0.927986092985706667590762E+00  0.000000000000000000000000E+00 -0.388427312718506793137228E-08 -0.372614829582940509933309E+00
     30
 -0.957744884384619799514447E-09  0.707106781186547461715008E+00  0.707106781186547683759613E+00 -0.100912939699289306150100E-08
  0.957744884384620833490213E-09  0.707106781186547572737311E+00 -0.707106781186547572737311E+00  0.100912939699289223432039E-08
 -0.332230471422683526494524E+00  0.495327423206800165808935E-24  0.896069728329798498908119E-09  0.943198236776480403165124E+00
 -0.943198236776480625209729E+00  0.727954026526637347374568E-24 -0.175165477487732034395985E-08 -0.332230471422683470983372E+00
     31
  0.298613626840202118289930E-09 -0.707106781186547572737311E+00 -0.707106781186547572737311E+00  0.309454156410285044326736E-09
 -0.298613626840202531880236E-09 -0.707106781186547572737311E+00  0.707106781186547572737311E+00 -0.309454156410284940929159E-09
 -0.304953440680446330457443E+00  0.147960099684304515996720E-24  0.288005658683715528448416E-09  0.952367260576064578181388E+00
 -0.952367260576064578181388E+00  0.235344178091431473467615E-24 -0.535646046073972602256854E-09 -0.304953440680446330457443E+00
     32
  0.110842678065357648928223E-08  0.707106781186547683759613E+00  0.707106781186547350692706E+00  0.688936406272284342028621E-09
 -0.110842678065357710966769E-08  0.707106781186547461715008E+00 -0.707106781186547572737311E+00 -0.688936406272284548823774E-09
  0.290338772734334060743322E+00  0.000000000000000000000000E+00  0.477212840494891908407024E-09 -0.956923924378067169982387E+00
  0.956923924378067058960085E+00  0.000000000000000000000000E+00 -0.178290629390558807810387E-08  0.290338772734334116254473E+00
     33
  0.380217440380435384191326E-09 -0.707106781186547017625799E+00 -0.707106781186548127848823E+00  0.229453541914810538842078E-09
  0.380217440380434505311925E-09  0.707106781186548127848823E+00 -0.707106781186547017625799E+00  0.229453541914810228649349E-09
 -0.283659496375180897320689E+00 -0.107798056502801554165672E-24  0.158641479765915107374598E-09  0.958925070126012912830049E+00
 -0.958925070126012912830049E+00 -0.183743216315930909696884E-24 -0.607668775428755270933221E-09 -0.283659496375180897320689E+00
     34
  0.765557742451439654104325E-09 -0.707106781186547017625799E+00  0.707106781186548127848823E+00  0.240118177144942485052056E-09
 -0.765557742451438620128560E-09 -0.707106781186548016826521E+00 -0.707106781186547128648101E+00 -0.240118177144942226558115E-09
 -0.280743055094148596939618E+00  0.000000000000000000000000E+00 -0.219715443797015136570459E-10  0.959782963495603991255223E+00
  0.959782963495604213299828E+00  0.000000000000000000000000E+00 -0.113445537809136689239881E-08  0.280743055094148541428467E+00
     35
  0.357697608981221991171238E-09 -0.707106781186547017625799E+00 -0.707106781186548016826521E+00  0.162377066523156128499943E-09
  0.357697608981221474183355E-09  0.707106781186548016826521E+00 -0.707106781186547017625799E+00  0.162377066523155870006001E-09
  0.278687954215624922316152E+00  0.000000000000000000000000E+00 -0.795607242871503073112571E-10 -0.960381707538783602196020E+00
 -0.960381707538783602196020E+00  0.000000000000000000000000E+00 -0.549816320130347653629108E-09 -0.278687954215624922316152E+00
     36
 -0.668244098003088625855619E-09  0.707106781186547683759613E+00 -0.707106781186547239670404E+00 -0.239368283279703415033906E-09
  0.668244098003089453036231E-09  0.707106781186547239670404E+00  0.707106781186547683759613E+00  0.239368283279703466732694E-09
 -0.275502037503450980526765E+00  0.111902186008420644281086E-24 -0.650569872771534091133287E-10  0.961300487533137126838767E+00
  0.961300487533137126838767E+00 -0.196456484061115512649984E-24 -0.100172964791848384968702E-08  0.275502037503450980526765E+00
     37
  0.428286387716132949907776E-09  0.707106781186547572737311E+00  0.707106781186547461715008E+00  0.176058173194982118302241E-09
  0.428286387716133105004141E-09 -0.707106781186547461715008E+00  0.707106781186547572737311E+00  0.176058173194982014904664E-09
  0.269751834522999167642610E+00  0.819857928211177500334920E-25  0.763684321603718932920449E-10 -0.962929876871351675404753E+00
  0.962929876871351675404753E+00  0.146684032419240773834906E-24 -0.650399325855080318307139E-09  0.269751834522999167642610E+00
     38
  0.334432191368126321094173E-09 -0.707106781186548349893428E+00  0.707106781186546573536589E+00  0.204881061149236364950958E-09
 -0.334432191368127096575998E-09 -0.707106781186546684558891E+00 -0.707106781186548238871126E+00 -0.204881061149236830240052E-09
  0.260378281624667029525710E+00  0.000000000000000000000000E+00  0.156603214402984003996328E-09 -0.965506680690602858696536E+00
 -0.965506680690602747674234E+00  0.000000000000000000000000E+00  0.532087871394158528376870E-09 -0.260378281624667085036862E+00
     39
  0.300752270431976360357133E-09  0.707106781186548016826521E+00  0.707106781186547017625799E+00  0.359966158254887554212824E-09
 -0.300752270431976308658344E-09  0.707106781186547017625799E+00 -0.707106781186548016826521E+00 -0.359966158254888174598284E-09
 -0.246635323599845301956179E+00  0.165107397997892606287406E-24 -0.388442125545032572801015E-09  0.969108361924918892960079E+00
  0.969108361924918892960079E+00 -0.319622381213234152300972E-24 -0.537743373795890746014514E-09  0.246635323599845301956179E+00
     40
  0.618524472036697502873426E-10 -0.707106781186549682161058E+00 -0.707106781186544908202052E+00  0.271715473574593345434994E-09
  0.618524472036726195700924E-10  0.707106781186545130246657E+00 -0.707106781186549904205663E+00  0.271715473574594896398642E-09
  0.228094397661056380588462E+00 -0.368515866596202054017162E-24 -0.354182137706775218195266E-09 -0.973639022305310075644513E+00
 -0.973639022305310075644513E+00  0.763673559600213170270992E-24 -0.172815106224417495780629E-09 -0.228094397661056380588462E+00
     41
 -0.520025307141223626658654E-10 -0.707106781186547572737311E+00 -0.707106781186547239670404E+00  0.297846156695691195690081E-09
 -0.520025307141219167638165E-10  0.707106781186547461715008E+00 -0.707106781186547683759613E+00  0.297846156695691195690081E-09
  0.204667258521682965399791E+00 -0.133003278456183906332574E-24 -0.427353389233410194515485E-09 -0.978831606196499115490894E+00
 -0.978831606196499004468592E+00  0.302749134565033986947214E-24 -0.142234274496010176825900E-10 -0.204667258521682993155366E+00
     42
  0.178056348780443242645214E-09 -0.707106781186548349893428E+00  0.707106781186546462514286E+00 -0.321993979711874369348161E-09
  0.178056348780446499668876E-09  0.707106781186546462514286E+00  0.707106781186548127848823E+00 -0.321993979711875455022715E-09
 -0.176608077836672899829651E+00  0.281904585198279877113045E-24  0.492682102070559989596738E-09  0.984281253932449806676175E+00
 -0.984281253932449584631570E+00  0.728756476110019775906504E-24  0.167430077192795557155687E-09 -0.176608077836672927585226E+00
     43
 -0.311314813606463791670622E-09  0.707106781186547239670404E+00 -0.707106781186547683759613E+00  0.344592851162674703186430E-09
 -0.311314813606462912791221E-09 -0.707106781186547683759613E+00 -0.707106781186547239670404E+00  0.344592851162674341294912E-09
 -0.144463971512477001857278E+00 -0.148037987597847148226683E-24  0.545818365524251499552393E-09  0.989510061057916723292749E+00
 -0.989510061057916723292749E+00 -0.455298629828312417396716E-24  0.365245950481221116918634E-09 -0.144463971512477001857278E+00
     44
 -0.656515233717981507282115E-09 -0.707832408520426281661742E+00  0.706380408454376773619288E+00  0.633543872255764480992762E-09
  0.657864733436997503499691E-09 -0.706380408454376662596985E+00 -0.707832408520426059617137E+00 -0.634846153198654642013333E-09
 -0.108962348198471614679761E+00 -0.798980051169898877709417E-24 -0.992817927357620514741186E-09  0.994045877550465584171491E+00
  0.994045877550465473149188E+00  0.314500576041900075249936E-23  0.826146906890699807637833E-09  0.108962348198471642435337E+00
     45
  0.814847160326014314644355E-09 -0.707106781186547905804218E+00 -0.707106781186547128648101E+00 -0.703362463806805675767539E-09
 -0.814847160326012867078283E-09 -0.707106781186547128648101E+00  0.707106781186547905804218E+00  0.703362463806806296152998E-09
 -0.708549066479576272747920E-01 -0.288061886566755923381733E-24 -0.107385555814727395986097E-08  0.997486632594096089832192E+00
  0.997486632594096089832192E+00  0.166828339957813417628305E-23  0.107899131656312690397232E-08  0.708549066479576133970042E-01
     46
 -0.693077022788265692980319E-09  0.707106781186547350692706E+00 -0.707106781186547683759613E+00  0.416299494732914675322780E-09
  0.693077022788262384257869E-09  0.707106781186547794781916E+00  0.707106781186547239670404E+00 -0.416299494732914313431262E-09
 -0.307643708614034304404949E-01 -0.166182687619169603868888E-24  0.618611691023901200080489E-09  0.999526664719607160769499E+00
 -0.999526664719607049747196E+00 -0.210043238177184122647814E-23  0.961582765940303884070185E-09 -0.307643708614034304404949E-01
     47
  0.792156062558959333493144E-09 -0.707106781186547905804218E+00  0.707106781186547128648101E+00 -0.444644321620449083207674E-09
 -0.792156062558907634704859E-09 -0.707106781186547017625799E+00 -0.707106781186547683759613E+00  0.444644321620450065484651E-09
 -0.109093688503299670461422E-01 -0.518988542685116840419737E-24 -0.616563084077503137915156E-09 -0.999940491064987058145164E+00
  0.999940491064987058145164E+00  0.173488921495713413517936E-22 -0.112707134312824951796162E-08 -0.109093688503299635766952E-01
     48
  0.866351129183213821711221E-09  0.707106781186547350692706E+00  0.707106781186547350692706E+00 -0.473346111211454154008540E-09
 -0.866351129183221059541581E-09  0.707106781186547572737311E+00 -0.707106781186547461715008E+00  0.473346111211453637020657E-09
  0.539867439182730238234065E-01  0.179007160867798286295766E-24  0.602291403559076445448851E-09  0.998541652351619624106149E+00
  0.998541652351619624106149E+00  0.112122141436460139240019E-23 -0.125955803090634371418739E-08 -0.539867439182730307623004E-01
     49
  0.910241002016713234864533E-09 -0.707106781186547461715008E+00  0.707106781186547683759613E+00 -0.498037729218245860392243E-09
  0.910241002016713131466956E-09  0.707106781186547683759613E+00  0.707106781186547461715008E+00 -0.498037729218245653597089E-09
  0.984044848458774518151770E-01  0.000000000000000000000000E+00  0.574239576700236809889085E-09  0.995146500452178450757401E+00
  0.995146500452178450757401E+00  0.000000000000000000000000E+00 -0.135033689031225211307368E-08 -0.984044848458774518151770E-01
     50
 -0.919830739144122842933902E-09  0.707106781186547683759613E+00 -0.707106781186547683759613E+00  0.512393788807313456393961E-09
 -0.919830739144123153126632E-09 -0.707106781186547683759613E+00 -0.707106781186547683759613E+00  0.512393788807313249598808E-09
  0.144040809407393638474915E+00 -0.186842783619773305800648E-24  0.529703931473047135541494E-09  0.989571748396882444609446E+00
  0.989571748396882444609446E+00 -0.361218132467471009386062E-24 -0.139164866284251029870358E-08 -0.144040809407393638474915E+00
     51
 -0.447299739690834625916394E-23  0.100000000000000000000000E+01 -0.333015762901452507295018E-14  0.226324083321820653676911E-23
 -0.126296184871082300976275E-08 -0.333015762901452507295018E-14 -0.100000000000000000000000E+01  0.720208579228873509014079E-09
  0.190534378228451317660586E+00  0.183589537910428854837628E-24  0.466377063543815483133606E-09  0.981680523751539801935451E+00
  0.981680523751539801935451E+00  0.236487571259442663849773E-24 -0.137704965194725410103449E-08 -0.190534378228451317660586E+00
     52
 -0.384225118032232561164695E-23 -0.100000000000000000000000E+01  0.269550919153339181197680E-14  0.451748644321553302667603E-23
  0.123783709365928531691282E-08 -0.269550919153339181197680E-14 -0.100000000000000000000000E+01 -0.180570726708633570234782E-08
 -0.237185228501103961828989E+00  0.459764644110769242294039E-24  0.146058370733124911560327E-08 -0.971464444733248555507998E+00
 -0.971464444733248555507998E+00  0.408250180150958678778936E-24 -0.163080192346613416126467E-08  0.237185228501103934073413E+00
     53
 -0.267700917368446161241771E-23  0.100000000000000000000000E+01 -0.244979053849805677653314E-14  0.135655861291806073318896E-23
  0.103705572620345764563347E-08  0.244979053849805717096359E-14  0.999999999999999888977698E+00 -0.603646428955692229745184E-09
 -0.283011619844569739523621E+00 -0.155864808305178469030380E-24 -0.285468480263561972590297E-09 -0.959116480430272200230490E+00
  0.959116480430272089208188E+00  0.962639238764492349811262E-25 -0.116549597883182042322419E-08 -0.283011619844569795034772E+00
     54
 -0.226158331739572991767424E-23  0.100000000000000000000000E+01 -0.252454952144353741770181E-14  0.111408298258029187692850E-23
  0.858540158205802759110282E-09  0.252454952144353741770181E-14  0.100000000000000000000000E+01 -0.482491257157837384073715E-09
 -0.326971211002164141579129E+00 -0.129060559180916739185958E-24 -0.175252871986277118237465E-09 -0.945034299470542071830437E+00
  0.945034299470542071830437E+00  0.549790463249003999368705E-25 -0.969110647628204326116149E-09 -0.326971211002164141579129E+00
     55
  0.204797651672100576461221E-23  0.100000000000000000000000E+01  0.307803446283516336186083E-14 -0.902423710610046479922109E-24
  0.646670573611949550921220E-09 -0.307803446283516336186083E-14  0.100000000000000000000000E+01 -0.317417255036753598774170E-09
 -0.368257183453629677316599E+00  0.905307200956237563347711E-25 -0.569693032394539074931020E-10 -0.929723962708716933356357E+00
  0.929723962708716933356357E+00 -0.259900981504212377966385E-25 -0.718116415805133615076455E-09 -0.368257183453629677316599E+00
     56
 -0.222782792364740941390820E-23  0.999999999999999888977698E+00 -0.527038851391534259031156E-14  0.506395051882276645108552E-24
  0.412377931568795965348500E-09  0.504834390899031049336593E-14  0.100000000000000000000000E+01 -0.105768546888585138503025E-09
  0.406531858339209239971979E+00  0.328891070571046322167415E-25 -0.710108409068877516943891E-10  0.913636606181729704623251E+00
  0.913636606181729704623251E+00  0.611943328794806989948600E-26 -0.419762060651290045025446E-09 -0.406531858339209239971979E+00
     57
  0.000000000000000000000000E+00  0.100000000000000000000000E+01  0.000000000000000000000000E+00  0.000000000000000000000000E+00
 -0.133940247918431702352412E-08  0.000000000000000000000000E+00 -0.100000000000000000000000E+01 -0.102589888958304551039090E-09
 -0.442004311256040283151236E+00  0.000000000000000000000000E+00  0.684046126745833479181614E-09 -0.897012925676700323407431E+00
  0.897012925676700323407431E+00  0.000000000000000000000000E+00 -0.115611616330090082780000E-08 -0.442004311256040283151236E+00
     58
 -0.525372361287058274969889E-10  0.000000000000000000000000E+00  0.100000000000000000000000E+01  0.486674210871253905630600E-09
  0.000000000000000000000000E+00 -0.100000000000000000000000E+01  0.000000000000000000000000E+00  0.000000000000000000000000E+00
 -0.475344020303686110029417E+00  0.000000000000000000000000E+00  0.403202715872269256252966E-09 -0.879800012708302325847853E+00
 -0.879800012708302325847853E+00  0.000000000000000000000000E+00 -0.277559936987359159874111E-09  0.475344020303686110029417E+00
     59
  0.182968318204433628350386E-08  0.000000000000000000000000E+00  0.100000000000000022204460E+01 -0.844149707336525965991707E-09
  0.000000000000000000000000E+00  0.100000000000000000000000E+01  0.000000000000000000000000E+00  0.000000000000000000000000E+00
 -0.507476824412763094507284E+00  0.000000000000000000000000E+00  0.201147210222991094200622E-09 -0.861665406456553539804588E+00
  0.861665406456553650826891E+00  0.000000000000000000000000E+00 -0.200496111555105632517795E-08 -0.507476824412763205529586E+00
     60
  0.333103052773674482653769E-09 -0.108516840978474937282536E-14 -0.100000000000000000000000E+01 -0.120000607637586633066582E-08
  0.347393543968834542546484E-25 -0.100000000000000000000000E+01  0.108516840978474937282536E-14  0.190945078641841031132626E-23
 -0.539307267083951935582320E+00 -0.725044229207872048856965E-24  0.830891033996996948498181E-09 -0.842109061624703669757253E+00
 -0.842109061624703669757253E+00 -0.616386040382331734081166E-26 -0.927681190222854836441279E-09  0.539307267083951935582320E+00
     61
  0.178885854569101178936426E-08  0.000000000000000000000000E+00  0.999999999999999888977698E+00 -0.166023814894630680949781E-08
 -0.571396049301122421759658E+00  0.000000000000000000000000E+00 -0.340368452847368622317763E-09 -0.820674451194302267964531E+00
  0.000000000000000000000000E+00 -0.100000000000000000000000E+01  0.000000000000000000000000E+00  0.000000000000000000000000E+00
  0.820674451194302156942229E+00  0.000000000000000000000000E+00 -0.241672384222980270335144E-08 -0.571396049301122532781960E+00
     62
 -0.183994413851686154724254E-14  0.000000000000000000000000E+00  0.999999999999999888977698E+00 -0.271468293515474180224134E-14
  0.572182205290017176224637E+00  0.000000000000000000000000E+00  0.340621676007844920948979E-14  0.820126529231589018742454E+00
  0.000000000000000000000000E+00 -0.100000000000000000000000E+01  0.000000000000000000000000E+00  0.000000000000000000000000E+00
  0.820126529231588907720152E+00  0.000000000000000000000000E+00  0.137798402973594106264088E-15 -0.572182205290017287246940E+00
     63
  0.363244510785748489435816E-08  0.000000000000000000000000E+00  0.100000000000000044408921E+01 -0.329893267790540234195111E-08
 -0.572966025054027161544923E+00  0.000000000000000000000000E+00 -0.622468452362932868955080E-09 -0.819579120118239634606994E+00
  0.000000000000000000000000E+00 -0.100000000000000000000000E+01  0.000000000000000000000000E+00  0.000000000000000000000000E+00
  0.819579120118239967673901E+00  0.000000000000000000000000E+00 -0.486725287272218675623512E-08 -0.572966025054027161544923E+00
     64
  0.873725191370531070366638E-09  0.000000000000000000000000E+00  0.100000000000000022204460E+01 -0.127087431800443627283442E-08
  0.573747505114891365174401E+00  0.000000000000000000000000E+00  0.539589319438426425826292E-09  0.819032234026499050827397E+00
  0.000000000000000000000000E+00  0.100000000000000000000000E+01  0.000000000000000000000000E+00  0.000000000000000000000000E+00
  0.819032234026499161849699E+00  0.000000000000000000000000E+00 -0.144477015561392531696347E-08 -0.573747505114891476196703E+00
     65
  0.191048238974577213947308E-08  0.925487041879064819863602E-15 -0.100000000000000022204460E+01 -0.666460439072192439756920E-09
  0.574526646603365609422553E+00  0.387561300176961026294151E-23  0.552134838348351190255641E-09  0.818485877912802806122272E+00
 -0.399408664308298739165216E-23  0.100000000000000000000000E+01  0.925487041879064819863602E-15 -0.255581342947780383176733E-23
 -0.818485877912803028166877E+00  0.834460095649692296105852E-27 -0.194660250064271752603622E-08  0.574526646603365498400251E+00
     66
  0.143043631666120293789571E-08  0.922101134617387007056079E-15 -0.100000000000000000000000E+01 -0.454170520072786656293415E-09
  0.575303469912928799878671E+00  0.212849306439094905313827E-23  0.451450720757712980965111E-09  0.817940045178217056687231E+00
  0.254309757685055188883288E-23 -0.100000000000000000000000E+01 -0.922101134617387007056079E-15  0.132249720784909980750765E-23
 -0.817940045178217167709533E+00  0.536493319909274012466425E-27 -0.143129702160446214512674E-08  0.575303469912928799878671E+00
     67
 -0.147605279758602201480235E-08  0.000000000000000000000000E+00  0.100000000000000000000000E+01  0.370943454247026327140997E-09
 -0.576077985220552424294738E+00  0.000000000000000000000000E+00 -0.547114294743045534667442E-09 -0.817394736308124869594849E+00
  0.000000000000000000000000E+00  0.100000000000000000000000E+01  0.000000000000000000000000E+00  0.000000000000000000000000E+00
 -0.817394736308124980617151E+00  0.000000000000000000000000E+00 -0.142021014501307578629957E-08  0.576077985220552535317040E+00
     68
 -0.152803917113120345668531E-08  0.000000000000000000000000E+00  0.999999999999999888977698E+00  0.279067247872845809203773E-09
  0.576850185163205075866699E+00  0.000000000000000000000000E+00  0.653493479306161085586168E-09  0.816849964116529769775354E+00
  0.000000000000000000000000E+00 -0.100000000000000000000000E+01  0.000000000000000000000000E+00  0.000000000000000000000000E+00
 -0.816849964116529658753052E+00  0.000000000000000000000000E+00 -0.140915855433848504869825E-08  0.576850185163205186889002E+00
     69
 -0.967658093868001924415975E-09  0.000000000000000000000000E+00  0.999999999999999777955395E+00  0.203971748784815234706319E-09
 -0.577620098675970750079500E+00  0.000000000000000000000000E+00 -0.392435331017715588528626E-09 -0.816305715774158668907035E+00
  0.000000000000000000000000E+00  0.100000000000000000000000E+01  0.000000000000000000000000E+00  0.000000000000000000000000E+00
 -0.816305715774158446862430E+00  0.000000000000000000000000E+00 -0.907722833343493232218028E-09  0.577620098675970861101803E+00
     70
 -0.100255402990064938302373E-08  0.000000000000000000000000E+00  0.100000000000000000000000E+01  0.142332719541126913474210E-09
 -0.578387719420240808965161E+00  0.000000000000000000000000E+00 -0.463755186094294153051880E-09 -0.815762003297440196902812E+00
  0.000000000000000000000000E+00 -0.100000000000000000000000E+01  0.000000000000000000000000E+00  0.000000000000000000000000E+00
 -0.815762003297440307925115E+00  0.000000000000000000000000E+00 -0.900168799764398111100776E-09  0.578387719420241031009766E+00
     71
 -0.181134724506988764846323E-08 -0.905516223327603303547828E-15 -0.100000000000000000000000E+01  0.160240944910376415970646E-08
 -0.579153051941632468491150E+00 -0.379573863064719109712315E-23 -0.257267072782950796897772E-09 -0.815218831005940836043067E+00
  0.383743498148257563400401E-23 -0.100000000000000000000000E+01  0.905516223327603303547828E-15  0.164411921116582137970186E-23
  0.815218831005940836043067E+00 -0.132841303322889009868194E-26 -0.240468470658026050758538E-08 -0.579153051941632468491150E+00
     72
 -0.109205463453957683340609E-08  0.902267497035464684954724E-15  0.100000000000000000000000E+01 -0.781923443967910688613221E-11
  0.579916105669223913565702E+00  0.168423636946170141190936E-25  0.639670215038233581350063E-09  0.814676199717066507055563E+00
  0.975563078134425537088460E-24  0.100000000000000000000000E+01 -0.902267497035464684954724E-15 -0.666947303998364473233403E-26
 -0.814676199717066507055563E+00  0.593409562089716278993495E-29 -0.885136419564539019859140E-09  0.579916105669223913565702E+00
     73
 -0.349130312811431752514999E-09  0.374682272159465304772167E-15  0.100000000000000000000000E+01  0.201244067535982970726713E-09
  0.580676889024337783418162E+00 -0.397342744548489370199084E-24  0.388923083754854061589509E-10  0.814134110913562580869041E+00
 -0.709370368704013794294818E-24 -0.100000000000000000000000E+01  0.374682272159465304772167E-15  0.000000000000000000000000E+00
 -0.814134110913562691891343E+00  0.427238800557024325742107E-24 -0.401096766272153068780501E-09  0.580676889024337783418162E+00
     74
  0.175108283951797657777124E-08  0.000000000000000000000000E+00  0.100000000000000000000000E+01 -0.164428579866177874772267E-08
 -0.581435422442719507252207E+00  0.000000000000000000000000E+00 -0.319637097575349370557025E-09 -0.813592557444361319518578E+00
  0.000000000000000000000000E+00  0.100000000000000000000000E+01  0.000000000000000000000000E+00  0.000000000000000000000000E+00
  0.813592557444361319518578E+00  0.000000000000000000000000E+00 -0.238071397366184031772818E-08 -0.581435422442719507252207E+00
     75
  0.172122610753246574349538E-08  0.000000000000000000000000E+00  0.100000000000000000000000E+01 -0.167169184888435691400943E-08
  0.582191693630630280331673E+00  0.000000000000000000000000E+00  0.357088115352119188930767E-09  0.813051555479416210303611E+00
  0.000000000000000000000000E+00 -0.100000000000000000000000E+01  0.000000000000000000000000E+00  0.000000000000000000000000E+00
  0.813051555479416321325914E+00  0.000000000000000000000000E+00 -0.237269067279160417199184E-08 -0.582191693630630391353975E+00
     76
  0.143303058790747655661221E-08  0.126976568110263241192872E-14 -0.100000000000000000000000E+01  0.530044792802727796189415E-09
 -0.582945716927596446765847E+00  0.836282430356891182735305E-24 -0.126604638695548920528581E-08 -0.812511102149238717551327E+00
 -0.132310731155052958431439E-23  0.100000000000000000000000E+01  0.126976568110263241192872E-14  0.000000000000000000000000E+00
 -0.812511102149238717551327E+00  0.110749108566874388449751E-25 -0.855366010857011148568448E-09  0.582945716927596557788149E+00
     77
  0.159203657187868851010465E-08  0.000000000000000000000000E+00 -0.999999999999999888977698E+00  0.761873985083594712537085E-09
