      1
  0.218926974598149224096908E-11  0.715586598108175597765523E+00 -0.698524030086272951223236E+00 -0.294246904246317367539293E-11
 -0.224274616533171521630433E-11  0.698524030086272951223236E+00  0.715586598108175597765523E+00  0.301434356077168274382518E-11
 -0.678225828800513075300671E+00  0.173747178072368096590916E-26 -0.522115621344429833448177E-11  0.734853539930139576519252E+00
  0.734853539930139576519252E+00 -0.308297178096595477850892E-27 -0.553833319521162119086089E-12  0.678225828800513075300671E+00
      2
  0.731687324036741376095566E-16  0.708097430484898704428076E+00 -0.706114742050244936777403E+00  0.359755504921544625685194E-16
 -0.733741817320563909077016E-16  0.706114742050245047799706E+00  0.708097430484898593405774E+00 -0.360765656723275693602387E-16
 -0.632771015504542400087473E+00  0.000000000000000000000000E+00  0.114386130073897681856270E-15  0.774338970953516114725801E+00
 -0.774338970953516003703498E+00  0.000000000000000000000000E+00  0.594607643550146223957284E-16 -0.632771015504542511109776E+00
      3
  0.349078845851443724900351E-11 -0.708097430484898704428076E+00 -0.706114742050245047799706E+00 -0.463237147135125141232379E-11
 -0.350059018830756277829027E-11 -0.706114742050245047799706E+00  0.708097430484898704428076E+00  0.464537863406052946026515E-11
 -0.612168939156933267220495E+00  0.000000000000000000000000E+00 -0.821381161249372933809512E-11  0.790727000886826236758509E+00
  0.790727000886826236758509E+00  0.000000000000000000000000E+00 -0.106970208053090374775246E-12  0.612168939156933267220495E+00
      4
 -0.461835704158816047300435E-11 -0.707972313402312258823201E+00 -0.706240188219120046397848E+00  0.608858397932718309164666E-11
 -0.462968402732211935475393E-11  0.706240188219120157420150E+00 -0.707972313402312147800899E+00  0.610351684468445784312540E-11
 -0.575004198140262823280011E+00  0.000000000000000000000000E+00  0.108136619200315825543754E-10  0.818150458119454526695336E+00
 -0.818150458119454415673033E+00  0.000000000000000000000000E+00  0.393177682153908300063245E-12 -0.575004198140262934302314E+00
      5
  0.000000000000000000000000E+00  0.707972313402312591890109E+00  0.706240188219119824353243E+00  0.000000000000000000000000E+00
  0.000000000000000000000000E+00  0.706240188219119824353243E+00 -0.707972313402312591890109E+00  0.000000000000000000000000E+00
  0.558330043187502345070072E+00  0.000000000000000000000000E+00  0.000000000000000000000000E+00 -0.829618926299443781857690E+00
  0.829618926299443781857690E+00  0.000000000000000000000000E+00  0.000000000000000000000000E+00  0.558330043187502345070072E+00
      6
  0.000000000000000000000000E+00 -0.708097430484898371361169E+00  0.706114742050245380866613E+00  0.000000000000000000000000E+00
  0.000000000000000000000000E+00  0.706114742050245380866613E+00  0.708097430484898371361169E+00  0.000000000000000000000000E+00
 -0.515172443039198846292948E+00  0.000000000000000000000000E+00  0.000000000000000000000000E+00  0.857086549849560674907423E+00
  0.857086549849560674907423E+00  0.000000000000000000000000E+00  0.000000000000000000000000E+00  0.515172443039198846292948E+00
      7
  0.895111418683983980318306E-11  0.708097430484898371361169E+00 -0.706114742050245380866613E+00 -0.115042123609975432048536E-10
  0.897624787902699858690054E-11 -0.706114742050245380866613E+00 -0.708097430484898371361169E+00 -0.115365148572345047308584E-10
  0.502846975902706883054805E+00  0.000000000000000000000000E+00  0.204570143884150948042959E-10 -0.864375450152017332783316E+00
  0.864375450152017332783316E+00  0.000000000000000000000000E+00  0.276479847039182893128712E-11  0.502846975902706883054805E+00
      8
  0.130770701989206604147625E-10  0.708891902878095114814982E+00 -0.705317141457566854079175E+00 -0.165050800635821519900148E-10
  0.131433487611345831245485E-10 -0.705317141457566854079175E+00 -0.708891902878095114814982E+00 -0.165887328205987970855424E-10
 -0.471057280304820857885773E+00  0.000000000000000000000000E+00 -0.293757027097104449380750E-10  0.882102623662250118208306E+00
  0.882102623662250118208306E+00  0.000000000000000000000000E+00  0.533151757049177246144758E-11  0.471057280304820857885773E+00
      9
  0.000000000000000000000000E+00 -0.710074546683156726523123E+00  0.704126507207837981638932E+00  0.000000000000000000000000E+00
  0.000000000000000000000000E+00 -0.704126507207837981638932E+00 -0.710074546683156726523123E+00  0.000000000000000000000000E+00
  0.461944655384358859873117E+00  0.000000000000000000000000E+00  0.000000000000000000000000E+00 -0.886908752556781365683491E+00
  0.886908752556781365683491E+00  0.000000000000000000000000E+00  0.000000000000000000000000E+00  0.461944655384358859873117E+00
     10
 -0.199132787442715828851756E-23 -0.100000000000000000000000E+01 -0.519604931812250345164318E-13  0.243475068239509161823173E-23
  0.380443753125709036986185E-10 -0.519604931812250345164318E-13  0.100000000000000000000000E+01 -0.467257140876387171033344E-10
 -0.424033932719758144269662E+00  0.123707136137867619018752E-25  0.584490762424958019750395E-10  0.905646301765880124001740E+00
 -0.905646301765880124001740E+00  0.102443614599406012521492E-25  0.146414595011025475545274E-10 -0.424033932719758144269662E+00
     11
 -0.297581450528756315509417E-10 -0.715586598108104876558855E+00 -0.698524030086345337764442E+00  0.364096655189997547572679E-10
 -0.304850353992296554336250E-10  0.698524030086345448786744E+00 -0.715586598108104765536552E+00  0.372990299042030101043269E-10
 -0.417426317925827683463780E+00  0.000000000000000000000000E+00  0.651484430071186795383864E-10  0.908710773075177002944258E+00
 -0.908710773075176891921956E+00  0.000000000000000000000000E+00  0.169548001441342915268671E-10 -0.417426317925827738974931E+00
     12
 -0.668096172673767029344228E-10  0.712309521080496277356531E+00 -0.701865475841399355516614E+00  0.813968492844379393849499E-10
 -0.678037716875107268395095E-10 -0.701865475841399355516614E+00 -0.712309521080496277356531E+00  0.826080676809939022711523E-10
 -0.410967976962036740662398E+00 -0.323212316945561947359967E-25  0.144845467566221902164406E-09  0.911649780294895406562716E+00
 -0.911649780294895406562716E+00 -0.296973631354902135803381E-25  0.391178585739197847907315E-10 -0.410967976962036740662398E+00
     13
 -0.373244901358007944232714E-10  0.710602803669159954758072E+00 -0.703593387843809314752264E+00  0.452317853023726593241167E-10
 -0.376963282973743411394804E-10 -0.703593387843809203729961E+00 -0.710602803669159843735770E+00  0.456823983939466785339869E-10
 -0.404599516831275263228918E+00  0.367997159467550999600776E-25  0.802532638943753603628868E-10  0.914493975365556210910256E+00
 -0.914493975365556210910256E+00  0.355195094909659363880821E-25  0.225020063541864932287406E-10 -0.404599516831275263228918E+00
     14
  0.000000000000000000000000E+00 -0.710074546683156393456215E+00 -0.704126507207838314705839E+00  0.000000000000000000000000E+00
  0.000000000000000000000000E+00  0.704126507207838314705839E+00 -0.710074546683156393456215E+00  0.000000000000000000000000E+00
  0.398279968607566980942636E+00  0.000000000000000000000000E+00  0.000000000000000000000000E+00 -0.917263902378129936110440E+00
  0.917263902378129936110440E+00  0.000000000000000000000000E+00  0.000000000000000000000000E+00  0.398279968607566980942636E+00
     15
  0.927789290693031699129144E-16 -0.709545887807304542782560E+00 -0.704659231895633286768543E+00  0.000000000000000000000000E+00
 -0.934223304208974356314045E-16 -0.704659231895633397790846E+00  0.709545887807304431760258E+00  0.000000000000000000000000E+00
 -0.391995922650580974622159E+00  0.000000000000000000000000E+00  0.354284525859663189390283E-16  0.919966954094178057665943E+00
 -0.919966954094177946643640E+00  0.000000000000000000000000E+00  0.831462873220605608775898E-16 -0.391995922650581030133310E+00
     16
  0.290327505333150339075913E-16 -0.709545887807304542782560E+00 -0.704659231895633286768543E+00  0.000000000000000000000000E+00
 -0.292340862365939684463678E-16 -0.704659231895633397790846E+00  0.709545887807304431760258E+00  0.000000000000000000000000E+00
  0.385773386499285053652386E+00  0.000000000000000000000000E+00 -0.697646030798201197107765E-16 -0.922593569384088652007847E+00
  0.922593569384088540985545E+00  0.000000000000000000000000E+00 -0.166845034998791214645052E-15  0.385773386499285109163537E+00
     17
 -0.290109850151317977056664E-16  0.708362352672384454344012E+00  0.705848976280651907444508E+00  0.000000000000000000000000E+00
 -0.291142868931371124976204E-16 -0.705848976280652018466810E+00  0.708362352672384343321710E+00  0.000000000000000000000000E+00
 -0.379691904388034295880772E+00 -0.623718805225256841236399E-32  0.687028831343129695802280E-16  0.925112997283136118120694E+00
 -0.925112997283136007098392E+00 -0.151968047434086377031095E-31  0.167393429788334117031087E-15 -0.379691904388034351391923E+00
     18
  0.000000000000000000000000E+00 -0.708891902878094892770378E+00 -0.705317141457567076123780E+00  0.000000000000000000000000E+00
  0.000000000000000000000000E+00  0.705317141457567076123780E+00 -0.708891902878094892770378E+00  0.000000000000000000000000E+00
  0.373900903328967193495203E+00  0.000000000000000000000000E+00  0.000000000000000000000000E+00 -0.927468659572808551416756E+00
  0.927468659572808551416756E+00  0.000000000000000000000000E+00  0.000000000000000000000000E+00  0.373900903328967193495203E+00
     19
  0.000000000000000000000000E+00 -0.709545887807304764827165E+00  0.704659231895633175746241E+00  0.000000000000000000000000E+00
  0.000000000000000000000000E+00  0.704659231895633175746241E+00  0.709545887807304764827165E+00  0.000000000000000000000000E+00
  0.368636885022710303339011E+00  0.000000000000000000000000E+00  0.000000000000000000000000E+00 -0.929573475848334052074051E+00
  0.929573475848334052074051E+00  0.000000000000000000000000E+00  0.000000000000000000000000E+00  0.368636885022710303339011E+00
     20
  0.000000000000000000000000E+00 -0.710804472334619297235747E+00  0.703389651693215767203071E+00  0.000000000000000000000000E+00
  0.000000000000000000000000E+00  0.703389651693215767203071E+00  0.710804472334619297235747E+00  0.000000000000000000000000E+00
  0.364238635042490543902716E+00  0.000000000000000000000000E+00  0.000000000000000000000000E+00 -0.931305651621626928715614E+00
  0.931305651621626928715614E+00  0.000000000000000000000000E+00  0.000000000000000000000000E+00  0.364238635042490543902716E+00
     21
 -0.314609837174208207495626E-09 -0.707106781186547017625799E+00  0.707106781186548016826521E+00  0.380115560742625742620346E-09
  0.314609837174207793905320E-09 -0.707106781186548016826521E+00 -0.707106781186547017625799E+00 -0.380115560742625173933675E-09
 -0.361154362175520771138792E+00  0.000000000000000000000000E+00 -0.661969007055462296741993E-09  0.932506046458462800607947E+00
  0.932506046458462800607947E+00  0.000000000000000000000000E+00  0.220751924179450771600059E-09  0.361154362175520771138792E+00
     22
 -0.185769634086869115925234E-09 -0.707106781186548571938033E+00  0.707106781186546684558891E+00  0.304714010166641222930046E-09
  0.185769634086869348569781E-09 -0.707106781186546684558891E+00 -0.707106781186548571938033E+00 -0.304714010166641998411871E-09
  0.359925255682121525424577E+00 -0.151466194703340396415844E-24  0.496608983477888754010731E-09 -0.932981141461154850347270E+00
  0.932981141461154850347270E+00 -0.204577958307998821388697E-24  0.900079389564103351838643E-10  0.359925255682121525424577E+00
     23
  0.418228562372272036916915E-10 -0.707106781186547461715008E+00  0.707106781186547461715008E+00 -0.112858943232106895086537E-09
  0.418228562372272036916915E-10  0.707106781186547461715008E+00  0.707106781186547461715008E+00 -0.112858943232106908011234E-09
 -0.361104760208850850133899E+00  0.000000000000000000000000E+00  0.170195255087202878100534E-09  0.932525255504915717708059E+00
  0.932525255504915717708059E+00  0.000000000000000000000000E+00  0.247926506841079291824176E-11  0.361104760208850850133899E+00
     24
  0.250018973804967654435435E-10 -0.707106781186549571138755E+00 -0.707106781186545463313564E+00  0.149662567232444051695380E-09
  0.250018973804967266694523E-10  0.707106781186545574335867E+00 -0.707106781186549460116453E+00  0.149662567232445008122963E-09
 -0.365009924242686745188280E+00 -0.769943954711746579184623E-25  0.184145468779435385479358E-09  0.931003627922226795199379E+00
 -0.931003627922226684177076E+00 -0.104880046537188227472165E-24 -0.110174354694714680256326E-09 -0.365009924242686800699431E+00
     25
  0.357448961470767930394944E-09  0.707106781186546795581194E+00 -0.707106781186548349893428E+00  0.458584460539585627367164E-09
  0.357448961470767154913119E-09 -0.707106781186548349893428E+00 -0.707106781186546795581194E+00  0.458584460539584593391398E-09
  0.371073870652611770282192E+00  0.000000000000000000000000E+00 -0.414651796081586672427534E-09 -0.928603350477957611985858E+00
  0.928603350477957611985858E+00  0.000000000000000000000000E+00  0.710072406882663974749703E-09  0.371073870652611770282192E+00
     26
  0.187103732431846909997187E-08 -0.707106781186547905804218E+00  0.707106781186547128648101E+00  0.106897872437763610114221E-08
  0.187103732431847034074279E-08  0.707106781186547017625799E+00  0.707106781186548016826521E+00  0.106897872437763775550343E-08
  0.376517689332157234893828E+00  0.559156950889330081574414E-24  0.404229273209257252959139E-09 -0.926409428719274896657510E+00
  0.926409428719275118702114E+00  0.742050267668107977805546E-24 -0.302052846933961427761788E-08  0.376517689332157123871525E+00
     27
 -0.180687515955429731945038E-08 -0.707106781186547683759613E+00  0.707106781186547239670404E+00 -0.126078371798273446745973E-08
 -0.180687515955429835342614E-08  0.707106781186547350692706E+00  0.707106781186547572737311E+00 -0.126078371798273508784519E-08
  0.375003001677155334281366E+00  0.000000000000000000000000E+00 -0.694651346660692434176067E-09 -0.927023596643107627990332E+00
 -0.927023596643107516968030E+00  0.000000000000000000000000E+00 -0.303746700240179804044415E-08 -0.375003001677155389792517E+00
     28
  0.301729166347122040829939E-08  0.707106781186547350692706E+00  0.707106781186547572737311E+00  0.170418536836966189692456E-08
  0.301729166347121916752847E-08 -0.707106781186547683759613E+00  0.707106781186547239670404E+00  0.170418536836966106974394E-08
  0.359158623968323154063143E+00  0.000000000000000000000000E+00  0.716709090697218729084282E-09 -0.933276530739512777401501E+00
  0.933276530739512555356896E+00  0.000000000000000000000000E+00 -0.484798128412576178451756E-08  0.359158623968323098551991E+00
     29
 -0.335212198062598374659531E-08  0.707106781186547461715008E+00  0.707106781186547461715008E+00 -0.253880438430052403119115E-08
 -0.335212198062598416018561E-08 -0.707106781186547461715008E+00  0.707106781186547461715008E+00 -0.253880438430052403119115E-08
  0.329619981470155087865948E+00  0.000000000000000000000000E+00 -0.182715472707095822894315E-08 -0.944113694326914498766712E+00
 -0.944113694326914609789014E+00  0.000000000000000000000000E+00 -0.565915265418194172476673E-08 -0.329619981470154976843645E+00
     30
 -0.152118059822612203167218E-08  0.707106781186547794781916E+00  0.707106781186547239670404E+00 -0.124881537375150549867670E-08
 -0.152118059822612120449157E-08 -0.707106781186547239670404E+00  0.707106781186547794781916E+00 -0.124881537375150653265246E-08
 -0.297194656439533133607256E+00 -0.600755881397349911953237E-24  0.104694699169162821439870E-08  0.954816912388855687510159E+00
 -0.954816912388855687510159E+00 -0.994881506396592056054398E-24 -0.257894591241933852869250E-08 -0.297194656439533133607256E+00
     31
 -0.467011198691769393312573E-09  0.707106781186547905804218E+00  0.707106781186547017625799E+00 -0.381650738667853342841522E-09
  0.467011198691769496710150E-09  0.707106781186547017625799E+00 -0.707106781186547905804218E+00  0.381650738667853911528193E-09
 -0.270758391541844112282433E+00 -0.180734488625812975752628E-24  0.340751739712410118474662E-09  0.962647335948982552089603E+00
 -0.962647335948982552089603E+00 -0.328429868027412495960357E-24 -0.781921827257335036392402E-09 -0.270758391541844112282433E+00
     32
  0.153313527234172863078514E-08  0.707106781186547683759613E+00  0.707106781186547350692706E+00  0.858396902168716706388503E-09
 -0.153313527234172904437545E-08  0.707106781186547461715008E+00 -0.707106781186547572737311E+00 -0.858396902168716913183656E-09
  0.251502575129076144655471E+00  0.000000000000000000000000E+00  0.629632857563674695897737E-09 -0.967856629208811769515819E+00
  0.967856629208811658493516E+00  0.000000000000000000000000E+00 -0.240380125521611977281200E-08  0.251502575129076200166622E+00
     33
 -0.536176671796339391207188E-09  0.707106781186547905804218E+00  0.707106781186546795581194E+00 -0.279619157450770637833484E-09
 -0.536176671796342596532062E-09 -0.707106781186546906603496E+00  0.707106781186548238871126E+00 -0.279619157450770948026213E-09
 -0.237042284116441015484611E+00  0.261651267685703001428186E-24  0.204429133227272909752143E-09  0.971499333783024443533805E+00
 -0.971499333783024665578409E+00  0.544956247919411780175324E-24 -0.830393778746197314930604E-09 -0.237042284116440959973460E+00
     34
 -0.979593416115673642590323E-09  0.707106781186547239670404E+00 -0.707106781186547683759613E+00 -0.305741127582822418883283E-09
  0.979593416115672401819404E-09  0.707106781186547683759613E+00  0.707106781186547239670404E+00  0.305741127582822315485707E-09
 -0.224854798429643176760351E+00 -0.142118349671885055669395E-24 -0.109807315330253269371084E-09  0.974392282206280935241693E+00
  0.974392282206280935241693E+00  0.312537208101472276764695E-24 -0.144710208938277778405780E-08  0.224854798429643176760351E+00
     35
  0.501499117985841247879319E-09 -0.707106781186547461715008E+00 -0.707106781186547461715008E+00  0.182393926520576639261304E-09
  0.501499117985840834289012E-09  0.707106781186547572737311E+00 -0.707106781186547350692706E+00  0.182393926520576639261304E-09
  0.213141766577648772429399E+00  0.843419097817376313699135E-25 -0.100850925927510864712387E-09 -0.977021282951481495615553E+00
 -0.977021282951481384593251E+00 -0.195734784944355718632834E-24 -0.747908146314746366811231E-09 -0.213141766577648800184974E+00
     36
  0.893974303953530821523891E-09 -0.707106781186547905804218E+00  0.707106781186547128648101E+00  0.286993240108515567807434E-09
 -0.893974303953531441909351E-09 -0.707106781186547128648101E+00 -0.707106781186547905804218E+00 -0.286993240108515981397740E-09
 -0.200741378319835045429542E+00 -0.131843152554843024228225E-24 -0.143816516360531225233274E-09  0.979644271677353795091392E+00
  0.979644271677353795091392E+00  0.324354873546789032373670E-24 -0.132001039478511882162858E-08  0.200741378319835045429542E+00
     37
  0.584966600879309688951951E-09  0.707106781186547905804218E+00  0.707106781186546795581194E+00  0.216722000517846800102997E-09
  0.584966600879313204469555E-09 -0.707106781186547017625799E+00  0.707106781186548016826521E+00  0.216722000517846877651179E-09
  0.186921954874564449911034E+00  0.295469448473753131530804E-24  0.146454759433532089265087E-09 -0.982374766973313051643402E+00
  0.982374766973312940621099E+00  0.777444344020773582752206E-24 -0.869976629205729708530298E-09  0.186921954874564477666610E+00
     38
  0.496835567819883115579477E-09 -0.707106781186547794781916E+00  0.707106781186547239670404E+00  0.242943515895024657691775E-09
 -0.496835567819883322374630E-09 -0.707106781186547239670404E+00 -0.707106781186547794781916E+00 -0.242943515895025122980870E-09
 -0.171240920824350467688291E+00 -0.109597110557464073353373E-24 -0.218179864974530213216664E-09  0.985229185030177867510304E+00
  0.985229185030177867510304E+00  0.312520675535911224008070E-24 -0.751087087661863468049501E-09  0.171240920824350467688291E+00
     39
  0.551636902757668802605483E-09 -0.707106781186545463313564E+00  0.707106781186549349094150E+00  0.378881096195977440724421E-09
 -0.551636902757662185160583E-09 -0.707106781186549127049545E+00 -0.707106781186545352291262E+00 -0.378881096195975631266831E-09
 -0.153466684335031938735128E+00 -0.167614056079336224116686E-24 -0.409747032122267116795184E-09  0.988153822438192941390867E+00
  0.988153822438192941390867E+00  0.527521051352383089028341E-24 -0.853121244588754037946565E-09  0.153466684335031938735128E+00
     40
  0.229365618485930839776382E-09  0.707106781186547350692706E+00 -0.707106781186547683759613E+00  0.220133159804640937331003E-09
  0.229365618485930736378806E-09 -0.707106781186547683759613E+00 -0.707106781186547350692706E+00  0.220133159804640808084033E-09
 -0.133533072185722911928707E+00  0.000000000000000000000000E+00  0.265212886134757318119244E-09  0.991044357550479482199535E+00
  0.991044357550479482199535E+00  0.000000000000000000000000E+00  0.363037897479161884526943E-09  0.133533072185722911928707E+00
     41
  0.103963278479271123250398E-09  0.707106781186548127848823E+00 -0.707106781186547017625799E+00  0.224313301621458375270903E-09
  0.103963278479271291271460E-09 -0.707106781186547017625799E+00 -0.707106781186548127848823E+00  0.224313301621458685463633E-09
 -0.111501001922497219864816E+00  0.000000000000000000000000E+00  0.298855198580668197673520E-09  0.993764321441597875406160E+00
  0.993764321441597875406160E+00  0.000000000000000000000000E+00  0.181480698810284626624501E-09  0.111501001922497219864816E+00
     42
 -0.429503078063808657142990E-10  0.707106781186547572737311E+00 -0.707106781186547461715008E+00  0.225330301997067973074077E-09
 -0.429503078063815894973350E-10 -0.707106781186547461715008E+00 -0.707106781186547461715008E+00  0.225330301997068050622260E-09
 -0.875148712098632874933912E-01  0.961191318549591254019329E-25  0.322758261221012348795016E-09  0.996163213192055696509897E+00
 -0.996163213192055585487594E+00  0.498985617221837932781380E-24  0.326200272577665739866757E-10 -0.875148712098633013711790E-01
     43
 -0.207382365180498513317379E-09  0.707106781186547572737311E+00 -0.707106781186547572737311E+00  0.225234688561851702626285E-09
 -0.207382365180498513317379E-09 -0.707106781186547572737311E+00 -0.707106781186547572737311E+00  0.225234688561851728475680E-09
  0.617512409220732638726048E-01  0.000000000000000000000000E+00 -0.336032652679213182152617E-09 -0.998091571071805017112410E+00
  0.998091571071805017112410E+00  0.000000000000000000000000E+00 -0.273053734810760302177667E-09  0.617512409220732638726048E-01
     44
  0.518805846976042551904813E-09 -0.707106781186547572737311E+00 -0.707106781186547461715008E+00 -0.605746295278348178327512E-09
 -0.518805846976046998000606E-09 -0.707106781186547461715008E+00  0.707106781186547572737311E+00  0.605746295278348488520242E-09
  0.343655172672273565015466E-01 -0.249404252437689635094998E-24  0.881362673363229565910966E-09 -0.999409331166642656008037E+00
  0.999409331166642656008037E+00 -0.307387989060372739584289E-23  0.703829177754230802264627E-09  0.343655172672273495626527E-01
     45
 -0.730114062206760364925654E-09  0.707106781186547794781916E+00  0.707106781186547239670404E+00  0.682403749239384469452378E-09
 -0.730114062206760985311113E-09 -0.707106781186547350692706E+00  0.707106781186547683759613E+00  0.682403749239384779645108E-09
 -0.544900214081394090176458E-02  0.000000000000000000000000E+00 -0.970676609190291506866048E-09  0.999985154077633997538044E+00
 -0.999985154077633886515741E+00  0.000000000000000000000000E+00 -0.102726357367275802842937E-08 -0.544900214081394350384979E-02
     46
 -0.744520482869688065667791E-09  0.707106781186547461715008E+00 -0.707106781186547905804218E+00  0.251491158519454210856992E-09
 -0.744520482869687858872638E-09 -0.707106781186547572737311E+00 -0.707106781186547683759613E+00  0.251491158519454159158204E-09
 -0.249921454180550908774627E-01  0.000000000000000000000000E+00 -0.329236602976861718369228E-09 -0.999687647551675384605119E+00
 -0.999687647551675828694329E+00  0.000000000000000000000000E+00  0.106147117958610067944674E-08  0.249921454180550839385688E-01
     47
  0.911592525849573250919839E-09 -0.707106781186547461715008E+00  0.707106781186547683759613E+00 -0.278790771873067927229006E-09
  0.911592525849573250919839E-09  0.707106781186547461715008E+00  0.707106781186547572737311E+00 -0.278790771873067978927794E-09
  0.570224465968428087525588E-01  0.000000000000000000000000E+00  0.320115597631814652654865E-09  0.998372896559251654657885E+00
 -0.998372896559251876702490E+00  0.000000000000000000000000E+00  0.130957120682402046533740E-08  0.570224465968427948747710E-01
     48
  0.105726049033145958261491E-08  0.707106781186547683759613E+00  0.707106781186547572737311E+00 -0.316070161299899406905623E-09
 -0.105726049033145896222945E-08  0.707106781186547572737311E+00 -0.707106781186547683759613E+00  0.316070161299899613700776E-09
  0.907209071342551659489217E-01 -0.120291233353667358639029E-24  0.309502302552732439584329E-09  0.995876356285627428732710E+00
  0.995876356285627428732710E+00 -0.444109796610414184085500E-24 -0.152957777679833875183166E-08 -0.907209071342551659489217E-01
     49
 -0.117201339108520117287090E-08  0.707106781186547572737311E+00 -0.707106781186547572737311E+00  0.359836992529978538122815E-09
 -0.117201339108520055248544E-08 -0.707106781186547683759613E+00 -0.707106781186547461715008E+00  0.359836992529978641520392E-09
 -0.126085952580251042798309E+00 -0.134353988216189884144645E-24 -0.295840528458270186592031E-09 -0.992019320659598080602848E+00
  0.992019320659597969580545E+00  0.327203815815596662077492E-24 -0.170841263920808382495629E-08 -0.126085952580251070553885E+00
     50
  0.124718035172355750614537E-08 -0.707106781186547572737311E+00  0.707106781186547572737311E+00 -0.404124713784714474435533E-09
  0.124718035172355523139869E-08  0.707106781186547350692706E+00  0.707106781186547572737311E+00 -0.404124713784715094820992E-09
 -0.162921869961420079375713E+00 -0.444015900089325718154990E-24 -0.276524306325151188881321E-09 -0.986638973631324800450670E+00
  0.986638973631324800450670E+00  0.754193544998766643449400E-24 -0.183332657192344570327337E-08 -0.162921869961420079375713E+00
     51
  0.875012463976937511695148E-23  0.100000000000000000000000E+01  0.472623068175405446908471E-14 -0.283390458590305893211236E-23
 -0.180420780501772602625134E-08  0.472623068175405446908471E-14 -0.100000000000000000000000E+01  0.624556543442958307887965E-09
  0.200750060300516369737878E+00 -0.160265441389371806767655E-24  0.249647281042593015531543E-09  0.979642492590709901278956E+00
  0.979642492590709901278956E+00 -0.194815006346598044535627E-24 -0.189285850377859945432019E-08 -0.200750060300516369737878E+00
     52
 -0.238342932511690088446515E-22 -0.999999999999999888977698E+00  0.103775775835452305857165E-13  0.218092139224196972961648E-22
  0.192446989666014458383314E-08 -0.101555329786201961221881E-13 -0.100000000000000022204460E+01 -0.227722340356780572559145E-08
 -0.238802161096414305996305E+00  0.172936134426610427364496E-23  0.175177164756454944071612E-08 -0.971068240576161700872149E+00
 -0.971068240576162033939056E+00  0.151642022013286692765633E-23 -0.241259789790380425741700E-08  0.238802161096414278240729E+00
     53
 -0.105517377309066622841993E-22  0.999999999999999888977698E+00 -0.588975153012438327510390E-14  0.349415430594678215672638E-23
  0.166589135611843986156008E-08  0.566770692519935196701917E-14  0.999999999999999888977698E+00 -0.663407558803603883191366E-09
 -0.276131799599923788424150E+00 -0.337652171431358521548932E-24 -0.177608548085586888205416E-09 -0.961119778825567427915644E+00
  0.961119778825567427915644E+00  0.212503127481502953626527E-24 -0.178430905482061062525363E-08 -0.276131799599923788424150E+00
     54
  0.000000000000000000000000E+00 -0.100000000000000000000000E+01  0.000000000000000000000000E+00  0.000000000000000000000000E+00
 -0.148722254957017807868761E-08  0.000000000000000000000000E+00 -0.100000000000000000000000E+01  0.635212190024771533051171E-09
  0.311830359960050707002210E+00  0.000000000000000000000000E+00  0.139777965651283850055355E-09  0.950137793484284620681990E+00
  0.950137793484284620681990E+00  0.000000000000000000000000E+00 -0.161114479753511733275244E-08 -0.311830359960050707002210E+00
     55
  0.410032080322215656562608E-23  0.100000000000000000000000E+01  0.321544315984035493067488E-14 -0.169035740697615806490379E-23
  0.124368696776751771516944E-08 -0.321544315984035493067488E-14  0.100000000000000000000000E+01 -0.567257532639555484477487E-09
 -0.345271022858801179822308E+00  0.160390788859815042300086E-24 -0.102963798362336819868138E-09 -0.938503021185354113775645E+00
  0.938503021185354113775645E+00 -0.489479063655236995795000E-25 -0.136306166937225267506683E-08 -0.345271022858801179822308E+00
     56
 -0.480206517457072834823257E-23  0.100000000000000000000000E+01 -0.497706526052323043461720E-14  0.211458567847404621138803E-23
  0.949045592646894152099258E-09  0.497706526052323122347810E-14  0.999999999999999888977698E+00 -0.448755184270407017791355E-09
  0.376288663345030804929792E+00  0.139736979547037177036493E-24  0.586577763078557148697998E-10  0.926502478052816824671822E+00
  0.926502478052816713649520E+00  0.280861456045450081369826E-25 -0.104815437610583800497804E-08 -0.376288663345030860440943E+00
     57
  0.320523067695084259912316E-22 -0.100000000000000000000000E+01  0.262372990328540505915760E-13  0.216135023175853208496290E-22
  0.122757843722345670097914E-08  0.262372990328540505915760E-13  0.100000000000000000000000E+01  0.833670044456966444024762E-09
  0.405240651226440762311398E+00 -0.300696209954244424277566E-24 -0.125961421793561148418327E-08  0.914210049492768406231846E+00
  0.914210049492768406231846E+00 -0.373890511079414403810124E-25 -0.784427552126593253791403E-09 -0.405240651226440762311398E+00
     58
  0.313803074261863612283534E-09 -0.663705933670138358305241E-14  0.100000000000000000000000E+01  0.276759420216231685012790E-10
 -0.208888592162122091566707E-23 -0.100000000000000000000000E+01 -0.663705933670138358305241E-14 -0.194508660047471638922840E-24
 -0.432942420758100410260738E+00  0.124203180311273235788419E-25  0.160806401993316421679781E-09 -0.901421577458691558604187E+00
  0.901421577458691558604187E+00 -0.864207348059934350451843E-27 -0.270886872954812653676186E-09 -0.432942420758100410260738E+00
     59
 -0.181023543492776374280288E-08  0.306374012970082404714434E-14 -0.100000000000000000000000E+01  0.413410558616937766834519E-09
 -0.541897059743862702671365E-23 -0.100000000000000000000000E+01 -0.306374012970082404714434E-14  0.149335153454572619512345E-23
  0.460492912173439294942767E+00  0.259832571088333998768457E-24 -0.466631172976777053399261E-09  0.887663380926590472874693E+00
  0.887663380926590472874693E+00  0.841455396099676556389639E-26 -0.179725233850185767969594E-08 -0.460492912173439294942767E+00
     60
 -0.526310902249854227417497E-10  0.000000000000000000000000E+00  0.100000000000000000000000E+01  0.892876123460404219493870E-09
  0.000000000000000000000000E+00  0.100000000000000000000000E+01  0.000000000000000000000000E+00  0.000000000000000000000000E+00
  0.488988306491630886352340E+00  0.000000000000000000000000E+00 -0.753111229048312158537895E-09  0.872290339344903409291021E+00
 -0.872290339344903409291021E+00  0.000000000000000000000000E+00 -0.482515575070162224992359E-09  0.488988306491630941863491E+00
     61
 -0.199375370661345913792316E-08  0.946059846155703572839251E-15 -0.100000000000000000000000E+01  0.122361644396654695393509E-08
  0.519107957464999159036267E+00  0.000000000000000000000000E+00  0.108621819140876075495878E-10  0.854708680485062433085375E+00
  0.000000000000000000000000E+00  0.100000000000000000000000E+01  0.946059846155703375624025E-15 -0.135525271560688054250932E-19
  0.854708680485062433085375E+00  0.208119074480442337498505E-26 -0.233926763273985164632524E-08 -0.519107957464999270058570E+00
     62
 -0.571700585891173101994148E-15  0.000000000000000000000000E+00  0.100000000000000000000000E+01 -0.847524616788962166670005E-15
  0.519889881631618533397443E+00  0.000000000000000000000000E+00  0.102120509031059660558913E-14  0.854233288380323863009380E+00
  0.000000000000000000000000E+00 -0.100000000000000000000000E+01  0.000000000000000000000000E+00  0.000000000000000000000000E+00
  0.854233288380323863009380E+00  0.000000000000000000000000E+00  0.477461987524692637190258E-16 -0.519889881631618533397443E+00
     63
  0.380000896306851448521601E-08  0.000000000000000000000000E+00  0.100000000000000000000000E+01 -0.252951135090231911573145E-08
 -0.520669545215572071583665E+00  0.000000000000000000000000E+00 -0.181042357148777984026815E-09 -0.853758294065134926142946E+00
  0.000000000000000000000000E+00 -0.100000000000000000000000E+01  0.000000000000000000000000E+00  0.000000000000000000000000E+00
  0.853758294065134926142946E+00  0.000000000000000000000000E+00 -0.456132869443353439453403E-08 -0.520669545215572071583665E+00
     64
  0.145609375993981835376235E-08  0.000000000000000000000000E+00  0.100000000000000000000000E+01 -0.754475323421522073249107E-09
  0.521446944201433781884703E+00  0.000000000000000000000000E+00 -0.115494025107719721605638E-09  0.853283706854283452436505E+00
  0.000000000000000000000000E+00  0.100000000000000000000000E+01  0.000000000000000000000000E+00  0.000000000000000000000000E+00
  0.853283706854283452436505E+00  0.000000000000000000000000E+00 -0.163587974341534729302202E-08 -0.521446944201433892907005E+00
     65
  0.887933877560077103160616E-09  0.932378237050376399450638E-15 -0.100000000000000000000000E+01 -0.949016452510592629679648E-09
  0.522222078954230006786474E+00  0.580219123131009064018504E-23 -0.345631718494851491883996E-09  0.852809533396948982186814E+00
 -0.385679877695822962645283E-23  0.100000000000000000000000E+01  0.932378237050382710337880E-15 -0.406400988254644668618446E-23
 -0.852809533396948982186814E+00  0.131777809604864292332819E-26 -0.125283563123944718226653E-08  0.522222078954230117808777E+00
     66
  0.710914630155744177700310E-09 -0.928983843798921069677769E-15 -0.999999999999999777955395E+00 -0.651335781413471512773801E-09
  0.522994968749831201648703E+00 -0.315325953987405015706034E-23 -0.183352125300733219178427E-09  0.852335768733404219865690E+00
 -0.230883930733531039313032E-23 -0.100000000000000000000000E+01  0.928983843798919491955958E-15 -0.208300203906121248362277E-23
 -0.852335768733403997821085E+00 -0.853857063065237380897224E-27 -0.946583115187035641532436E-09  0.522994968749831201648703E+00
     67
  0.732805951611612145361237E-09 -0.925600361053646236251215E-15 -0.999999999999999888977698E+00 -0.591588128236923321079114E-09
 -0.523765624487397829511792E+00  0.236919211084477738640462E-23  0.120133239820764991829647E-09 -0.851862412954889069993669E+00
  0.191856523696502679958204E-23  0.100000000000000000000000E+01 -0.925600361053646236251215E-15  0.147103371368774744123410E-23
 -0.851862412954888958971367E+00 -0.729697527114124628446053E-27 -0.934103182441461846126385E-09  0.523765624487397940534095E+00
     68
 -0.757643926867464759232100E-09  0.000000000000000000000000E+00  0.100000000000000000000000E+01  0.527362581302139905644076E-09
  0.524534036968161587743964E+00  0.000000000000000000000000E+00 -0.515808672841093153421509E-10  0.851389478477320271743167E+00
  0.000000000000000000000000E+00 -0.100000000000000000000000E+01  0.000000000000000000000000E+00  0.000000000000000000000000E+00
 -0.851389478477320271743167E+00  0.000000000000000000000000E+00 -0.921669786006781330951981E-09  0.524534036968161587743964E+00
     69
 -0.539046414194426554236208E-09  0.000000000000000000000000E+00  0.100000000000000000000000E+01  0.330865261820949294481109E-09
 -0.525300235416827798751171E+00  0.000000000000000000000000E+00 -0.162240581096875555833589E-11 -0.850916954039009132415572E+00
  0.000000000000000000000000E+00  0.100000000000000000000000E+01  0.000000000000000000000000E+00  0.000000000000000000000000E+00
 -0.850916954039009243437874E+00  0.000000000000000000000000E+00 -0.632487427248528947646046E-09  0.525300235416827798751171E+00
     70
  0.554810038767906870018945E-09  0.280377511692398290438477E-14 -0.999999999999999888977698E+00 -0.289930089191386943616769E-09
  0.526064211534403525227788E+00  0.233674236440181182476562E-23  0.452961539651312006150871E-10  0.850444851441106930423075E+00
 -0.261844739566143747448812E-23  0.999999999999999888977698E+00  0.258173051199895238516094E-14 -0.117483976495568149583761E-23
 -0.850444851441107041445377E+00  0.889666542475703432065747E-27 -0.624357184768575001212559E-09  0.526064211534403525227788E+00
     71
 -0.173529050795275663412855E-08 -0.912181374285974889997505E-15 -0.999999999999999777955395E+00  0.130262827355378341810128E-08
 -0.526825970764886020170081E+00 -0.307448562668188316000882E-23 -0.193003215767206121707757E-09 -0.849973174004706621964544E+00
  0.320159425937687387284800E-23 -0.100000000000000000000000E+01  0.912181374285974298351826E-15  0.142563193152658796464223E-23
  0.849973174004706399919939E+00 -0.120509195299054805702393E-26 -0.216120840816168866993446E-08 -0.526825970764886131192384E+00
     72
 -0.595038374652428574584752E-09  0.000000000000000000000000E+00  0.100000000000000022204460E+01  0.194687740497178706324585E-09
  0.527585520804907392999894E+00  0.000000000000000000000000E+00  0.148546020731986363814778E-09  0.849501923621727050850438E+00
  0.000000000000000000000000E+00  0.100000000000000000000000E+01  0.000000000000000000000000E+00  0.000000000000000000000000E+00
 -0.849501923621727050850438E+00  0.000000000000000000000000E+00 -0.608200676860519694075192E-09  0.527585520804907504022196E+00
     73
 -0.283028556830323095032764E-09  0.000000000000000000000000E+00  0.100000000000000000000000E+01  0.189373922904365782309774E-09
  0.528342870152864518829006E+00  0.000000000000000000000000E+00 -0.112482303351637267262040E-10  0.849031101643887620156192E+00
  0.000000000000000000000000E+00 -0.100000000000000000000000E+01  0.000000000000000000000000E+00  0.000000000000000000000000E+00
 -0.849031101643887620156192E+00  0.000000000000000000000000E+00 -0.340354409361727967418316E-09  0.528342870152864518829006E+00
     74
  0.165126260722930744727149E-08 -0.150793533203096446424183E-14  0.100000000000000000000000E+01 -0.137882234119743583900029E-08
 -0.529098037900845197256672E+00  0.248129950181785602549686E-23 -0.296334590558926792321138E-09 -0.848560702772332975385439E+00
  0.384512107076406248233239E-23  0.100000000000000000000000E+01  0.150793533203096446424183E-14  0.000000000000000000000000E+00
  0.848560702772332975385439E+00 -0.498174672326134533611417E-25 -0.213072884800274737670189E-08 -0.529098037900845086234369E+00
     75
  0.161013701579022262144357E-08  0.139776426887389935955652E-14  0.100000000000000000000000E+01 -0.142492976780400832253245E-08
  0.529851011812297212344447E+00  0.237499626163440457881133E-23  0.355337133589258553042431E-09  0.848090741183680663084488E+00
  0.354499441441553583473647E-23 -0.100000000000000000000000E+01  0.139776426887389876791084E-14  0.000000000000000000000000E+00
  0.848090741183680774106790E+00  0.424580197928057679319060E-25 -0.212054258604724915748406E-08 -0.529851011812297434389052E+00
     76
  0.746927355452178208424020E-09  0.000000000000000000000000E+00 -0.100000000000000000000000E+01  0.107103153665802613695323E-09
 -0.530601805032277273888042E+00  0.000000000000000000000000E+00 -0.487103967203992535162578E-09 -0.847621215223220536572057E+00
  0.000000000000000000000000E+00  0.100000000000000000000000E+01  0.000000000000000000000000E+00  0.000000000000000000000000E+00
 -0.847621215223220425549755E+00  0.000000000000000000000000E+00 -0.576282440156980384094728E-09  0.530601805032277273888042E+00
     77
  0.816768330146035499069940E-09  0.000000000000000000000000E+00 -0.100000000000000000000000E+01  0.232507299615872961452513E-09
