      1
  0.183109869392192270094362E-11  0.711394449238932691237380E+00 -0.702792954996018459645768E+00 -0.235179415711153788518618E-11
  0.185350954019181209946463E-11 -0.702792954996018459645768E+00 -0.711394449238932691237380E+00 -0.238057780350285491655998E-11
 -0.616945641999927074650145E+00  0.000000000000000000000000E+00 -0.424102703199552425152193E-11  0.787005765428244963288762E+00
  0.787005765428244963288762E+00  0.000000000000000000000000E+00 -0.140068662558362543255895E-13  0.616945641999927074650145E+00
      2
  0.000000000000000000000000E+00  0.708954375852447249428678E+00  0.705254346289100886302492E+00  0.000000000000000000000000E+00
  0.000000000000000000000000E+00  0.705254346289100886302492E+00 -0.708954375852447249428678E+00  0.000000000000000000000000E+00
 -0.584860472463759828443131E+00  0.000000000000000000000000E+00  0.000000000000000000000000E+00  0.811133914806591804769198E+00
  0.811133914806591804769198E+00  0.000000000000000000000000E+00  0.000000000000000000000000E+00  0.584860472463759828443131E+00
      3
  0.291718337053133185539257E-11  0.708424877806716590811220E+00 -0.705786222948945551891597E+00 -0.363057584094586609333245E-11
 -0.292808956255007274686767E-11  0.705786222948945551891597E+00  0.708424877806716590811220E+00  0.364414912456592957896725E-11
  0.570568271333198540062881E+00  0.200412970896905444288561E-26  0.658281950214490409649524E-11 -0.821250173666858596099871E+00
  0.821250173666858596099871E+00  0.547844388638052770842127E-27  0.459411019387136210880414E-12  0.570568271333198540062881E+00
      4
 -0.388747176649398140891327E-11  0.708299822045474480880500E+00 -0.705911724006868412928384E+00  0.475687320493059697951706E-11
 -0.390062307619033405723695E-11 -0.705911724006868412928384E+00 -0.708299822045474480880500E+00  0.477296569806289926212066E-11
  0.545124639653703724206935E+00  0.000000000000000000000000E+00 -0.865131178817242558195771E-11 -0.838355012654197317978344E+00
 -0.838355012654197317978344E+00  0.000000000000000000000000E+00  0.943357255752816350279771E-12 -0.545124639653703724206935E+00
      5
  0.000000000000000000000000E+00  0.708097430484898704428076E+00  0.706114742050245047799706E+00  0.000000000000000000000000E+00
  0.000000000000000000000000E+00  0.706114742050245047799706E+00 -0.708097430484898704428076E+00  0.000000000000000000000000E+00
  0.533830164501615245242760E+00  0.000000000000000000000000E+00  0.000000000000000000000000E+00 -0.845591719134109354172324E+00
  0.845591719134109354172324E+00  0.000000000000000000000000E+00  0.000000000000000000000000E+00  0.533830164501615245242760E+00
      6
  0.000000000000000000000000E+00  0.707769827694942899043440E+00  0.706443112362680536442383E+00  0.000000000000000000000000E+00
  0.000000000000000000000000E+00 -0.706443112362680536442383E+00  0.707769827694942899043440E+00  0.000000000000000000000000E+00
  0.504825618570475365132211E+00  0.000000000000000000000000E+00  0.000000000000000000000000E+00 -0.863221347531985649936814E+00
  0.863221347531985649936814E+00  0.000000000000000000000000E+00  0.000000000000000000000000E+00  0.504825618570475365132211E+00
      7
  0.763478034482131027220169E-11 -0.707239440929024798521141E+00 -0.706974096551210351435657E+00 -0.901667166913744338499937E-11
  0.763764586146503701902879E-11  0.706974096551210462457959E+00 -0.707239440929024687498838E+00 -0.902005584282312560695008E-11
 -0.496560974993516757169942E+00  0.549186273372175204310182E-26 -0.164329918142439855914831E-10  0.868001842229316866728084E+00
  0.868001842229316755705781E+00 -0.256583673289618631748303E-26  0.304086443665579611415751E-11  0.496560974993516812681094E+00
      8
  0.109804315802077271830847E-10  0.717741954711805241196032E+00 -0.696309188828121539138749E+00 -0.127911420879020056921196E-10
  0.113184150839964193063043E-10 -0.696309188828121650161052E+00 -0.717741954711805130173730E+00 -0.131848602208140817438069E-10
 -0.475064272435597345634051E+00  0.843547045656572108985563E-26 -0.236562492571616524666822E-10  0.879951099240881995378061E+00
  0.879951099240881884355758E+00 -0.477922451005615731157189E-26  0.514967249865339321712805E-11  0.475064272435597401145202E+00
      9
  0.102293521690666774734733E-15  0.731209371303693234089849E+00 -0.682153102549315937253027E+00  0.392674383065161551077206E-16
 -0.109649844594037690448059E-15  0.682153102549316048275330E+00  0.731209371303693123067546E+00 -0.420913117150829937338849E-16
 -0.468780816426026536447580E+00  0.000000000000000000000000E+00  0.846404501963405507474044E-16  0.883314522778238964129116E+00
 -0.883314522778238853106814E+00  0.000000000000000000000000E+00  0.366912890283396791295799E-16 -0.468780816426026591958731E+00
     10
 -0.221179840632534510242255E-10 -0.711394449238895720810660E+00 -0.702792954996055763139395E+00  0.256559586574953582752027E-10
 -0.223886864247823254333446E-10  0.702792954996055874161698E+00 -0.711394449238895609788358E+00  0.259699623468012904349965E-10
 -0.441007237306843602464568E+00  0.972898145242332171942932E-26  0.466432873675295785702070E-10  0.897503546869306334521355E+00
 -0.897503546869306223499052E+00  0.765477998553995929101903E-26  0.121467434958660247372616E-10 -0.441007237306843657975719E+00
     11
 -0.245930709888534485316759E-10 -0.710540484828577123543880E+00 -0.703656321949550966898812E+00  0.285314823036169215760492E-10
 -0.248336752456496989767700E-10  0.703656321949551077921114E+00 -0.710540484828577234566183E+00  0.288106176787016596422071E-10
 -0.435735506477960832238949E+00  0.222059087011476657007245E-25  0.517248834585548149795908E-10  0.900074757114315837647212E+00
 -0.900074757114315837647212E+00  0.183450176791518877335930E-25  0.137900025938365802133259E-10 -0.435735506477960832238949E+00
     12
 -0.544731558193247030259907E-10 -0.710012178703522289779926E+00 -0.704189396464244610207572E+00  0.631380267338324910372421E-10
 -0.549235819771376673898176E-10  0.704189396464244721229875E+00 -0.710012178703522511824531E+00  0.636601007419540187843906E-10
 -0.430435408541113784242071E+00  0.504056645001110131939437E-25  0.114226241441302172646496E-09  0.902621381906081543533560E+00
 -0.902621381906081543533560E+00  0.436646668609218749792267E-25  0.312299403558027021987111E-10 -0.430435408541113784242071E+00
     13
 -0.300505207609501594966816E-10 -0.709608322657466761285150E+00 -0.704596358502693642655856E+00  0.347220066833569280714204E-10
 -0.302642773764485988991311E-10  0.704596358502693753678159E+00 -0.709608322657466983329755E+00  0.349689927070266730813149E-10
 -0.425082358263074167048501E+00  0.284381406154594278633393E-25  0.627347358902792026309993E-10  0.905154676667752400298639E+00
 -0.905154676667752400298639E+00  0.257990922841655044411582E-25  0.176562299184003145827686E-10 -0.425082358263074167048501E+00
     14
  0.000000000000000000000000E+00  0.709483474571013128517905E+00 -0.704722072387861664388709E+00  0.000000000000000000000000E+00
  0.000000000000000000000000E+00 -0.704722072387861664388709E+00 -0.709483474571013128517905E+00  0.000000000000000000000000E+00
  0.419680452624940913963769E+00  0.000000000000000000000000E+00  0.000000000000000000000000E+00 -0.907671921833282491220984E+00
  0.907671921833282491220984E+00  0.000000000000000000000000E+00  0.000000000000000000000000E+00  0.419680452624940913963769E+00
     15
  0.000000000000000000000000E+00  0.709281423997113136259429E+00 -0.704925429795682290112779E+00  0.000000000000000000000000E+00
  0.000000000000000000000000E+00  0.704925429795682290112779E+00  0.709281423997113136259429E+00  0.000000000000000000000000E+00
  0.414275259889765823384522E+00  0.000000000000000000000000E+00  0.000000000000000000000000E+00 -0.910151640685917251438752E+00
  0.910151640685917251438752E+00  0.000000000000000000000000E+00  0.000000000000000000000000E+00  0.414275259889765823384522E+00
     16
  0.000000000000000000000000E+00  0.709156520729690931226230E+00 -0.705051082622074609673746E+00  0.000000000000000000000000E+00
  0.000000000000000000000000E+00  0.705051082622074609673746E+00  0.709156520729690931226230E+00  0.000000000000000000000000E+00
  0.408970136873565315305257E+00  0.000000000000000000000000E+00  0.000000000000000000000000E+00 -0.912547767048726865546371E+00
  0.912547767048726865546371E+00  0.000000000000000000000000E+00  0.000000000000000000000000E+00  0.408970136873565315305257E+00
     17
  0.290385467407345327308867E-16  0.709685466840487166884088E+00 -0.704518657066936615507302E+00  0.000000000000000000000000E+00
  0.292515100818820548707485E-16 -0.704518657066936726529605E+00 -0.709685466840487055861786E+00  0.000000000000000000000000E+00
  0.403945862654315923645498E+00  0.662823518567178015040490E-32 -0.730443327993412538261571E-16 -0.914782892299840000305267E+00
  0.914782892299839889282964E+00  0.150104177677424558075932E-31 -0.165417478434419886993954E-15  0.403945862654315979156650E+00
     18
  0.000000000000000000000000E+00  0.709483474571013128517905E+00 -0.704722072387861664388709E+00  0.000000000000000000000000E+00
  0.000000000000000000000000E+00 -0.704722072387861664388709E+00 -0.709483474571013128517905E+00  0.000000000000000000000000E+00
  0.399483257775192057703606E+00  0.000000000000000000000000E+00  0.000000000000000000000000E+00 -0.916740490410083097572169E+00
  0.916740490410083097572169E+00  0.000000000000000000000000E+00  0.000000000000000000000000E+00  0.399483257775192057703606E+00
     19
  0.000000000000000000000000E+00  0.709156520729690931226230E+00 -0.705051082622074609673746E+00  0.000000000000000000000000E+00
  0.000000000000000000000000E+00 -0.705051082622074609673746E+00 -0.709156520729690931226230E+00  0.000000000000000000000000E+00
  0.395986856066126102771108E+00  0.000000000000000000000000E+00  0.000000000000000000000000E+00 -0.918256178755615715125771E+00
  0.918256178755615715125771E+00  0.000000000000000000000000E+00  0.000000000000000000000000E+00  0.395986856066126102771108E+00
     20
  0.000000000000000000000000E+00  0.708627175177918844362068E+00 -0.705583111050259725871570E+00  0.000000000000000000000000E+00
  0.000000000000000000000000E+00 -0.705583111050259725871570E+00 -0.708627175177918844362068E+00  0.000000000000000000000000E+00
  0.394005111398141927292471E+00  0.000000000000000000000000E+00  0.000000000000000000000000E+00 -0.919108248353880163961094E+00
  0.919108248353880163961094E+00  0.000000000000000000000000E+00  0.000000000000000000000000E+00  0.394005111398141927292471E+00
     21
  0.199222911913934970990786E-09 -0.707567290069643251015918E+00 -0.706645972197889715715746E+00 -0.212774637408768192757940E-09
  0.199482656731608552960234E-09  0.706645972197889826738049E+00 -0.707567290069643473060523E+00 -0.213052050829084948246491E-09
 -0.394236080333461913483006E+00 -0.213392274527903035184957E-24 -0.387864336927198394706862E-09  0.919009201783805962371332E+00
  0.919009201783805851349030E+00  0.257861107179180470058331E-24  0.140387688192739211459581E-09  0.394236080333461968994158E+00
     22
 -0.102478179238804567850049E-09 -0.708159979097043312812332E+00  0.706052012252125216207332E+00  0.148151347973064572305001E-09
 -0.102784134891383904361646E-09  0.706052012252124994162727E+00  0.708159979097043090767727E+00  0.148593664012305238408966E-09
 -0.397489717845574186405599E+00 -0.152503113665769428461262E-24 -0.250234654627713953012433E-09  0.917606628249298283961366E+00
  0.917606628249298283961366E+00  0.185994107162686489457562E-24  0.497782293744693552295082E-10  0.397489717845574186405599E+00
     23
  0.309903793734169486824282E-10 -0.710276370122977174226264E+00  0.703922920528183615473949E+00 -0.549238426287302164657562E-10
 -0.312700915514559818489922E-10 -0.703922920528183615473949E+00 -0.710276370122977174226264E+00  0.554195728507723846752924E-10
 -0.404531242116235423278425E+00  0.000000000000000000000000E+00  0.891656249703656102800992E-10  0.914524179096373290853705E+00
  0.914524179096373290853705E+00  0.000000000000000000000000E+00 -0.869835222904492698915424E-11  0.404531242116235423278425E+00
     24
 -0.106145847422844176124970E-10  0.707106781186546795581194E+00  0.707106781186548127848823E+00 -0.747089229749461322851618E-10
 -0.106145847422843949942771E-10 -0.707106781186548238871126E+00  0.707106781186546684558891E+00 -0.747089229749459771887970E-10
  0.415619679667172892134630E+00  0.000000000000000000000000E+00 -0.898578239241740185016199E-10 -0.909538499390408872180558E+00
  0.909538499390408761158255E+00  0.000000000000000000000000E+00  0.575651802391408337336574E-10  0.415619679667172947645781E+00
     25
  0.208597877362163031561024E-09  0.707106781186546351491984E+00 -0.707106781186548793982638E+00  0.255063071034735657880674E-09
  0.208597877362162023434652E-09 -0.707106781186548793982638E+00 -0.707106781186546351491984E+00  0.255063071034734985796426E-09
  0.429367588203532934976181E+00 -0.141138248560154158627779E-24 -0.199106935905796626307263E-09 -0.903129821343687799739541E+00
 -0.903129821343687799739541E+00  0.163897873831456179274199E-24 -0.421303907968046932948425E-09 -0.429367588203532934976181E+00
     26
 -0.118198210534785783582688E-08  0.707106781186547905804218E+00 -0.707106781186547239670404E+00 -0.688890563768126773978945E-09
  0.118198210534785886980265E-08  0.707106781186547239670404E+00  0.707106781186547905804218E+00  0.688890563768127394364404E-09
 -0.440609679912600249451771E+00  0.000000000000000000000000E+00 -0.138060477863391267914747E-09  0.897698785766871898417207E+00
 -0.897698785766871898417207E+00  0.000000000000000000000000E+00  0.192982971935623194119955E-08 -0.440609679912600249451771E+00
     27
 -0.105259687415017025287205E-08 -0.707106781186547461715008E+00  0.707106781186547572737311E+00 -0.872720187046483152897407E-09
 -0.105259687415016942569144E-08  0.707106781186547461715008E+00  0.707106781186547572737311E+00 -0.872720187046483669885290E-09
  0.438846768920980845329893E+00 -0.485772780809069695957635E-24 -0.455750614533768594214528E-09 -0.898561914064698874504700E+00
 -0.898561914064699096549305E+00  0.549463958628438943886449E-24 -0.187922673368204937278391E-08 -0.438846768920980734307591E+00
     28
 -0.180255419620474629140460E-08 -0.707106781186547461715008E+00 -0.707106781186547683759613E+00 -0.128283302828163035910927E-08
 -0.180255419620474711858522E-08  0.707106781186547683759613E+00 -0.707106781186547461715008E+00 -0.128283302828162932513350E-08
 -0.413874527345046261395112E+00 -0.691283215389455445073559E-24 -0.596480033930998762973957E-09  0.910333936319477565746183E+00
  0.910333936319477565746183E+00  0.827459364446829634797932E-24 -0.307147158291248799597440E-08  0.413874527345046261395112E+00
     29
 -0.183769552483468649965993E-08  0.707106781186547794781916E+00  0.707106781186547461715008E+00 -0.191560807157670390684767E-08
 -0.183769552483468546568416E-08 -0.707106781186547350692706E+00  0.707106781186547905804218E+00 -0.191560807157670514761859E-08
  0.370914687745063809121149E+00  0.982773793715208452746695E-24 -0.155186394229988680214294E-08 -0.928666944827359452929727E+00
 -0.928666944827359674974332E+00 -0.130669363219413880574039E-23 -0.341834446254991536757105E-08 -0.370914687745063753609998E+00
     30
 -0.812013497837000194777186E-09  0.707106781186547461715008E+00  0.707106781186547572737311E+00 -0.956658944221277941486329E-09
  0.812013497837000194777186E-09  0.707106781186547572737311E+00 -0.707106781186547461715008E+00  0.956658944221278148281482E-09
 -0.330095000533983440327290E+00  0.000000000000000000000000E+00  0.898017697479844603870126E-09  0.943947716042826900917362E+00
 -0.943947716042826900917362E+00  0.000000000000000000000000E+00 -0.153058452313368335607389E-08 -0.330095000533983440327290E+00
     31
  0.251032431581148482157443E-09 -0.707106781186547239670404E+00 -0.707106781186547794781916E+00  0.296132066276982959365634E-09
 -0.251032431581148223663502E-09 -0.707106781186547794781916E+00  0.707106781186547239670404E+00 -0.296132066276982700871693E-09
 -0.303747090115131068710497E+00  0.000000000000000000000000E+00  0.291172756914610141782944E-09  0.952752698892315175172030E+00
 -0.952752698892315175172030E+00  0.000000000000000000000000E+00 -0.465447600945178072304944E-09 -0.303747090115131068710497E+00
     32
  0.956576978509592598216915E-09  0.707106781186547572737311E+00  0.707106781186547572737311E+00  0.679879387507023326430269E-09
 -0.956576978509592184626609E-09  0.707106781186547461715008E+00 -0.707106781186547683759613E+00 -0.679879387507023740020576E-09
  0.290904714905149075487856E+00 -0.320552337456178941795395E-24  0.526374824817777178134816E-09 -0.956752029966988715159459E+00
  0.956752029966988937204064E+00 -0.531930168730053066399366E-24 -0.157400153714151855188433E-08  0.290904714905149019976704E+00
     33
 -0.317878417695471903040667E-09  0.707106781186547572737311E+00  0.707106781186547350692706E+00 -0.234829454402218240029220E-09
 -0.317878417695472264932185E-09 -0.707106781186547461715008E+00  0.707106781186547461715008E+00 -0.234829454402218136631643E-09
 -0.286429614507814567225807E+00  0.110255333919988126503696E-24  0.189420690561065883140162E-09  0.958101286886154257516068E+00
 -0.958101286886154146493766E+00  0.185678200298419359485789E-24 -0.525835263681370515796813E-09 -0.286429614507814622736959E+00
     34
  0.663934308860655145529537E-09 -0.707106781186548016826521E+00  0.707106781186547017625799E+00  0.260491945044617322627982E-09
 -0.663934308860656282902880E-09 -0.707106781186547017625799E+00 -0.707106781186548016826521E+00 -0.260491945044617529423135E-09
 -0.285917869799260371266314E+00  0.122232433948994073516360E-24 -0.845513007073284060416953E-10  0.958254126904472758319287E+00
  0.958254126904472758319287E+00 -0.206293412372048548682271E-24 -0.100507746834734494583071E-08  0.285917869799260371266314E+00
     35
  0.293273147309750084430553E-09 -0.707106781186547794781916E+00 -0.707106781186547239670404E+00  0.179536575838515418300286E-09
  0.293273147309750239526918E-09  0.707106781186547350692706E+00 -0.707106781186547683759613E+00  0.179536575838515521697862E-09
  0.286317377353810298412640E+00  0.000000000000000000000000E+00 -0.124523051020915013371155E-09 -0.958134833635243543525917E+00
 -0.958134833635243432503614E+00  0.000000000000000000000000E+00 -0.470083894184516522493681E-09 -0.286317377353810353923791E+00
     36
 -0.563255610935002637000010E-09  0.707106781186547350692706E+00 -0.707106781186547794781916E+00 -0.267121097346430230299644E-09
  0.563255610935002223409703E-09  0.707106781186547794781916E+00  0.707106781186547350692706E+00  0.267121097346430075203279E-09
 -0.285510417265221805305231E+00  0.000000000000000000000000E+00 -0.134614713198586898716441E-09  0.958375605716797807076546E+00
  0.958375605716797807076546E+00  0.000000000000000000000000E+00 -0.871263555795718657531384E-09  0.285510417265221805305231E+00
     37
  0.357270066506212844293688E-09  0.707106781186547683759613E+00  0.707106781186547350692706E+00  0.193873246803525675068358E-09
  0.357270066506212689197323E-09 -0.707106781186547461715008E+00  0.707106781186547572737311E+00  0.193873246803525778465934E-09
  0.281944596501797761778363E+00 -0.906630836978076716962162E-25  0.120600769644976660461396E-09 -0.959430687701534057332253E+00
  0.959430687701533946309951E+00 -0.154699631701684934673636E-24 -0.562061119876888999386685E-09  0.281944596501797817289514E+00
     38
 -0.265276103353982398093089E-09  0.707106781186548016826521E+00 -0.707106781186547017625799E+00 -0.222064899086867119299260E-09
  0.265276103353982759984607E-09  0.707106781186547017625799E+00  0.707106781186548016826521E+00  0.222064899086867403642596E-09
  0.274446421071242341316321E+00  0.000000000000000000000000E+00  0.199027987527247731428173E-09 -0.961602392863696087133007E+00
 -0.961602392863696087133007E+00  0.000000000000000000000000E+00  0.446941164267439986790526E-09 -0.274446421071242341316321E+00
     39
  0.201633809545086382009384E-09  0.707106781186550903406385E+00  0.707106781186544020023632E+00  0.388114022212113433103768E-09
 -0.201633809545091112448512E-09  0.707106781186544131045935E+00 -0.707106781186551236473292E+00 -0.388114022212116948621371E-09
 -0.262164724027561246710860E+00 -0.356788880169826850623760E-24 -0.454920963990111603651853E-09  0.965023138310969530451189E+00
  0.965023138310969530451189E+00  0.648024483187875828441578E-24 -0.419075670893108674900037E-09  0.262164724027561246710860E+00
     40
 -0.749230763469337805914717E-12 -0.707106781186549682161058E+00 -0.707106781186545019224354E+00  0.296733029094150191377291E-09
  0.749230763467228858859812E-12 -0.707106781186545130246657E+00  0.707106781186549904205663E+00 -0.296733029094151897437305E-09
  0.244584605373673741324225E+00 -0.269701824364090800849390E-24 -0.407157586528326365918020E-09 -0.969627954843611306046114E+00
 -0.969627954843611306046114E+00  0.520182029582082570965247E-24 -0.101611040427124639879364E-09 -0.244584605373673741324225E+00
     41
 -0.108502366920428485067395E-09 -0.707106781186547350692706E+00 -0.707106781186547794781916E+00  0.323200263924643254739833E-09
 -0.108502366920428911582399E-09  0.707106781186547794781916E+00 -0.707106781186547350692706E+00  0.323200263924643151342256E-09
  0.221564029740004886370741E+00  0.145292616410282589850809E-24 -0.479711977603954331716208E-09 -0.975145825364273521884684E+00
 -0.975145825364273521884684E+00 -0.305189785202432543994814E-24  0.483604479730548775498526E-10 -0.221564029740004886370741E+00
     42
 -0.226323810290912560752033E-09  0.707106781186547905804218E+00 -0.707106781186547239670404E+00  0.347279147768675750330943E-09
 -0.226323810290912715848398E-09 -0.707106781186547239670404E+00 -0.707106781186547905804218E+00  0.347279147768676060523673E-09
  0.193351403987977316090152E+00  0.000000000000000000000000E+00 -0.543745128574358792293970E-09 -0.981129570737666600876992E+00
  0.981129570737666600876992E+00  0.000000000000000000000000E+00 -0.219070267975194946177045E-09  0.193351403987977316090152E+00
     43
  0.349380836286023162464502E-09 -0.707106781186548016826521E+00  0.707106781186547017625799E+00 -0.369300920263071786673850E-09
  0.349380836286023731151173E-09  0.707106781186546906603496E+00  0.707106781186548238871126E+00 -0.369300920263072355360521E-09
  0.160546248751692793854673E+00  0.000000000000000000000000E+00 -0.594821333732311353299406E-09 -0.987028318748636390722595E+00
  0.987028318748636612767200E+00  0.000000000000000000000000E+00 -0.403840833783664224660663E-09  0.160546248751692766099097E+00
     44
 -0.701649421445457643223610E-09  0.707106781186544464112842E+00  0.707106781186550348294872E+00  0.645849719102301818043921E-09
  0.701649421445443581153197E-09  0.707106781186550348294872E+00 -0.707106781186544797179749E+00 -0.645849719102295717586904E-09
  0.123982446140125102118645E+00  0.817464166850369752908244E-24  0.102934781467593405925937E-08 -0.992284411370606411750828E+00
  0.992284411370606411750828E+00  0.283365989274622369763499E-23  0.871384310726550691896696E-09  0.123982446140125088240858E+00
     45
 -0.844217471909318252361555E-09  0.707106781186547461715008E+00  0.707106781186547461715008E+00  0.708073767169520249822297E-09
  0.844217471909320113517933E-09  0.707106781186547683759613E+00 -0.707106781186547239670404E+00 -0.708073767169520146424720E-09
  0.845499990086849700920979E-01 -0.291033652260004388448203E-24  0.109872641201087164650744E-08 -0.996419237905226129470293E+00
  0.996419237905225907425688E+00 -0.141607052941833256055858E-23  0.110496286843096001748583E-08  0.845499990086849700920979E-01
     46
  0.692443524734877163593416E-09 -0.707106781186547572737311E+00  0.707106781186547350692706E+00 -0.435063389412949867704204E-09
 -0.692443524734879541737677E-09 -0.707106781186547461715008E+00 -0.707106781186547461715008E+00  0.435063389412950074499358E-09
  0.430081040866945665812615E-01 -0.174063151338102991755073E-24 -0.656819499357912793637442E-09 -0.999074723423062138749629E+00
 -0.999074723423062027727326E+00  0.157796243025736552294881E-23  0.951895339946992523287093E-09 -0.430081040866945665812615E-01
     47
  0.777829932759925222811381E-09 -0.707106781186547461715008E+00  0.707106781186547683759613E+00 -0.459778120247619865255147E-09
 -0.777829932760586553711118E-09 -0.707106781186547683759613E+00 -0.707106781186547350692706E+00  0.459778120247619606761206E-09
 -0.139962068151311863671918E-03  0.179068160247592550707928E-24 -0.650070486223928900596459E-09 -0.999999990205309718938054E+00
  0.999999990205309607915751E+00 -0.467775452792728005362408E-21 -0.110010863611395922788058E-08 -0.139962068151311158940506E-03
     48
 -0.839140227648034713218360E-09 -0.707106781186547572737311E+00 -0.707106781186547239670404E+00  0.484058440916790184749752E-09
 -0.839140227648036884567468E-09  0.707106781186547239670404E+00 -0.707106781186547572737311E+00  0.484058440916790288147328E-09
  0.446611518434831614166036E-01  0.183745159005667516639658E-24  0.630878508351301320062365E-09  0.999002192948550749029835E+00
  0.999002192948550749029835E+00  0.139444395008661294021165E-23 -0.121611280848693131283853E-08 -0.446611518434831614166036E-01
     49
  0.871740176789794043253429E-09 -0.707106781186547905804218E+00  0.707106781186547239670404E+00 -0.503663926232774156418507E-09
  0.871740176789794870434041E-09  0.707106781186547239670404E+00  0.707106781186547905804218E+00 -0.503663926232774466611237E-09
  0.904871602365531491063422E-01  0.000000000000000000000000E+00  0.597811274883120123426317E-09  0.995897622164208407014030E+00
  0.995897622164208407014030E+00  0.000000000000000000000000E+00 -0.129222232073300724291254E-08 -0.904871602365531491063422E-01
     50
 -0.872375824024390050061681E-09  0.707106781186547461715008E+00 -0.707106781186547461715008E+00  0.512449708938863215160174E-09
 -0.872375824024390050061681E-09 -0.707106781186547461715008E+00 -0.707106781186547461715008E+00  0.512449708938863215160174E-09
  0.137523172916418495725921E+00  0.000000000000000000000000E+00  0.548161609685018446308564E-09  0.990498549676374184791428E+00
  0.990498549676374184791428E+00  0.000000000000000000000000E+00 -0.132166852450877464926245E-08 -0.137523172916418495725921E+00
     51
 -0.899942063386201707963476E-23  0.999999999999999888977698E+00 -0.639004227992198360882311E-14  0.412892063388585915047662E-23
 -0.118736745024978436992088E-08 -0.616799767499695072301657E-14 -0.100000000000000000000000E+01  0.712016601901122477884987E-09
  0.185441972877919136752922E+00  0.356732092447129191418830E-24  0.479479024476395377487716E-09  0.982655216591834523853777E+00
  0.982655216591834523853777E+00  0.473185972989859801028586E-24 -0.129881080057096041684060E-08 -0.185441972877919136752922E+00
     52
  0.000000000000000000000000E+00  0.100000000000000000000000E+01  0.000000000000000000000000E+00  0.000000000000000000000000E+00
 -0.116508919381096632062987E-08  0.000000000000000000000000E+00  0.999999999999999888977698E+00  0.169450671773930633087241E-08
  0.233560059059775365630784E+00  0.000000000000000000000000E+00 -0.137552246725551219380562E-08  0.972342377360975729239101E+00
 -0.972342377360975618216798E+00  0.000000000000000000000000E+00 -0.152863436176504782201268E-08  0.233560059059775421141936E+00
     53
 -0.241334456217256690611204E-23  0.100000000000000000000000E+01 -0.237959266001031671613605E-14  0.126043498686142173586616E-23
  0.958979419073378869654798E-09  0.237959266001031671613605E-14  0.100000000000000000000000E+01 -0.578906270616905768689271E-09
 -0.280879690644614654626565E+00 -0.149308506430491075074963E-24 -0.286243390274597329342361E-09 -0.959742986107939954898427E+00
  0.959742986107939954898427E+00  0.931774961028305163767866E-25 -0.108297678548064670137886E-08 -0.280879690644614654626565E+00
     54
  0.000000000000000000000000E+00 -0.100000000000000000000000E+01  0.000000000000000000000000E+00  0.000000000000000000000000E+00
 -0.786334586377983397285336E-09  0.000000000000000000000000E+00 -0.100000000000000000000000E+01  0.450032373327959627926827E-09
  0.326312415850022574659306E+00  0.000000000000000000000000E+00  0.168807752878499651693090E-09  0.945261978110894851567991E+00
  0.945261978110894851567991E+00  0.000000000000000000000000E+00 -0.890143337528030688113665E-09 -0.326312415850022574659306E+00
     55
 -0.386036217528484781924034E-23  0.999999999999999888977698E+00 -0.624450465686134526305684E-14  0.154580336565133189599531E-23
  0.584101573469204219182984E-09  0.602246005193631395497211E-14  0.999999999999999888977698E+00 -0.278021902310924279823323E-09
 -0.368992226924013178024353E+00 -0.156146027537987608387429E-24 -0.428736460528528935507749E-10 -0.929432480855740927871977E+00
  0.929432480855740927871977E+00  0.448647802390151205280483E-25 -0.645470895368582996805655E-09 -0.368992226924013178024353E+00
     56
  0.188398147242927215801573E-23  0.100000000000000000000000E+01  0.517701250425820216912468E-14 -0.298031154671324782894494E-24
  0.361771279607225380950040E-09 -0.517701250425820295798559E-14  0.999999999999999888977698E+00 -0.606695752445540635257667E-10
  0.408528876958122899587522E+00 -0.191844091407831192490723E-25 -0.924180484210750888686241E-10  0.912745395327379860361816E+00
  0.912745395327379749339514E+00 -0.356030182833291871859513E-26 -0.354990140393182141956808E-09 -0.408528876958122955098673E+00
     57
 -0.772033754203802205435734E-22  0.100000000000000000000000E+01 -0.597104810369412459946445E-13  0.118350747870258340411983E-23
 -0.129289469405478588029983E-08 -0.597104810369412459946445E-13 -0.100000000000000000000000E+01  0.199247375071077194013665E-10
 -0.445096703390433667824055E+00 -0.734473882065690671424458E-26  0.557620912212882574664981E-09 -0.895482509394219472476095E+00
  0.895482509394219472476095E+00  0.828814874504901898818542E-27 -0.116663301999498474582212E-08 -0.445096703390433667824055E+00
     58
  0.808632831289808585239610E-10  0.574341668978172569503374E-14 -0.100000000000000000000000E+01 -0.536711744251446749501196E-09
 -0.332202838093886592929249E-24  0.100000000000000000000000E+01  0.574341668978172569503374E-14  0.329253653770258979588486E-23
  0.479349891184934817633945E+00 -0.247664944892019602765434E-24 -0.432269186407541165854960E-09  0.877623884030620082796759E+00
 -0.877623884030620082796759E+00  0.153944390999089236068418E-25 -0.328240362255556142640057E-09  0.479349891184934817633945E+00
     59
  0.177566597657172700872384E-08  0.000000000000000000000000E+00  0.999999999999999888977698E+00 -0.932353126963752163059350E-09
  0.000000000000000000000000E+00  0.100000000000000000000000E+01  0.000000000000000000000000E+00  0.000000000000000000000000E+00
 -0.512218153749563587240345E+00  0.000000000000000000000000E+00  0.108771735733957605805323E-09 -0.858855379542672658921276E+00
  0.858855379542672547898974E+00  0.000000000000000000000000E+00 -0.200260828288132336086115E-08 -0.512218153749563698262648E+00
     60
 -0.368084060191372914885258E-09  0.000000000000000000000000E+00  0.999999999999999888977698E+00  0.123630906756409375530205E-08
  0.000000000000000000000000E+00  0.100000000000000000000000E+01  0.000000000000000000000000E+00  0.000000000000000000000000E+00
  0.544636106262982089276647E+00  0.000000000000000000000000E+00 -0.836386630857226836463937E-09  0.838672469891970084887589E+00
 -0.838672469891969862842984E+00  0.000000000000000000000000E+00 -0.982040338361589212865213E-09  0.544636106262982200298950E+00
     61
  0.173769170797906044194682E-08  0.000000000000000000000000E+00  0.100000000000000000000000E+01 -0.176928635484758617592328E-08
 -0.577239085263420270699442E+00  0.000000000000000000000000E+00 -0.441691766704457563955731E-09 -0.816575188481899694181720E+00
  0.000000000000000000000000E+00 -0.100000000000000000000000E+01  0.000000000000000000000000E+00  0.000000000000000000000000E+00
  0.816575188481899694181720E+00  0.000000000000000000000000E+00 -0.244025717100770700713499E-08 -0.577239085263420270699442E+00
     62
 -0.118146218787445972255322E-14  0.000000000000000000000000E+00  0.999999999999999888977698E+00 -0.182312215092682946124002E-14
  0.578037772304137109635747E+00  0.000000000000000000000000E+00  0.229896586159400973529066E-14  0.816010008388175611671045E+00
  0.000000000000000000000000E+00 -0.100000000000000000000000E+01  0.000000000000000000000000E+00  0.000000000000000000000000E+00
  0.816010008388175500648742E+00  0.000000000000000000000000E+00  0.914421230051074160300610E-16 -0.578037772304137220658049E+00
     63
 -0.358656009912989005840539E-08 -0.930742473549119293845105E-15 -0.100000000000000000000000E+01  0.348419823382120529848139E-08
  0.578834095787898239571234E+00  0.377854064586982207434969E-22  0.765149849455408007546795E-09  0.815445332044648085734195E+00
 -0.252057302313763550422825E-22  0.100000000000000000000000E+01 -0.930742473549106672070621E-15 -0.275718211689804971491004E-22
  0.815445332044648085734195E+00 -0.480126400304367022755141E-26 -0.494141651568537576670354E-08 -0.578834095787898239571234E+00
     64
  0.750116761847056187103135E-09  0.000000000000000000000000E+00  0.100000000000000000000000E+01 -0.139498454341439274145682E-08
  0.579628052146994310334094E+00  0.000000000000000000000000E+00  0.701957919269044648802560E-09  0.814881169965462670568002E+00
  0.000000000000000000000000E+00  0.100000000000000000000000E+01  0.000000000000000000000000E+00  0.000000000000000000000000E+00
  0.814881169965462670568002E+00  0.000000000000000000000000E+00 -0.141982819817906144523219E-08 -0.579628052146994310334094E+00
     65
  0.212053782389836409587354E-08 -0.923897803167276028062475E-15 -0.100000000000000000000000E+01 -0.596748331831676320000086E-09
  0.580419642979376204650066E+00 -0.342277232912182939986254E-23  0.744859179656738572092040E-09  0.814317529004314977214563E+00
  0.394520329397752729976520E-23  0.100000000000000000000000E+01 -0.923897803167276028062475E-15  0.223631757470673672503334E-23
 -0.814317529004314866192260E+00 -0.738331550521904142208258E-27 -0.207315557462738423004039E-08  0.580419642979376093627764E+00
     66
  0.157845859712833984492736E-08  0.920514188149145827540725E-15 -0.100000000000000000000000E+01 -0.406283798153274551285402E-09
  0.581208888924406252840527E+00  0.188462949341248250324835E-23  0.586798809022356736755261E-09  0.813754402406068000352946E+00
 -0.254797109572828823621997E-23  0.100000000000000000000000E+01  0.920514188149145827540725E-15 -0.115991113430824306134073E-23
 -0.813754402406068111375248E+00  0.474163007445778276067683E-27 -0.152061320665176955720913E-08  0.581208888924406474885132E+00
     67
 -0.162925719471758175348113E-08  0.000000000000000000000000E+00  0.100000000000000000000000E+01  0.318460802454019471819569E-09
 -0.581995800844257504813584E+00  0.000000000000000000000000E+00 -0.689251006506228276447850E-09 -0.813191790292825733565962E+00
  0.000000000000000000000000E+00  0.100000000000000000000000E+01  0.000000000000000000000000E+00  0.000000000000000000000000E+00
 -0.813191790292825733565962E+00  0.000000000000000000000000E+00 -0.151024124421673690009911E-08  0.581995800844257615835886E+00
     68
  0.168711460334741857615156E-08  0.279858434956714473914204E-14 -0.999999999999999888977698E+00 -0.221186778965342084888183E-09
 -0.582780371108253758549722E+00 -0.227030678788222684503514E-23 -0.803474198079127501649395E-09 -0.812629705986020356434096E+00
 -0.563208025588677628696523E-23  0.999999999999999888977698E+00  0.257653974464211343105731E-14 -0.122631433411186802850638E-23
 -0.812629705986020356434096E+00  0.695724394202903377628422E-27 -0.149990257677255556827397E-08  0.582780371108253869572025E+00
     69
 -0.105669791543976829592347E-08  0.000000000000000000000000E+00  0.100000000000000000000000E+01  0.174429494950699477925565E-09
 -0.583562629438180269225711E+00  0.000000000000000000000000E+00 -0.475000779226047399091494E-09 -0.812068136010271723890241E+00
  0.000000000000000000000000E+00  0.100000000000000000000000E+01  0.000000000000000000000000E+00  0.000000000000000000000000E+00
 -0.812068136010271723890241E+00  0.000000000000000000000000E+00 -0.959901241242116231364833E-09  0.583562629438180269225711E+00
     70
  0.109584049118408518603565E-08 -0.907233642765648601194937E-15 -0.100000000000000022204460E+01 -0.108571743894315079893109E-09
  0.584342569631771446836410E+00 -0.284521973206999909005505E-24  0.552239767800696588709987E-09  0.811507092585233347215024E+00
  0.116036346232255675702462E-23  0.100000000000000000000000E+01 -0.907233642765648798410163E-15  0.132447969590447147455269E-24
 -0.811507092585233569259628E+00 -0.963630825579275119255164E-28 -0.952725783136121181799121E-09  0.584342569631771335814108E+00
     71
 -0.183867847270927925129266E-08  0.903976178611241187270593E-15 -0.100000000000000000000000E+01  0.165777570524867637592829E-08
 -0.585120196459625763196755E+00  0.391566071584553675316021E-23 -0.268519564522527615621267E-09 -0.810946580050158960517592E+00
 -0.395215406247702771154434E-23 -0.100000000000000000000000E+01 -0.903976178611241187270593E-15 -0.167759534264654981513139E-23
  0.810946580050158960517592E+00  0.135600091214014482172350E-26 -0.246106815562969766518790E-08 -0.585120196459625763196755E+00
     72
 -0.119617701326935880383555E-08  0.957039923639978240864791E-15  0.999999999999999888977698E+00 -0.527774548541383460538107E-10
  0.585895519672323672466518E+00  0.120527006458676255989435E-24  0.743604894958818177994417E-09  0.810386599116679540166786E+00
  0.817447110162477209895714E-24  0.999999999999999888977698E+00 -0.734995318714946735564839E-15 -0.471879308525142453801722E-25
 -0.810386599116679540166786E+00  0.419722449562875165909955E-28 -0.938443747386154835721874E-09  0.585895519672323672466518E+00
     73
 -0.365497028811306132609074E-09 -0.157493037328978058583737E-14  0.100000000000000000000000E+01  0.201451071254336652008647E-09
  0.586668548244477450204215E+00  0.397140811659235426724834E-24  0.512849339135230437938645E-10  0.809827151002432743531756E+00
  0.814618779824973581938653E-24 -0.100000000000000000000000E+01 -0.157493037328978019140692E-14  0.000000000000000000000000E+00
 -0.809827151002432743531756E+00 -0.740452375633502345273680E-26 -0.414174245239436337544158E-09  0.586668548244477672248820E+00
     74
  0.179617696950516715832239E-08  0.145520674428682855172983E-14  0.100000000000000000000000E+01 -0.167869791307874245764904E-08
 -0.587439302956617281914475E+00 -0.305573145281410974169807E-23 -0.303371873802679209778374E-09 -0.809268228303721026684059E+00
 -0.445026839022320706065684E-23  0.100000000000000000000000E+01 -0.145520674428682855172983E-14  0.000000000000000000000000E+00
  0.809268228303721026684059E+00  0.511607822410875908077720E-25 -0.243972217561192029822244E-08 -0.587439302956617281914475E+00
     75
  0.177490734876839135573674E-08  0.000000000000000000000000E+00  0.100000000000000000000000E+01 -0.169530433997041839392478E-08
  0.588207771491813358188949E+00  0.000000000000000000000000E+00  0.326995018138662988856558E-09  0.808709847569964224156536E+00
  0.000000000000000000000000E+00 -0.100000000000000000000000E+01  0.000000000000000000000000E+00  0.000000000000000000000000E+00
  0.808709847569964113134233E+00  0.000000000000000000000000E+00 -0.243257623928768426248390E-08 -0.588207771491813358188949E+00
     76
 -0.157838476765491321919353E-08  0.188711918794712747911915E-14  0.999999999999999888977698E+00 -0.620440824909156682368834E-09
  0.588973968835493688622762E+00  0.207986948619842363849106E-23  0.143103803791515641522010E-08  0.808152005525053951373593E+00
 -0.150680130523155814578838E-23 -0.999999999999999888977698E+00  0.166507458302209617103443E-14  0.510371157430746633164365E-24
 -0.808152005525053951373593E+00  0.621838349944278762537215E-27 -0.910151320396200583658100E-09  0.588973968835493688622762E+00
     77
  0.175701302703856350779393E-08 -0.118442593117136135825722E-14 -0.100000000000000000000000E+01  0.874660479476469971356670E-09
