      1
  0.175700839344349574081352E-11 -0.711192949681395680805451E+00 -0.702996862242980191659569E+00 -0.223570369591365746646407E-11
  0.177749297196173676472411E-11  0.702996862242980302681872E+00 -0.711192949681395569783149E+00 -0.226176927879497050620809E-11
  0.604897850073826903738450E+00 -0.121172201591208621535539E-26  0.404440319447201441115896E-11 -0.796303077336802722641096E+00
  0.796303077336802611618793E+00 -0.261750169219669378642580E-27  0.666619359395095858889777E-13  0.604897850073827014760752E+00
      2
 -0.316528454289656600260169E-18 -0.708954375852382412404040E+00 -0.705254346289165945371735E+00  0.690082724823412762736308E-16
  0.318189081614624804269185E-18 -0.705254346289166056394038E+00  0.708954375852382301381738E+00 -0.693703158354019962876592E-16
  0.574464071000248099885255E+00  0.375482702680448655527598E-31 -0.207906612062030148222133E-15 -0.818529798559479382369375E+00
 -0.818529798559479271347072E+00 -0.967545530581504206988204E-32  0.125906889356075672387921E-15 -0.574464071000248210907557E+00
      3
  0.280748517280418386209894E-11 -0.708627175177918844362068E+00 -0.705583111050259725871570E+00 -0.345260716523118816263413E-11
 -0.281959737442809621103212E-11 -0.705583111050259725871570E+00  0.708627175177918844362068E+00  0.346750258641400979734831E-11
 -0.560940384695453486685324E+00  0.000000000000000000000000E+00 -0.628288005332147832987644E-11  0.827856198151416089459076E+00
  0.827856198151416089459076E+00  0.000000000000000000000000E+00  0.549173022977133750930890E-12  0.560940384695453486685324E+00
      4
 -0.374835181004061726614206E-11  0.708424877806715036498986E+00 -0.705786222948947106203832E+00  0.452627289822958137315307E-11
 -0.376236541131334158636777E-11 -0.705786222948947106203832E+00 -0.708424877806715036498986E+00  0.454319483802120387529143E-11
  0.536899910864491403117427E+00 -0.253231361654291386758332E-26 -0.826179564519801147461957E-11 -0.843645948081125585105156E+00
 -0.843645948081125585105156E+00  0.835031863489369337141773E-27  0.103732019287156385302108E-11 -0.536899910864491403117427E+00
      5
 -0.666359074367863840751545E-18 -0.708299822045401539227782E+00 -0.705911724006941465603404E+00  0.606476593408709183204403E-16
  0.668613365866811558009278E-18 -0.705911724006941576625707E+00  0.708299822045401428205480E+00 -0.608528302586834662648211E-16
 -0.526237151527731095157492E+00 -0.343847634625278749711767E-31  0.190400749483116725658430E-15  0.850337850711103904188803E+00
 -0.850337850711103793166501E+00 -0.122513312321569262418824E-31  0.144404516600854037463293E-15 -0.526237151527731206179794E+00
      6
  0.000000000000000000000000E+00  0.707239440929191776064044E+00  0.706974096551043484915056E+00  0.000000000000000000000000E+00
  0.000000000000000000000000E+00 -0.706974096551043484915056E+00  0.707239440929191776064044E+00  0.000000000000000000000000E+00
  0.498850801203282123719163E+00  0.000000000000000000000000E+00  0.000000000000000000000000E+00 -0.866687878153861945840220E+00
  0.866687878153861945840220E+00  0.000000000000000000000000E+00  0.000000000000000000000000E+00  0.498850801203282123719163E+00
      7
 -0.736874192771810687270864E-11  0.708034876249913902590549E+00  0.706177466373551721012802E+00  0.857585487838719317592964E-11
 -0.738812342130099025502193E-11 -0.706177466373551832035105E+00  0.708034876249914013612852E+00  0.859841135789532452709374E-11
  0.491037233599133149386518E+00  0.520775751008380394256111E-26  0.157030806899960802672817E-10 -0.871138585541537224798958E+00
  0.871138585541537113776656E+00  0.246946556178644647037461E-26  0.312707225464973207829062E-11  0.491037233599133204897669E+00
      8
 -0.104867463601135058213861E-10  0.724928637296277544876943E+00  0.688823976664402648495411E+00  0.120443800977253305373715E-10
 -0.110364084382221574836721E-10 -0.688823976664402759517714E+00  0.724928637296277766921548E+00  0.126756854394113892981257E-10
 -0.470653513080810159685541E+00 -0.160115730781054614689996E-25 -0.225929981911111899705065E-10  0.882318123255264152859922E+00
  0.882318123255264152859922E+00  0.917875329717434876052576E-26  0.520294978550140000757118E-11  0.470653513080810159685541E+00
      9
  0.000000000000000000000000E+00  0.726857218096867208068090E+00 -0.686788602482949817051860E+00  0.000000000000000000000000E+00
  0.000000000000000000000000E+00  0.686788602482949817051860E+00  0.726857218096867208068090E+00  0.000000000000000000000000E+00
 -0.464667909542038404246966E+00  0.000000000000000000000000E+00  0.000000000000000000000000E+00  0.885485027452091788546795E+00
  0.885485027452091788546795E+00  0.000000000000000000000000E+00  0.000000000000000000000000E+00  0.464667909542038404246966E+00
     10
 -0.212034835347822658477119E-10 -0.711192949681427211139351E+00 -0.702996862242948328258763E+00  0.243270014149699876124004E-10
 -0.214506903352464069508551E-10  0.702996862242948439281065E+00 -0.711192949681427100117048E+00  0.246106246306937885361130E-10
 -0.437943750192179404034931E+00  0.919927359493097117378271E-26  0.443189771684892390110411E-10  0.899002375785297846988442E+00
 -0.899002375785297624943837E+00  0.729354200656006499014555E-26  0.119607994803862707572334E-10 -0.437943750192179515057234E+00
     11
  0.235199190537872335792712E-10  0.710540484828641294434703E+00  0.703656321949486462941081E+00 -0.270030004389596839848465E-10
  0.237500242182263462275346E-10 -0.703656321949486462941081E+00  0.710540484828641294434703E+00 -0.272671820393362299948114E-10
 -0.432814805626536514004954E+00  0.000000000000000000000000E+00  0.490616088258571565486651E-10  0.901482858422978261536684E+00
 -0.901482858422978261536684E+00  0.000000000000000000000000E+00  0.135229446184762122774620E-10 -0.432814805626536514004954E+00
     12
 -0.519550182304042196142411E-10 -0.710214018250058920500578E+00 -0.703985829602489343592708E+00  0.596167363172899777266055E-10
 -0.524146661964855376586629E-10  0.703985829602489343592708E+00 -0.710214018250058920500578E+00  0.601441677863951865147965E-10
 -0.427644105828677123515291E+00  0.237202245920708104899187E-25  0.108111037563151901883511E-09  0.903947188031464121671377E+00
 -0.903947188031464121671377E+00  0.206873338189569558230234E-25  0.304975552573109845887434E-10 -0.427644105828677123515291E+00
     13
  0.285824253667886668875585E-10 -0.709810278883702516772303E+00  0.704392907396887646420680E+00 -0.326995596193964534066874E-10
  0.288022481596930968176513E-10  0.704392907396887646420680E+00  0.709810278883702516772303E+00 -0.329510466233871261485258E-10
 -0.422412368367494628351722E+00  0.000000000000000000000000E+00  0.592177186610940331412917E-10  0.906403768223722816621546E+00
 -0.906403768223722816621546E+00  0.000000000000000000000000E+00  0.171700319853256830898908E-10 -0.422412368367494628351722E+00
     14
  0.000000000000000000000000E+00  0.709608322657516721321258E+00 -0.704596358502643571597446E+00  0.000000000000000000000000E+00
  0.000000000000000000000000E+00 -0.704596358502643571597446E+00 -0.709608322657516721321258E+00  0.000000000000000000000000E+00
  0.417130143211558945814943E+00  0.000000000000000000000000E+00  0.000000000000000000000000E+00 -0.908846765755539354181280E+00
  0.908846765755539354181280E+00  0.000000000000000000000000E+00  0.000000000000000000000000E+00  0.417130143211558945814943E+00
     15
  0.000000000000000000000000E+00 -0.709483474571012795450997E+00 -0.704722072387861997455616E+00  0.000000000000000000000000E+00
  0.000000000000000000000000E+00 -0.704722072387861997455616E+00  0.709483474571012795450997E+00  0.000000000000000000000000E+00
  0.411850932787452828076624E+00  0.000000000000000000000000E+00  0.000000000000000000000000E+00 -0.911251232735574956400626E+00
  0.911251232735574956400626E+00  0.000000000000000000000000E+00  0.000000000000000000000000E+00  0.411850932787452828076624E+00
     16
  0.000000000000000000000000E+00  0.709483474571013128517905E+00 -0.704722072387861664388709E+00  0.000000000000000000000000E+00
  0.000000000000000000000000E+00  0.704722072387861664388709E+00  0.709483474571013128517905E+00  0.000000000000000000000000E+00
  0.406687883659805127223308E+00  0.000000000000000000000000E+00  0.000000000000000000000000E+00 -0.913567165174136941452332E+00
  0.913567165174136941452332E+00  0.000000000000000000000000E+00  0.000000000000000000000000E+00  0.406687883659805127223308E+00
     17
  0.000000000000000000000000E+00 -0.707106781186548016826521E+00 -0.707106781186547017625799E+00  0.000000000000000000000000E+00
  0.000000000000000000000000E+00  0.707106781186547017625799E+00 -0.707106781186548016826521E+00  0.000000000000000000000000E+00
 -0.401833862184984957899303E+00  0.000000000000000000000000E+00  0.000000000000000000000000E+00  0.915712589845470326110899E+00
  0.915712589845470326110899E+00  0.000000000000000000000000E+00  0.000000000000000000000000E+00  0.401833862184984957899303E+00
     18
  0.000000000000000000000000E+00  0.707106781186547461715008E+00 -0.707106781186547350692706E+00  0.000000000000000000000000E+00
  0.000000000000000000000000E+00 -0.707106781186547350692706E+00 -0.707106781186547461715008E+00  0.000000000000000000000000E+00
  0.397584565422363589437538E+00  0.000000000000000000000000E+00  0.000000000000000000000000E+00 -0.917565536263165393293662E+00
  0.917565536263165393293662E+00  0.000000000000000000000000E+00  0.000000000000000000000000E+00  0.397584565422363589437538E+00
     19
  0.926855028818480763941222E-16 -0.709685466840488499151718E+00 -0.704518657066935283239673E+00  0.000000000000000000000000E+00
  0.933652412498145885932287E-16  0.704518657066935394261975E+00 -0.709685466840488388129415E+00  0.000000000000000000000000E+00
 -0.394362703224263588808185E+00  0.324143771618358837359233E-32  0.356842972865201729778435E-16  0.918954872834162328487650E+00
 -0.918954872834162217465348E+00  0.755328777270658577714558E-32  0.831525359954298079863884E-16 -0.394362703224263644319336E+00
     20
  0.000000000000000000000000E+00  0.709281423997113136259429E+00 -0.704925429795682290112779E+00  0.000000000000000000000000E+00
  0.000000000000000000000000E+00 -0.704925429795682290112779E+00 -0.709281423997113136259429E+00  0.000000000000000000000000E+00
  0.392738577908567199070689E+00  0.000000000000000000000000E+00  0.000000000000000000000000E+00 -0.919650155995396123564944E+00
  0.919650155995396123564944E+00  0.000000000000000000000000E+00  0.000000000000000000000000E+00  0.392738577908567199070689E+00
     21
  0.180015890829033866953712E-09 -0.708424877806746455810583E+00 -0.705786222948915020758420E+00 -0.182522778046355583968457E-09
  0.180688898872230777219916E-09  0.705786222948915242803025E+00 -0.708424877806746455810583E+00 -0.183205158346929439244041E-09
 -0.393435398129529989574849E+00 -0.183069139021977667920168E-24 -0.338101635706001129072761E-09  0.919352265183840167139806E+00
  0.919352265183839945095201E+00  0.221638240672538416420047E-24  0.132741870360404097525053E-09  0.393435398129530100597151E+00
     22
  0.908456043373056006801010E-10  0.707239440929170348759669E+00 -0.706974096551064912219431E+00 -0.121292264820608808277149E-09
  0.908797008770571689869668E-10 -0.706974096551064912219431E+00 -0.707239440929170348759669E+00 -0.121337788724150388755824E-09
 -0.397288596176565256268276E+00  0.622706027645419105844427E-25 -0.208495719361047064649836E-09  0.917693724152047418662903E+00
  0.917693724152047418662903E+00 -0.759900085607831763421842E-25  0.497619467546479397421307E-10  0.397288596176565256268276E+00
     23
  0.293270283727318303346479E-10  0.708689679812549155890622E+00  0.705520331193358773980151E+00 -0.449664111182385637612050E-10
 -0.294587716730572728827881E-10  0.705520331193358773980151E+00 -0.708689679812549155890622E+00  0.451684098795591462179172E-10
 -0.405078433881497612656375E+00 -0.237840854797780949850825E-25  0.751101306212583647402297E-10  0.914281938137308514136237E+00
 -0.914281938137308514136237E+00 -0.288791424090404946444632E-25  0.121871030035915408295564E-10 -0.405078433881497612656375E+00
     24
  0.681845015747413418920369E-11 -0.710276370122977618315474E+00 -0.703922920528183171384740E+00  0.618938875895080935702175E-10
  0.687999195150695905843884E-11  0.703922920528183171384740E+00 -0.710276370122977618315474E+00  0.624525278661036412519057E-10
 -0.417037636975390979543477E+00  0.000000000000000000000000E+00  0.758763531581999808614073E-10  0.908889217311979136226796E+00
  0.908889217311979136226796E+00  0.000000000000000000000000E+00  0.454728302598385148442606E-10  0.417037636975390979543477E+00
     25
  0.174360315182817113262163E-09  0.709483474570386629665109E+00 -0.704722072388492271066696E+00  0.222170967592527324494947E-09
  0.175538367662900904347450E-09 -0.704722072388492382088998E+00 -0.709483474570386518642806E+00  0.223672049183832310893264E-09
 -0.431638954617097669874681E+00  0.123879272144642754257949E-24  0.177584756769597469409581E-09  0.902046458258697003707027E+00
 -0.902046458258696892684725E+00  0.143226879052542931775655E-24 -0.359260221493215642918506E-09 -0.431638954617097725385833E+00
     26
 -0.102454510258936279625131E-08  0.707106781186547461715008E+00 -0.707106781186547572737311E+00 -0.637249745900529765751853E-09
  0.102454510258936238266100E-08  0.707106781186547683759613E+00  0.707106781186547350692706E+00  0.637249745900529558956700E-09
 -0.443348169637865274772537E+00  0.000000000000000000000000E+00 -0.165418087268296105884403E-09  0.896349485679974300467165E+00
 -0.896349485679974189444863E+00  0.000000000000000000000000E+00  0.169829237468431589460328E-08 -0.443348169637865330283688E+00
     27
 -0.890251834040558281734400E-09 -0.707106781186547239670404E+00  0.707106781186547905804218E+00 -0.815205152641363704563097E-09
 -0.890251834040552491470112E-09  0.707106781186547683759613E+00  0.707106781186547017625799E+00 -0.815205152641363704563097E-09
  0.441051773466987429017649E+00 -0.913419478932366990696514E-24 -0.479396561371238909843662E-09 -0.897481661718848355846490E+00
 -0.897481661718848244824187E+00  0.103037403627701771133943E-23 -0.163841209565881570920160E-08 -0.441051773466987484528801E+00
     28
  0.153893816159218633398776E-08  0.707106781186547683759613E+00  0.707106781186547461715008E+00  0.122316185360667323077964E-08
  0.153893816159218674757806E-08 -0.707106781186547461715008E+00  0.707106781186547683759613E+00  0.122316185360667364436995E-08
  0.414216037675368853321345E+00  0.000000000000000000000000E+00  0.672943301509781502126222E-09 -0.910178594635425053382960E+00
 -0.910178594635425053382960E+00  0.000000000000000000000000E+00  0.269741727090282629570244E-08 -0.414216037675368853321345E+00
     29
 -0.152147101318225922249777E-08  0.707106781186547461715008E+00  0.707106781186547572737311E+00 -0.181306564453129337062625E-08
  0.152147101318226067006384E-08  0.707106781186547572737311E+00 -0.707106781186547461715008E+00  0.181306564453129254344564E-08
  0.369046757782527157232266E+00 -0.932476588321687211777103E-24 -0.158899453899991617093742E-08 -0.929410829811125438482122E+00
 -0.929410829811125438482122E+00  0.124974685361942724181463E-23 -0.294605837331946053289680E-08 -0.369046757782527157232266E+00
     30
 -0.660488676682965908884749E-09  0.707106781186547572737311E+00  0.707106781186547683759613E+00 -0.908919205132078798025139E-09
  0.660488676682966115679902E-09  0.707106781186547572737311E+00 -0.707106781186547683759613E+00  0.908919205132078694627563E-09
 -0.327249574607617332855369E+00  0.000000000000000000000000E+00  0.908954060243646919006384E-09  0.944937942893147586609359E+00
 -0.944937942893147808653964E+00  0.000000000000000000000000E+00 -0.130328874419330084202017E-08 -0.327249574607617277344218E+00
     31
  0.200429228813159403420412E-09 -0.707106781186547683759613E+00 -0.707106781186547461715008E+00  0.285251284168632983449877E-09
 -0.200429228813159455119200E-09 -0.707106781186547461715008E+00  0.707106781186547683759613E+00 -0.285251284168633035148665E-09
 -0.301429664576649769536232E+00  0.000000000000000000000000E+00  0.299203013181873867678910E-09  0.953488414881485835117303E+00
 -0.953488414881485835117303E+00  0.000000000000000000000000E+00 -0.391864643299024088170782E-09 -0.301429664576649769536232E+00
     32
  0.793689562627598959526642E-09  0.707106781186547572737311E+00  0.707106781186547683759613E+00  0.683236288951848350417450E-09
  0.793689562627599062924218E-09 -0.707106781186547572737311E+00  0.707106781186547683759613E+00  0.683236288951848453815027E-09
  0.290069576489951297393333E+00  0.000000000000000000000000E+00  0.599111364987959655099698E-09 -0.957005559437843711378946E+00
  0.957005559437843933423551E+00  0.000000000000000000000000E+00 -0.135446510412961304359445E-08  0.290069576489951241882181E+00
     33
  0.249013716067038181689458E-09 -0.707106781186547461715008E+00 -0.707106781186547350692706E+00  0.247206424423627078953503E-09
  0.249013716067037819797940E-09  0.707106781186547461715008E+00 -0.707106781186547350692706E+00  0.247206424423627130652291E-09
 -0.287575008231941153802325E+00 -0.115934036044010462828454E-24  0.233562862322463466378107E-09  0.957758119067856905637370E+00
 -0.957758119067856794615068E+00 -0.194118476515525203399582E-24 -0.437819514281425983232267E-09 -0.287575008231941209313476E+00
     34
 -0.554603908037666997427233E-09  0.707106781186547239670404E+00 -0.707106781186547794781916E+00 -0.293527437461670134418161E-09
  0.554603908037664309090242E-09  0.707106781186547572737311E+00  0.707106781186547017625799E+00  0.293527437461670237815737E-09
 -0.289284426585745380045012E+00 -0.413110777302174546891375E-24 -0.170467699677625818357247E-09  0.957243187771506853778192E+00
  0.957243187771506853778192E+00  0.687681918667332005446800E-24 -0.870877985755497258798575E-09  0.289284426585745380045012E+00
     35
  0.221672044067440642112217E-09 -0.707106781186547794781916E+00 -0.707106781186547350692706E+00  0.205861651232506747752166E-09
  0.221672044067440771359188E-09  0.707106781186547350692706E+00 -0.707106781186547794781916E+00  0.205861651232506876999137E-09
  0.291982736559631306239027E+00  0.000000000000000000000000E+00 -0.186911698169707904725478E-09 -0.956423588976740401967902E+00
 -0.956423588976740401967902E+00  0.000000000000000000000000E+00 -0.384836388905388414812387E-09 -0.291982736559631306239027E+00
     36
 -0.450970610355807266401240E-09  0.707106781186547572737311E+00 -0.707106781186547461715008E+00 -0.309636386769761919644053E-09
  0.450970610355807369798816E-09  0.707106781186547461715008E+00  0.707106781186547572737311E+00  0.309636386769761971342841E-09
 -0.293422102891335800922690E+00  0.000000000000000000000000E+00 -0.231481831489602713540914E-09  0.955982986006982393689668E+00
  0.955982986006982393689668E+00  0.000000000000000000000000E+00 -0.738183262153284696950305E-09  0.293422102891335800922690E+00
     37
  0.283220723768495368937508E-09  0.707106781186546795581194E+00  0.707106781186548127848823E+00  0.221700297081346755174875E-09
  0.283220723768494541756895E-09 -0.707106781186548127848823E+00  0.707106781186546795581194E+00  0.221700297081346419132751E-09
  0.291931177797967067455431E+00 -0.104057449043698206442699E-24  0.182945354410823948207980E-09 -0.956439327625904223140196E+00
  0.956439327625904223140196E+00 -0.171015686555965966386617E-24 -0.474616778498052890977290E-09  0.291931177797967067455431E+00
     38
 -0.193822652060492172410702E-09  0.707106781186547572737311E+00 -0.707106781186547572737311E+00 -0.249272822748461707456869E-09
  0.193822652060492172410702E-09  0.707106781186547572737311E+00  0.707106781186547572737311E+00  0.249272822748461759155658E-09
  0.286224401209601519990855E+00  0.000000000000000000000000E+00  0.259320245502583923656067E-09 -0.958162612583169481794698E+00
 -0.958162612583169481794698E+00  0.000000000000000000000000E+00  0.363540083569729689479750E-09 -0.286224401209601519990855E+00
     39
 -0.975851828531263667216224E-10 -0.707106781186546795581194E+00 -0.707106781186548349893428E+00 -0.431612257562010264123238E-09
  0.975851828531266769143521E-10 -0.707106781186548349893428E+00  0.707106781186546795581194E+00  0.431612257562009178448684E-09
 -0.275348040264422222467289E+00 -0.200271920888535866054996E-24 -0.548797209040718319976795E-09  0.961344608723917470882725E+00
  0.961344608723917470882725E+00  0.345493045588296101152162E-24 -0.300741817726806118259385E-09  0.275348040264422222467289E+00
     40
  0.698910191247232142793683E-10  0.707106781186547350692706E+00  0.707106781186547683759613E+00 -0.332653660548255467570783E-09
 -0.698910191247231884299741E-10  0.707106781186547683759613E+00 -0.707106781186547350692706E+00  0.332653660548255364173207E-09
 -0.258701102961530982060623E+00  0.000000000000000000000000E+00  0.479998445523178396579386E-09  0.965957421073251665255555E+00
  0.965957421073251665255555E+00  0.000000000000000000000000E+00  0.262281748550122565748714E-10  0.258701102961530982060623E+00
     41
  0.170890365189274163709857E-09  0.707106781186547683759613E+00  0.707106781186547350692706E+00 -0.359034843292830555036865E-09
  0.170890365189274267107434E-09 -0.707106781186547350692706E+00  0.707106781186547683759613E+00 -0.359034843292830710133230E-09
 -0.236083873539603111835206E+00  0.000000000000000000000000E+00  0.550454840501744648957152E-09  0.971732681684904897601029E+00
  0.971732681684904897601029E+00  0.000000000000000000000000E+00 -0.114971908716262937743850E-09  0.236083873539603111835206E+00
     42
 -0.279755261087796998450818E-09  0.707106781186546906603496E+00 -0.707106781186548238871126E+00  0.382395843795673823405035E-09
 -0.279755261087796429764147E-09 -0.707106781186548238871126E+00 -0.707106781186546906603496E+00  0.382395843795673203019576E-09
  0.207731137389126907510928E+00  0.000000000000000000000000E+00 -0.611178022996701364293540E-09 -0.978185961133679171553013E+00
  0.978185961133679171553013E+00  0.000000000000000000000000E+00 -0.274664521048598906718223E-09  0.207731137389126907510928E+00
     43
 -0.391904130002174972584336E-09  0.707106781186549460116453E+00 -0.707106781186545685358169E+00  0.403022280545163198156764E-09
 -0.391904130002180504354683E-09 -0.707106781186545463313564E+00 -0.707106781186549349094150E+00  0.403022280545165679698602E-09
 -0.174285683286806936109770E+00  0.349912850212511178890181E-24  0.657831783914946123387299E-09  0.984695130789855599395821E+00
 -0.984695130789855821440426E+00  0.894152849942068951562873E-24  0.446417502270168885362596E-09 -0.174285683286806908354194E+00
     44
  0.744889617696342590089143E-09 -0.707106781186547683759613E+00 -0.707106781186547461715008E+00 -0.668498813796071924893237E-09
 -0.744889617696342796884296E-09 -0.707106781186547461715008E+00  0.707106781186547683759613E+00  0.668498813796072028290813E-09
 -0.136681298482583202247298E+00  0.000000000000000000000000E+00 -0.108051215308527810265024E-08  0.990615072894166615036227E+00
 -0.990615072894166615036227E+00  0.000000000000000000000000E+00 -0.914327986186046825127581E-09 -0.136681298482583202247298E+00
     45
  0.871795458728404990487814E-09 -0.707106781186547794781916E+00 -0.707106781186547350692706E+00 -0.722845678326227254056541E-09
 -0.871795458728405714270850E-09 -0.707106781186547239670404E+00  0.707106781186547905804218E+00  0.722845678326227977839577E-09
 -0.959447866607447963360755E-01  0.000000000000000000000000E+00 -0.113583292759713567264533E-08  0.995386657491763027216791E+00
 -0.995386657491763138239094E+00  0.000000000000000000000000E+00 -0.112913669672674899166860E-08 -0.959447866607447963360755E-01
     46
 -0.695163278567145063851297E-09  0.707106781186547572737311E+00 -0.707106781186547683759613E+00  0.460243442352651976790033E-09
  0.695163278567145167248873E-09  0.707106781186547461715008E+00  0.707106781186547683759613E+00 -0.460243442352651976790033E-09
 -0.529751333035932484016861E-01  0.000000000000000000000000E+00  0.702048911900118006062257E-09  0.998595831781540321792079E+00
  0.998595831781540432814381E+00  0.000000000000000000000000E+00 -0.947248186696300204312976E-09  0.529751333035932484016861E-01
     47
 -0.767038509529889529077705E-09  0.707106781186547905804218E+00 -0.707106781186547239670404E+00  0.480776797787503704193771E-09
  0.767038509529941021070836E-09  0.707106781186546684558891E+00  0.707106781186548127848823E+00 -0.480776797787504634771960E-09
 -0.838507941989628108325761E-02  0.187067889652738451270116E-24  0.688992931496625987881098E-09  0.999964844603610125695070E+00
 -0.999964844603610347739675E+00  0.817747584081574172477184E-23  0.107901682483120561052383E-08 -0.838507941989628108325761E-02
     48
  0.815947590895697923384565E-09  0.707106781186547461715008E+00  0.707106781186547683759613E+00 -0.500442648635345857297374E-09
  0.815947590895695441842727E-09 -0.707106781186547461715008E+00  0.707106781186547683759613E+00 -0.500442648635346064092527E-09
 -0.375320367876020785646851E-01  0.189951544407229659194596E-24 -0.663925002205170620835123E-09 -0.999295424894247275027226E+00
  0.999295424894247386049528E+00 -0.171910417995297349020032E-23 -0.117967388671310527497891E-08 -0.375320367876020785646851E-01
     49
  0.838002150747683245305849E-09 -0.707106781186547794781916E+00  0.707106781186547350692706E+00 -0.515249086175578655910725E-09
 -0.838002150747678902607633E-09 -0.707106781186547128648101E+00 -0.707106781186547794781916E+00  0.515249086175579172898608E-09
 -0.846966044905999720926459E-01 -0.187978551131908121030900E-24 -0.625678829366291156592024E-09 -0.996406787004064375956602E+00
  0.996406787004064709023510E+00  0.689403205553968365702510E-24 -0.124257181545214240358241E-08 -0.846966044905999582148581E-01
     50
 -0.830614536159542431065663E-09  0.707106781186547461715008E+00 -0.707106781186547350692706E+00  0.519341174197533941255029E-09
 -0.830614536159541707282627E-09 -0.707106781186547461715008E+00 -0.707106781186547461715008E+00  0.519341174197534148050182E-09
  0.133036141300372223739146E+00  0.188843947230859977446945E-24  0.571657797727602705429797E-09  0.991111187056178510879079E+00
  0.991111187056178399856776E+00  0.396755981012326301318254E-24 -0.126193447819675878155156E-08 -0.133036141300372251494721E+00
     51
 -0.820908607082440583329076E-23  0.999999999999999888977698E+00 -0.603665285310236616642873E-14  0.389755373466902734633028E-23
 -0.112125707706442299756230E-08 -0.581460824817733564720491E-14 -0.999999999999999666933093E+00  0.715679489108858739044670E-09
  0.182256034636255837000363E+00  0.358062764222683109424817E-24  0.499336821144537712714305E-09  0.983251106197530755359537E+00
  0.983251106197530533314932E+00  0.484063440925228133906670E-24 -0.123291394878528201669119E-08 -0.182256034636255864755938E+00
     52
  0.000000000000000000000000E+00  0.100000000000000000000000E+01  0.000000000000000000000000E+00  0.000000000000000000000000E+00
 -0.110321256699235023156041E-08  0.000000000000000000000000E+00  0.100000000000000000000000E+01  0.161244757570176866020714E-08
  0.231692257791024230906274E+00  0.000000000000000000000000E+00 -0.131296564331084115115114E-08  0.972789133203952660622349E+00
 -0.972789133203952660622349E+00  0.000000000000000000000000E+00 -0.144678492416949180575022E-08  0.231692257791024230906274E+00
     53
  0.000000000000000000000000E+00 -0.100000000000000000000000E+01  0.000000000000000000000000E+00  0.000000000000000000000000E+00
 -0.892879175183295435470189E-09  0.000000000000000000000000E+00 -0.999999999999999888977698E+00  0.573288938066117721924708E-09
  0.280338729137853792661161E+00  0.000000000000000000000000E+00  0.299992153716088458065393E-09  0.959901139152034232893129E+00
  0.959901139152034121870827E+00  0.000000000000000000000000E+00 -0.101779061656895028504188E-08 -0.280338729137853848172313E+00
     54
  0.000000000000000000000000E+00 -0.100000000000000000000000E+01  0.000000000000000000000000E+00  0.000000000000000000000000E+00
 -0.726812064625077794415934E-09  0.000000000000000000000000E+00 -0.100000000000000000000000E+01  0.441462761144291709807857E-09
  0.327071376306539485234737E+00  0.000000000000000000000000E+00  0.179462726940654906510807E-09  0.944999637460748553863255E+00
  0.944999637460748553863255E+00  0.000000000000000000000000E+00 -0.831226970448345311714960E-09 -0.327071376306539485234737E+00
     55
 -0.167700385814948354877039E-23  0.100000000000000000000000E+01 -0.304704605030314938801466E-14  0.752301125329276598710050E-24
  0.534405464289639603209755E-09  0.304704605030314938801466E-14  0.100000000000000000000000E+01 -0.267504435321653176379063E-09
 -0.370975457563012256390067E+00 -0.763625642393922201642999E-25 -0.501646804215402727684730E-10 -0.928642670722121144066818E+00
  0.928642670722121144066818E+00  0.218783417524030610901986E-25 -0.595509401000059250396045E-09 -0.370975457563012256390067E+00
     56
  0.000000000000000000000000E+00 -0.100000000000000000000000E+01  0.000000000000000000000000E+00  0.000000000000000000000000E+00
 -0.323720057749620043535124E-09  0.000000000000000000000000E+00 -0.100000000000000000000000E+01  0.489403083813457828876990E-10
 -0.411616425301401245295807E+00  0.000000000000000000000000E+00  0.886464369945593135805060E-10 -0.911357184874347803216210E+00
  0.911357184874347803216210E+00  0.000000000000000000000000E+00 -0.315169336488105825061895E-09 -0.411616425301401245295807E+00
     57
  0.101636645192438976238055E-21  0.100000000000000000000000E+01  0.820081168729413803521388E-13 -0.870980774273028605998516E-23
 -0.123908485219639233290592E-08  0.820081168729413929739132E-13 -0.999999999999999888977698E+00  0.106611557122153232593728E-09
 -0.449139679232227972960345E+00  0.393824628856594528327025E-25  0.461268745823475663924723E-09 -0.893461554035298810561017E+00
  0.893461554035298699538714E+00 -0.441159584346024637962671E-26 -0.115495795980496169082542E-08 -0.449139679232228028471496E+00
     58
 -0.979960423773822332014551E-10  0.000000000000000000000000E+00  0.100000000000000000000000E+01  0.550294282419961972332309E-09
  0.000000000000000000000000E+00 -0.100000000000000000000000E+01  0.000000000000000000000000E+00  0.000000000000000000000000E+00
 -0.484189013395270873019172E+00  0.000000000000000000000000E+00  0.434038764355661211561560E-09 -0.874963427411291405633165E+00
 -0.874963427411291405633165E+00  0.000000000000000000000000E+00 -0.352189398793236560430718E-09  0.484189013395270873019172E+00
     59
  0.171419514917709098921640E-08  0.000000000000000000000000E+00  0.100000000000000000000000E+01 -0.994126092546615840110697E-09
  0.000000000000000000000000E+00 -0.100000000000000000000000E+01  0.000000000000000000000000E+00  0.000000000000000000000000E+00
  0.517704790227468514274278E+00  0.000000000000000000000000E+00 -0.369132537776053089510952E-10  0.855559320079871898911961E+00
  0.855559320079871898911961E+00  0.000000000000000000000000E+00 -0.198125957150183096940634E-08 -0.517704790227468514274278E+00
     60
  0.391458100218642059567568E-09 -0.107841867106672347422829E-14 -0.100000000000000000000000E+01 -0.125154297181149886263301E-08
  0.393407238972987265595915E-26 -0.100000000000000000000000E+01  0.107841867106672347422829E-14  0.198412278371444507131276E-23
 -0.550663651720406654987983E+00 -0.764212728030751667684730E-24  0.829135246754018401494473E-09 -0.834727226508125030868257E+00
 -0.834727226508125030868257E+00 -0.630819857071354911487011E-26 -0.101593995743237671923054E-08  0.550663651720406654987983E+00
     61
  0.167704656515502400210955E-08  0.000000000000000000000000E+00  0.100000000000000000000000E+01 -0.187675047061935766888754E-08
 -0.583795821120329239128921E+00  0.000000000000000000000000E+00 -0.544681888953082960101265E-09 -0.811900510679997466922941E+00
  0.000000000000000000000000E+00 -0.100000000000000000000000E+01  0.000000000000000000000000E+00  0.000000000000000000000000E+00
  0.811900510679997466922941E+00  0.000000000000000000000000E+00 -0.245723404471670421577443E-08 -0.583795821120329239128921E+00
     62
 -0.193227347804151584086233E-14  0.000000000000000000000000E+00  0.999999999999999888977698E+00 -0.275636213839108435624677E-14
  0.584609518688431806232586E+00  0.000000000000000000000000E+00  0.349571226474518466051491E-14  0.811314803672951723179096E+00
  0.000000000000000000000000E+00 -0.100000000000000000000000E+01  0.000000000000000000000000E+00  0.000000000000000000000000E+00
  0.811314803672951612156794E+00  0.000000000000000000000000E+00  0.136434609475284128557206E-15 -0.584609518688431917254889E+00
     63
  0.351979913500660106467573E-08  0.000000000000000000000000E+00  0.100000000000000000000000E+01 -0.366503322294480638841474E-08
 -0.585420808825854899204444E+00  0.000000000000000000000000E+00 -0.910787179854528259779888E-09 -0.810729595237328126700049E+00
  0.000000000000000000000000E+00 -0.100000000000000000000000E+01  0.000000000000000000000000E+00  0.000000000000000000000000E+00
  0.810729595237328126700049E+00  0.000000000000000000000000E+00 -0.499919213179964408207777E-08 -0.585420808825854899204444E+00
     64
  0.626074531814094978152292E-09  0.000000000000000000000000E+00  0.100000000000000000000000E+01 -0.151727571777907249558025E-08
  0.586229687894437856421348E+00  0.000000000000000000000000E+00  0.862189701682937632101686E-09  0.810144896318670926227412E+00
  0.000000000000000000000000E+00  0.100000000000000000000000E+01  0.000000000000000000000000E+00  0.000000000000000000000000E+00
  0.810144896318670926227412E+00  0.000000000000000000000000E+00 -0.139668315714771725277900E-08 -0.586229687894437856421348E+00
     65
  0.231241162888855163821699E-08  0.980163304531912749173669E-15 -0.100000000000000000000000E+01 -0.524592428362834220102170E-09
  0.587036158141683750422146E+00  0.315741213257310723267836E-23  0.932780013523007105290336E-09  0.809560713618350025200243E+00
 -0.351551363679182915123023E-23  0.999999999999999888977698E+00  0.758118699606881441088942E-15 -0.204233009906304594309738E-23
 -0.809560713618350136222546E+00  0.680584902566544355031304E-27 -0.217999260183660362891761E-08  0.587036158141683528377541E+00
     66
  0.171434893496126012422136E-08  0.189569893768221445722887E-14 -0.999999999999999777955395E+00 -0.355983414235078230138790E-09
  0.587840240512419565099833E+00  0.337495161859374162253548E-23  0.719780881427669029607207E-09  0.808977040239276967703574E+00
 -0.479115535027346892699349E-23  0.999999999999999888977698E+00  0.167365433275717999370052E-14 -0.205591800333890070870844E-23
 -0.808977040239276967703574E+00  0.845488521815900092345500E-27 -0.159613030318469834006421E-08  0.587840240512419565099833E+00
     67
 -0.177119257501357853733927E-08  0.000000000000000000000000E+00  0.100000000000000022204460E+01  0.262886840732711721528167E-09
 -0.588641946854311592929321E+00  0.000000000000000000000000E+00 -0.830082198889994207459271E-09 -0.808393875783065318785248E+00
  0.000000000000000000000000E+00  0.100000000000000000000000E+01  0.000000000000000000000000E+00  0.000000000000000000000000E+00
 -0.808393875783065318785248E+00  0.000000000000000000000000E+00 -0.158656754195444749705766E-08  0.588641946854311592929321E+00
     68
  0.183589771750767587919578E-08 -0.912450775814216003637531E-15 -0.100000000000000000000000E+01 -0.159436649916361479780745E-09
 -0.589441269183131222320071E+00  0.531640457476905217375423E-24 -0.953359032861940410285329E-09 -0.807811234252024612523257E+00
  0.198840666183472118008488E-23  0.100000000000000000000000E+01 -0.912450775814216398067984E-15  0.284082233485306326883828E-24
 -0.807811234252024501500955E+00 -0.161499146662419832892736E-27 -0.157703716305123180597142E-08  0.589441269183131333342374E+00
     69
 -0.114030971932740947465889E-08  0.000000000000000000000000E+00  0.100000000000000000000000E+01  0.141937612729067577287443E-09
 -0.590238238287560723627223E+00  0.000000000000000000000000E+00 -0.558478228267218840388379E-09 -0.807229101348060140708185E+00
  0.000000000000000000000000E+00  0.100000000000000000000000E+01  0.000000000000000000000000E+00  0.000000000000000000000000E+00
 -0.807229101348060140708185E+00  0.000000000000000000000000E+00 -0.100426819647507045857614E-08  0.590238238287560723627223E+00
     70
  0.118445458149080229719319E-08  0.905884952533991952875893E-15 -0.100000000000000000000000E+01 -0.712306594765681755425725E-10
  0.591032848135255250987541E+00  0.186147036063194666116493E-24  0.642593532138368133959316E-09  0.806647489567238529240001E+00
 -0.118294833155404313893261E-23  0.100000000000000000000000E+01  0.905884952533991952875893E-15 -0.856650850854920082940993E-25
 -0.806647489567238529240001E+00  0.623118220009533829056505E-28 -0.997536974210958532602754E-09  0.591032848135255250987541E+00
     71
 -0.185992771883582557612561E-08 -0.902642789791073049877205E-15 -0.100000000000000000000000E+01  0.170462286446440189365247E-08
 -0.591825103896122417523884E+00 -0.401849056585198709016324E-23 -0.273287437175876777705767E-09 -0.806066403218955507270493E+00
  0.405598662122571586098700E-23 -0.100000000000000000000000E+01  0.902642789791073049877205E-15  0.170131770878643791787668E-23
  0.806066403218955618292796E+00 -0.137373341764314656595350E-26 -0.250806367145186010416823E-08 -0.591825103896122528546186E+00
     72
 -0.129755045760515073679845E-08  0.899427488651845550008264E-15  0.999999999999999777955395E+00 -0.102966038030048946305800E-09
  0.592615015717966153729890E+00  0.221035197534896000343695E-24  0.851885439176396422529217E-09  0.805485842920652950205351E+00
  0.103612490541235310928046E-23  0.100000000000000000000000E+01 -0.899427488651845550008264E-15 -0.854752143892850607519559E-25
 -0.805485842920652728160746E+00  0.758957980490962037137674E-28 -0.984139124976783527376597E-09  0.592615015717966153729890E+00
     73
 -0.381308765303046797839593E-09  0.156445768685769920233663E-14  0.100000000000000000000000E+01  0.199457978819594110546125E-09
  0.593402593359185437371650E+00 -0.392958270332466759575760E-24  0.657247242949602958217551E-10  0.804905809517233783445533E+00
 -0.835489810831049969465498E-24 -0.100000000000000000000000E+01  0.156445768685769920233663E-14  0.000000000000000000000000E+00
 -0.804905809517233783445533E+00  0.716347816238634792517717E-26 -0.425276522309994360845639E-09  0.593402593359185437371650E+00
     74
  0.184009994786068911616942E-08 -0.144623625737022399118303E-14  0.100000000000000000000000E+01 -0.169903286581974541473710E-08
 -0.594187858026847259829140E+00  0.309235208668496620186480E-23 -0.273211764049024658511764E-09 -0.804326295338817831570566E+00
  0.453934440285267277266372E-23  0.100000000000000000000000E+01  0.144623625737022379396780E-14  0.000000000000000000000000E+00
  0.804326295338817831570566E+00 -0.505852893969535327285208E-25 -0.248958547337457447018037E-08 -0.594187858026847259829140E+00
     75
  0.182990492431163391885468E-08 -0.134451643303159093616705E-14  0.100000000000000022204460E+01 -0.170196515934063821887470E-08
  0.594970797470923185024105E+00 -0.287793288489960617303877E-23  0.279209938939580202778186E-09  0.803747317355904988822601E+00
 -0.420614010698885522841936E-23 -0.100000000000000000000000E+01 -0.134451643303159054173659E-14  0.000000000000000000000000E+00
  0.803747317355905099844904E+00 -0.417007199229248425669671E-25 -0.248340074205248275158856E-08 -0.594970797470923296046408E+00
     76
  0.172844476702423762968593E-08  0.000000000000000000000000E+00 -0.100000000000000000000000E+01  0.722840713329632662864142E-09
 -0.595751427511900688571700E+00  0.000000000000000000000000E+00 -0.161028666368299917735495E-08 -0.803168871793181859963795E+00
  0.000000000000000000000000E+00  0.100000000000000000000000E+01  0.000000000000000000000000E+00  0.000000000000000000000000E+00
 -0.803168871793181859963795E+00  0.000000000000000000000000E+00 -0.957599735827494155511534E-09  0.595751427511900688571700E+00
     77
  0.193033267256202278409180E-08  0.000000000000000000000000E+00 -0.999999999999999888977698E+00  0.100288380159646326215039E-08
