      1
  0.281687570879731457851359E-24  0.100000000000000000000000E+01 -0.943194905189891908143909E-13 -0.361710036053365970050682E-24
  0.299983920810030207136645E-11 -0.943194905189891908143909E-13 -0.100000000000000000000000E+01 -0.384528030452396721423982E-11
 -0.666566116721526991106828E+00 -0.156372317430852806862137E-26 -0.486596566267422777940889E-11  0.745445914898447692387151E+00
  0.745445914898447692387151E+00  0.286284999334641990033041E-27 -0.326998438383580786470151E-12  0.666566116721526991106828E+00
      2
  0.000000000000000000000000E+00  0.708424877806783537259605E+00  0.705786222948878383398608E+00  0.000000000000000000000000E+00
  0.000000000000000000000000E+00  0.705786222948878383398608E+00 -0.708424877806783537259605E+00  0.000000000000000000000000E+00
 -0.626735824321315693197221E+00  0.000000000000000000000000E+00  0.000000000000000000000000E+00  0.779231805377758601771632E+00
  0.779231805377758601771632E+00  0.000000000000000000000000E+00  0.000000000000000000000000E+00  0.626735824321315693197221E+00
      3
  0.333116040591712619097725E-11 -0.708097430484898704428076E+00 -0.706114742050245047799706E+00 -0.419764363596261975757974E-11
 -0.334051391862189031241063E-11 -0.706114742050245047799706E+00  0.708097430484898704428076E+00  0.420943013324726115543730E-11
 -0.608799414634143554181378E+00  0.000000000000000000000000E+00 -0.758807698391894286599894E-11  0.793324191450836879724307E+00
  0.793324191450836879724307E+00  0.000000000000000000000000E+00  0.123358074505778255053688E-12  0.608799414634143554181378E+00
      4
 -0.440987683041770259590426E-11  0.708097430484898704428076E+00 -0.706114742050245047799706E+00  0.550526267332010789328385E-11
 -0.442225925393789322168940E-11 -0.706114742050245047799706E+00 -0.708097430484898704428076E+00  0.552072081345244555630341E-11
  0.576614424155609373023879E+00  0.000000000000000000000000E+00 -0.997102607721247946247158E-11 -0.817016404887744518426018E+00
 -0.817016404887744518426018E+00  0.000000000000000000000000E+00  0.606881321496748229532072E-12 -0.576614424155609373023879E+00
      5
  0.000000000000000000000000E+00 -0.707894980733817624773963E+00  0.706317702066051933407209E+00  0.000000000000000000000000E+00
  0.000000000000000000000000E+00 -0.706317702066051933407209E+00 -0.707894980733817624773963E+00  0.000000000000000000000000E+00
 -0.562239781559007112399229E+00  0.000000000000000000000000E+00  0.000000000000000000000000E+00  0.826974260804095306909289E+00
  0.826974260804095306909289E+00  0.000000000000000000000000E+00  0.000000000000000000000000E+00  0.562239781559007112399229E+00
      6
  0.000000000000000000000000E+00  0.707769827694942899043440E+00  0.706443112362680536442383E+00  0.000000000000000000000000E+00
  0.000000000000000000000000E+00 -0.706443112362680536442383E+00  0.707769827694942899043440E+00  0.000000000000000000000000E+00
  0.525176035058204648819924E+00  0.000000000000000000000000E+00  0.000000000000000000000000E+00 -0.850993614664965147831310E+00
  0.850993614664965147831310E+00  0.000000000000000000000000E+00  0.000000000000000000000000E+00  0.525176035058204648819924E+00
      7
  0.856305823518298214350451E-11  0.707769827694677333695950E+00 -0.706443112362946545879083E+00 -0.104098597151891177928191E-10
  0.857913984239000182575136E-11 -0.706443112362946545879083E+00 -0.707769827694677333695950E+00 -0.104294096552247941352484E-10
  0.514610341236045987223235E+00  0.642388795779789925166068E-26  0.188724376369937498718693E-10 -0.857424163814456741228298E+00
  0.857424163814456741228298E+00  0.286070843272434226860987E-26  0.281006573919786325520335E-11  0.514610341236045987223235E+00
      8
  0.125048574408088583892775E-10  0.707302065672874236135215E+00 -0.706911442752828134139520E+00 -0.149821375258790587306371E-10
  0.125117673359284878887408E-10 -0.706911442752828245161822E+00 -0.707302065672874125112912E+00 -0.149904163087009894127599E-10
 -0.487299782687088900434702E+00  0.000000000000000000000000E+00 -0.271273213326641756522162E-10  0.873234746098158876037587E+00
  0.873234746098158765015285E+00  0.000000000000000000000000E+00  0.511948244284998741616615E-11  0.487299782687088955945853E+00
      9
  0.104852918468483323044816E-15 -0.707769827694942565976532E+00 -0.706443112362680758486988E+00  0.412600379443694988660324E-16
 -0.105049834500546073002776E-15 -0.706443112362680869509290E+00  0.707769827694942454954230E+00 -0.413375251814768402515462E-16
  0.479422232329995146038470E+00  0.000000000000000000000000E+00 -0.865510846558685741166380E-16 -0.877584368108117685025604E+00
 -0.877584368108117574003302E+00  0.000000000000000000000000E+00  0.366077229144024280993428E-16 -0.479422232329995201549622E+00
     10
  0.251873150200743907884866E-10 -0.710866792766273292158985E+00  0.703326668726696468958437E+00 -0.297565336071896453614384E-10
  0.254573395874906679792118E-10  0.703326668726696468958437E+00  0.710866792766273292158985E+00 -0.300755432002600258523259E-10
 -0.445972430440672362728094E+00  0.000000000000000000000000E+00  0.538389014995755731346728E-10  0.895046697824666392939719E+00
 -0.895046697824666392939719E+00  0.000000000000000000000000E+00  0.131848114593572192241175E-10 -0.445972430440672362728094E+00
     11
 -0.281621329389987803440962E-10  0.709483474570982597384727E+00 -0.704722072387892417566491E+00  0.332207823941877785794621E-10
 -0.283524082922339293749187E-10 -0.704722072387892417566491E+00 -0.709483474570982597384727E+00  0.334452361356176066921375E-10
 -0.439972664879244024227489E+00 -0.129525371946916930117778E-25  0.599146867447220989564393E-10  0.898011165943417566381868E+00
 -0.898011165943417566381868E+00 -0.105978082039863334309286E-25  0.151459335458199597994342E-10 -0.439972664879244024227489E+00
     12
 -0.627315224812765045960782E-10  0.708954375852419937942273E+00 -0.705254346289128197788898E+00  0.738382196540121218076832E-10
 -0.630606356430064432748227E-10 -0.705254346289128308811200E+00 -0.708954375852419826919970E+00  0.742256027265988939302173E-10
 -0.434058014778891498863800E+00 -0.295236094255931628898349E-25  0.132929243490260316195021E-09  0.900884920401161748415575E+00
 -0.900884920401161637393272E+00 -0.253738937089098746451309E-25  0.346881274887429056178436E-10 -0.434058014778891554374951E+00
     13
  0.348402966078293898501902E-10  0.708424877806783537259605E+00  0.705786222948878383398608E+00 -0.408573581301945141344226E-10
  0.349705506633860403301077E-10 -0.705786222948878383398608E+00  0.708424877806783537259605E+00 -0.410101075931423300716315E-10
 -0.428189967150402028828182E+00  0.000000000000000000000000E+00  0.734508531930184054126075E-10  0.903688747319417395864605E+00
 -0.903688747319417395864605E+00  0.000000000000000000000000E+00  0.198219697512563100993168E-10 -0.428189967150402028828182E+00
     14
  0.000000000000000000000000E+00  0.708097430484898704428076E+00 -0.706114742050245047799706E+00  0.000000000000000000000000E+00
  0.000000000000000000000000E+00 -0.706114742050245047799706E+00 -0.708097430484898704428076E+00  0.000000000000000000000000E+00
  0.422354693352966603647758E+00  0.000000000000000000000000E+00  0.000000000000000000000000E+00 -0.906430644342258284851255E+00
  0.906430644342258284851255E+00  0.000000000000000000000000E+00  0.000000000000000000000000E+00  0.422354693352966603647758E+00
     15
  0.000000000000000000000000E+00  0.708097430484898704428076E+00 -0.706114742050245047799706E+00  0.000000000000000000000000E+00
  0.000000000000000000000000E+00  0.706114742050245047799706E+00  0.708097430484898704428076E+00  0.000000000000000000000000E+00
  0.416574246136961923170361E+00  0.000000000000000000000000E+00  0.000000000000000000000000E+00 -0.909101698081915210458703E+00
  0.909101698081915210458703E+00  0.000000000000000000000000E+00  0.000000000000000000000000E+00  0.416574246136961923170361E+00
     16
  0.000000000000000000000000E+00  0.707769827694942899043440E+00 -0.706443112362680536442383E+00  0.000000000000000000000000E+00
  0.000000000000000000000000E+00  0.706443112362680536442383E+00  0.707769827694942899043440E+00  0.000000000000000000000000E+00
  0.410920956540518522714933E+00  0.000000000000000000000000E+00  0.000000000000000000000000E+00 -0.911670975448832132670418E+00
  0.911670975448832132670418E+00  0.000000000000000000000000E+00  0.000000000000000000000000E+00  0.410920956540518522714933E+00
     17
  0.000000000000000000000000E+00  0.708299822045474480880500E+00 -0.705911724006868412928384E+00  0.000000000000000000000000E+00
  0.000000000000000000000000E+00 -0.705911724006868412928384E+00 -0.708299822045474480880500E+00  0.000000000000000000000000E+00
  0.405534663325681332679551E+00  0.000000000000000000000000E+00  0.000000000000000000000000E+00 -0.914079666572518378941936E+00
  0.914079666572518378941936E+00  0.000000000000000000000000E+00  0.000000000000000000000000E+00  0.405534663325681332679551E+00
     18
  0.000000000000000000000000E+00  0.707972313402312591890109E+00 -0.706240188219119824353243E+00  0.000000000000000000000000E+00
  0.000000000000000000000000E+00 -0.706240188219119824353243E+00 -0.707972313402312591890109E+00  0.000000000000000000000000E+00
  0.400642566399775856833543E+00  0.000000000000000000000000E+00  0.000000000000000000000000E+00 -0.916234431785119651792115E+00
  0.916234431785119651792115E+00  0.000000000000000000000000E+00  0.000000000000000000000000E+00  0.400642566399775856833543E+00
     19
  0.000000000000000000000000E+00  0.707239440929191776064044E+00 -0.706974096551043484915056E+00  0.000000000000000000000000E+00
  0.000000000000000000000000E+00 -0.706974096551043484915056E+00 -0.707239440929191776064044E+00  0.000000000000000000000000E+00
  0.396579912416458291168908E+00  0.000000000000000000000000E+00  0.000000000000000000000000E+00 -0.918000203195922126475637E+00
  0.918000203195922126475637E+00  0.000000000000000000000000E+00  0.000000000000000000000000E+00  0.396579912416458291168908E+00
     20
  0.000000000000000000000000E+00 -0.707832408520189360068287E+00 -0.706380408454614361346557E+00  0.000000000000000000000000E+00
  0.000000000000000000000000E+00  0.706380408454614361346557E+00 -0.707832408520189360068287E+00  0.000000000000000000000000E+00
  0.393807549131686973620248E+00  0.000000000000000000000000E+00  0.000000000000000000000000E+00 -0.919192914597852017699608E+00
  0.919192914597852017699608E+00  0.000000000000000000000000E+00  0.000000000000000000000000E+00  0.393807549131686973620248E+00
     21
  0.264605833474046969170907E-09 -0.709421055710442782782366E+00 -0.704784907411247663056031E+00 -0.306147732344185077274064E-09
  0.266346438120823624374813E-09  0.704784907411247663056031E+00 -0.709421055710442782782366E+00 -0.308161603915049811844213E-09
 -0.392917179123717708044694E+00  0.153037601459863264033885E-24 -0.546966309706386995836906E-09  0.919573863454948625673069E+00
  0.919573863454948625673069E+00 -0.185075952352145521013553E-24  0.174569335899673566444839E-09  0.392917179123717708044694E+00
     22
  0.145804620362679647813973E-09  0.707106781186547461715008E+00 -0.707106781186547794781916E+00 -0.235021778299240870018973E-09
  0.145804620362679570265791E-09 -0.707106781186547794781916E+00 -0.707106781186547461715008E+00 -0.235021778299240818320185E-09
 -0.394600839690345261967508E+00  0.000000000000000000000000E+00 -0.386766206702538239503164E-09  0.918852641785218193781759E+00
 -0.918852641785218193781759E+00  0.000000000000000000000000E+00 -0.583125075864070089705968E-10 -0.394600839690345261967508E+00
     23
  0.361192094177515701850750E-10 -0.707106781186547683759613E+00  0.707106781186547239670404E+00 -0.889797523445349276851854E-10
 -0.361192094177515895721206E-10 -0.707106781186547239670404E+00 -0.707106781186547683759613E+00  0.889797523445349923086708E-10
 -0.399523814153932677051273E+00  0.000000000000000000000000E+00  0.135764860453774836506488E-09  0.916722816299394671624157E+00
  0.916722816299394671624157E+00  0.000000000000000000000000E+00  0.344817320959740553439301E-11  0.399523814153932677051273E+00
     24
 -0.242755658628932449778496E-10  0.707106781186547572737311E+00  0.707106781186547461715008E+00 -0.117786438627282943681537E-09
 -0.242755658628932482090239E-10 -0.707106781186547461715008E+00  0.707106781186547572737311E+00 -0.117786438627282943681537E-09
  0.407950941693509483432223E+00  0.000000000000000000000000E+00 -0.138078483374030871342602E-09 -0.913003849483329799063824E+00
  0.913003849483329799063824E+00  0.000000000000000000000000E+00  0.992986851577210533478576E-10  0.407950941693509483432223E+00
     25
  0.324104649805097720037906E-09  0.707106781186547128648101E+00 -0.707106781186547794781916E+00  0.368576843028766965356227E-09
  0.324104649805097358146388E-09 -0.707106781186547794781916E+00 -0.707106781186547128648101E+00  0.368576843028766551765921E-09
  0.418815534113671616989194E+00  0.000000000000000000000000E+00 -0.281363403775752187690508E-09 -0.908071334414361830411622E+00
  0.908071334414361830411622E+00  0.000000000000000000000000E+00  0.634523571883080673688455E-09  0.418815534113671616989194E+00
     26
 -0.169867066588652032960558E-08 -0.709281423997150328730754E+00 -0.704925429795644764574547E+00 -0.876170390421137672826448E-09
  0.170916737838703969708770E-08 -0.704925429795644875596849E+00  0.709281423997150217708452E+00  0.881584570388104622049321E-09
 -0.427929490104931364857777E+00 -0.479000439071831312272308E-24 -0.921830571762157325311375E-10  0.903812121792208267301305E+00
  0.903812121792208156279003E+00  0.552762693131170198451904E-24 -0.270981601131662200140246E-08  0.427929490104931420368928E+00
     27
  0.160230117442631167887367E-08  0.707106781186547461715008E+00 -0.707106781186547683759613E+00  0.107982805737734572469214E-08
  0.160230117442631167887367E-08 -0.707106781186547572737311E+00 -0.707106781186547572737311E+00  0.107982805737734572469214E-08
 -0.426472598138892988739457E+00  0.000000000000000000000000E+00  0.414883995709087221189146E-09  0.904500482607202505036526E+00
  0.904500482607202727081130E+00  0.000000000000000000000000E+00  0.270086452085259241911780E-08  0.426472598138892877717154E+00
     28
  0.268155923809877490800916E-08  0.707106781186547350692706E+00  0.707106781186547572737311E+00  0.149930185849098515785794E-08
  0.268155923809877408082855E-08 -0.707106781186547572737311E+00  0.707106781186547350692706E+00  0.149930185849098495106278E-08
  0.405092165366348289090581E+00  0.000000000000000000000000E+00  0.402339302370676435716071E-09 -0.914275854192159731503864E+00
  0.914275854192159731503864E+00  0.000000000000000000000000E+00 -0.432613627921990838797415E-08  0.405092165366348289090581E+00
     29
 -0.290226732612280971440518E-08  0.707106781186547683759613E+00  0.707106781186547461715008E+00 -0.227438536845077538874641E-08
 -0.290226732612281260953732E-08 -0.707106781186547461715008E+00  0.707106781186547683759613E+00 -0.227438536845077456156580E-08
  0.366324763413022946867414E+00 -0.114931079427919185966472E-23 -0.148932784603975701433973E-08 -0.930487059399749405486091E+00
 -0.930487059399749405486091E+00  0.153690197529923790224879E-23 -0.499738627857457778053439E-08 -0.366324763413022946867414E+00
     30
 -0.130932773131263770046374E-08  0.707106781186548127848823E+00  0.707106781186546573536589E+00 -0.113026629733603063900660E-08
  0.130932773131264700624563E-08  0.707106781186546684558891E+00 -0.707106781186548349893428E+00  0.113026629733603291375329E-08
 -0.326145649034931595089404E+00  0.555689561778135389958491E-24  0.907120791931229712032890E-09  0.945319530960607501413051E+00
 -0.945319530960607501413051E+00  0.832291318656933722337459E-24 -0.227174247893595719046069E-08 -0.326145649034931595089404E+00
     31
  0.406945110622825237225891E-09 -0.707106781186547572737311E+00 -0.707106781186547572737311E+00  0.344731880733710555030947E-09
 -0.406945110622825650816197E-09 -0.707106781186547572737311E+00  0.707106781186547572737311E+00 -0.344731880733710451633370E-09
 -0.296184292177495644970975E+00  0.164410720874699018243422E-24  0.295193418291772231093886E-09  0.955130810448137412826952E+00
 -0.955130810448137412826952E+00  0.270487572562286991720133E-24 -0.694081954018090568568964E-09 -0.296184292177495644970975E+00
     32
  0.141295595151049611227380E-08  0.707106781186547794781916E+00  0.707106781186547350692706E+00  0.753395482326770586136465E-09
 -0.141295595151049714624957E-08  0.707106781186547350692706E+00 -0.707106781186547794781916E+00 -0.753395482326770999726771E-09
  0.276995097393036349142648E+00  0.000000000000000000000000E+00  0.470274383348423129241731E-09 -0.960871331667368600015777E+00
  0.960871331667368600015777E+00  0.000000000000000000000000E+00 -0.221516171851030917647338E-08  0.276995097393036349142648E+00
     33
  0.497631523960719149898681E-09 -0.707106781186547461715008E+00 -0.707106781186547683759613E+00  0.240549969319558986837656E-09
  0.497631523960718736308375E-09  0.707106781186547683759613E+00 -0.707106781186547461715008E+00  0.240549969319558883440079E-09
 -0.264749898590923016250542E+00  0.000000000000000000000000E+00  0.141730441152572611590201E-09  0.964317111325986964232015E+00
 -0.964317111325986964232015E+00  0.000000000000000000000000E+00 -0.768710169575578133868541E-09 -0.264749898590923016250542E+00
     34
 -0.943327613349604602604145E-09  0.707106781186546573536589E+00 -0.707106781186548571938033E+00 -0.243573911644911475503637E-09
  0.943327613349601914267154E-09  0.707106781186548571938033E+00  0.707106781186546573536589E+00  0.243573911644910803419389E-09
 -0.255836131412721046185510E+00  0.000000000000000000000000E+00  0.830069206373254740248290E-11  0.966720163161901235859830E+00
  0.966720163161901235859830E+00  0.000000000000000000000000E+00 -0.137779591071935836162419E-08  0.255836131412721046185510E+00
     35
  0.471344739273618240837785E-09 -0.707106781186547350692706E+00 -0.707106781186547572737311E+00  0.152433043723466396483915E-09
  0.471344739273618137440208E-09  0.707106781186547572737311E+00 -0.707106781186547350692706E+00  0.152433043723466293086338E-09
  0.247747405753750898904642E+00 -0.708890740971285374354342E-25 -0.437083009927046596215055E-10 -0.968824660577075835732330E+00
 -0.968824660577075835732330E+00  0.139912507567843909038067E-24 -0.699208927685236383250437E-09 -0.247747405753750898904642E+00
     36
  0.851287928280129839963202E-09 -0.707106781186547350692706E+00  0.707106781186547683759613E+00  0.230212883319699195926003E-09
 -0.851287928280129529770473E-09 -0.707106781186547683759613E+00 -0.707106781186547350692706E+00 -0.230212883319699144227214E-09
 -0.238834366445937390510679E+00  0.000000000000000000000000E+00 -0.286148640602239364424437E-10  0.971060320167788315615098E+00
  0.971060320167788315615098E+00  0.000000000000000000000000E+00 -0.124681982412803643702218E-08  0.238834366445937390510679E+00
     37
  0.553523232668929351672653E-09  0.707106781186547128648101E+00  0.707106781186547905804218E+00  0.174173628102237409038198E-09
  0.553523232668928834684770E-09 -0.707106781186548016826521E+00  0.707106781186547017625799E+00  0.174173628102237098845468E-09
  0.227992713144825914772795E+00  0.801092995222861427458411E-25  0.613587625580611788207219E-10 -0.973662838334123370565010E+00
  0.973662838334123148520405E+00  0.171293648636814034865025E-24 -0.818341768854879816228934E-09  0.227992713144825970283947E+00
     38
 -0.459045041437438137408450E-09  0.707106781186547683759613E+00 -0.707106781186547350692706E+00 -0.202916338222444687901847E-09
  0.459045041437438292504815E-09  0.707106781186547350692706E+00  0.707106781186547683759613E+00  0.202916338222444739600635E-09
  0.214479512231705859992559E+00  0.000000000000000000000000E+00  0.141051414370212976520520E-09 -0.976728487775824771865985E+00
 -0.976728487775824771865985E+00  0.000000000000000000000000E+00  0.695628693539860041807628E-09 -0.214479512231705859992559E+00
     39
 -0.482524042643324417157018E-09 -0.707106781186547017625799E+00 -0.707106781186547905804218E+00 -0.342486013799693158832177E-09
  0.482524042643323693373982E-09 -0.707106781186547905804218E+00  0.707106781186547017625799E+00  0.342486013799692641844294E-09
  0.197831768974065291821773E+00  0.000000000000000000000000E+00  0.339776873033392337485714E-09 -0.980235987497190541795078E+00
 -0.980235987497190541795078E+00  0.000000000000000000000000E+00  0.764724734336590728117538E-09 -0.197831768974065291821773E+00
     40
  0.175688586519481199914911E-09  0.707106781186547017625799E+00 -0.707106781186548127848823E+00  0.233966639727212060904530E-09
  0.175688586519480889722181E-09 -0.707106781186548127848823E+00 -0.707106781186547017625799E+00  0.233966639727211647314223E-09
 -0.177837182206608684920113E+00  0.000000000000000000000000E+00  0.281418906138000478070430E-09  0.984059925322037232220396E+00
  0.984059925322037232220396E+00  0.000000000000000000000000E+00  0.303343353832716492575128E-09  0.177837182206608684920113E+00
     41
 -0.506927476447259960882129E-10 -0.707106781186547128648101E+00  0.707106781186547905804218E+00 -0.253837936144537065097097E-09
 -0.506927476447264290655648E-10  0.707106781186547905804218E+00  0.707106781186547128648101E+00 -0.253837936144536754904367E-09
  0.154515839559695972171838E+00  0.111410267783629386038480E-24 -0.343592486221879515303993E-09 -0.987990311351868766287510E+00
 -0.987990311351868766287510E+00 -0.336406277657501186616492E-24 -0.126297760511101890603118E-09 -0.154515839559695972171838E+00
     42
 -0.915148376633170085795196E-10  0.707106781186547350692706E+00 -0.707106781186547572737311E+00  0.271970943411958615391808E-09
 -0.915148376633163494199690E-10 -0.707106781186547683759613E+00 -0.707106781186547239670404E+00  0.271970943411958511994232E-09
 -0.128086380500183699693295E+00 -0.117344807839275308930034E-24  0.398034009733514042098972E-09  0.991763015609254394711058E+00
 -0.991763015609254283688756E+00 -0.417538482003262352998585E-24  0.790904780367441509305370E-10 -0.128086380500183727448871E+00
     43
 -0.246012092194675100496507E-09  0.707106781186547128648101E+00 -0.707106781186547905804218E+00  0.289427223070147922985914E-09
 -0.246012092194674842002566E-09 -0.707106781186547905804218E+00 -0.707106781186547128648101E+00  0.289427223070147561094396E-09
  0.989043582410375349267539E-01  0.000000000000000000000000E+00 -0.441715210990455326617333E-09 -0.995096943981302994863825E+00
  0.995096943981302994863825E+00  0.000000000000000000000000E+00 -0.305725176510232500108938E-09  0.989043582410375349267539E-01
     44
 -0.570827717472551354377547E-09  0.707106781186547239670404E+00  0.707106781186547794781916E+00  0.623715374897842333099336E-09
  0.570827717472550940787241E-09  0.707106781186547794781916E+00 -0.707106781186547239670404E+00 -0.623715374897841712713877E-09
 -0.673765955062769206218576E-01  0.000000000000000000000000E+00 -0.934453599020565963801931E-09  0.997727615322931526975481E+00
 -0.997727615322931637997783E+00  0.000000000000000000000000E+00 -0.746007101752270765858344E-09 -0.673765955062769344996454E-01
     45
  0.760870183382858673257318E-09 -0.707106781186546573536589E+00 -0.707106781186548127848823E+00 -0.704169230364321300914903E-09
  0.760870183382826516611005E-09  0.707106781186548238871126E+00 -0.707106781186546906603496E+00 -0.704169230364319129565795E-09
  0.338711467107984109947694E-01  0.858800149440494838783842E-24  0.103172073315977532054906E-08 -0.999426208091670820188313E+00
  0.999426208091670931210615E+00  0.103239449533533923934756E-22  0.104168496761104415460697E-08  0.338711467107984109947694E-01
     46
  0.717451301098517401185512E-09 -0.707106781186547350692706E+00  0.707106781186547683759613E+00 -0.358136289832072752884254E-09
  0.717451301098459601940209E-09  0.707106781186547683759613E+00  0.707106781186547350692706E+00 -0.358136289832072701185466E-09
  0.135199496386564053940216E-02  0.142215787701911809268036E-24  0.505108961276637517155919E-09  0.999999086054391139732900E+00
  0.999999086054391250755202E+00  0.405829218850444641504961E-22 -0.101531341511341379797327E-08 -0.135199496386563967204042E-02
     47
  0.851524261100708381146242E-09 -0.707106781186547350692706E+00  0.707106781186547461715008E+00 -0.391641113123708912912023E-09
  0.851524261100709932109891E-09  0.707106781186547683759613E+00  0.707106781186547128648101E+00 -0.391641113123708654418081E-09
  0.381628784501279877394708E-01 -0.152085498701969558232551E-24  0.507503557844098792534626E-09  0.999271532021402397738541E+00
  0.999271532021402175693936E+00 -0.144296513953547816687328E-23 -0.122449662884647403463355E-08 -0.381628784501279877394708E-01
     48
 -0.960498973820783546698660E-09 -0.707106781186547239670404E+00 -0.707106781186547683759613E+00  0.429115261792617683178606E-09
  0.960498973820782926313201E-09 -0.707106781186547683759613E+00  0.707106781186547239670404E+00 -0.429115261792617372985876E-09
 -0.765223174782175968866582E-01  0.000000000000000000000000E+00 -0.501137077934404390758166E-09 -0.997067868767097964521895E+00
 -0.997067868767097964521895E+00  0.000000000000000000000000E+00  0.140080630494086054164337E-08  0.765223174782175968866582E-01
     49
  0.103684972932602050462951E-08 -0.707106781186547683759613E+00  0.707106781186547239670404E+00 -0.466169862949615274832994E-09
  0.103684972932602071142467E-08  0.707106781186547350692706E+00  0.707106781186547572737311E+00 -0.466169862949615481628147E-09
  0.116383029421091396815591E+00  0.000000000000000000000000E+00  0.484128119552520892456331E-09  0.993204405176884685957361E+00
  0.993204405176884574935059E+00  0.000000000000000000000000E+00 -0.153308916627197426989793E-08 -0.116383029421091410693379E+00
     50
 -0.107437344519178577991438E-08  0.707106781186547683759613E+00 -0.707106781186547350692706E+00  0.496262198126780825025513E-09
 -0.107437344519178598670953E-08 -0.707106781186547461715008E+00 -0.707106781186547572737311E+00  0.496262198126780825025513E-09
  0.157555327066221578791172E+00  0.000000000000000000000000E+00  0.453666564041998547266596E-09  0.987510161422684329401989E+00
  0.987510161422684218379686E+00  0.000000000000000000000000E+00 -0.161099211255552417596422E-08 -0.157555327066221551035596E+00
     51
  0.000000000000000000000000E+00 -0.100000000000000000000000E+01  0.000000000000000000000000E+00  0.000000000000000000000000E+00
  0.151163541823974417939922E-08  0.000000000000000000000000E+00  0.100000000000000000000000E+01 -0.723915388645595203488376E-09
 -0.199587836842398003156518E+00  0.000000000000000000000000E+00 -0.407646123842133298280346E-09 -0.979879939270404842766027E+00
  0.979879939270404842766027E+00  0.000000000000000000000000E+00 -0.162570592830045158211131E-08 -0.199587836842398003156518E+00
     52
 -0.123865255428342566506440E-22 -0.999999999999999888977698E+00  0.623069960637581850861042E-14  0.118570891960547097366697E-22
  0.151319774170807954333773E-08 -0.600865500145078720052569E-14 -0.999999999999999888977698E+00 -0.210751173817642346149698E-08
 -0.241730920250284309069855E+00  0.105975230181049818496579E-23  0.167922317765422333508033E-08 -0.970343321817051962518974E+00
 -0.970343321817052073541277E+00  0.918797721271258406434136E-24 -0.197777239835199299606013E-08  0.241730920250284225803128E+00
     53
  0.000000000000000000000000E+00 -0.100000000000000000000000E+01  0.000000000000000000000000E+00  0.000000000000000000000000E+00
 -0.130853630025791715984470E-08  0.000000000000000000000000E+00 -0.100000000000000000000000E+01  0.670366093306078870601308E-09
  0.283031489480935760649771E+00  0.000000000000000000000000E+00  0.272598259376661529728635E-09  0.959110617166864076743593E+00
  0.959110617166864076743593E+00  0.000000000000000000000000E+00 -0.144476577241155175101687E-08 -0.283031489480935760649771E+00
     54
  0.309691066253660490288291E-23  0.100000000000000000000000E+01  0.266236745108860278224437E-14 -0.142816877965381862749611E-23
  0.112046994320473705882941E-08 -0.266236745108860278224437E-14  0.100000000000000000000000E+01 -0.583786221341739502191813E-09
 -0.322550322672635836340760E+00  0.156054514707888639190884E-24 -0.191176223069856956865217E-09 -0.946552317277697397024383E+00
  0.946552317277697397024383E+00 -0.670565383371673386789495E-25 -0.124888396033448805195535E-08 -0.322550322672635836340760E+00
     55
 -0.287175889245108142967602E-23  0.100000000000000000000000E+01 -0.314973863232249922579139E-14  0.132127316437995378573492E-23
  0.885851040711097267031842E-09  0.314973863232249922579139E-14  0.100000000000000000000000E+01 -0.453357588610482248675969E-09
 -0.359619414881349852564085E+00 -0.128877870611659325565718E-24 -0.104458271938754272442295E-09 -0.933099071074661168267994E+00
  0.933099071074661168267994E+00  0.377373246971228114659731E-25 -0.989623077540975476991450E-09 -0.359619414881349852564085E+00
     56
  0.000000000000000000000000E+00 -0.100000000000000000000000E+01  0.000000000000000000000000E+00  0.000000000000000000000000E+00
 -0.618306805105779073995129E-09  0.000000000000000000000000E+00 -0.100000000000000000000000E+01  0.273825423063267865990588E-09
 -0.394031444349978388075328E+00  0.000000000000000000000000E+00 -0.803974654302269879279096E-11 -0.919096959446319750064447E+00
  0.919096959446319750064447E+00  0.000000000000000000000000E+00 -0.676179833567313692174162E-09 -0.394031444349978388075328E+00
     57
  0.000000000000000000000000E+00  0.100000000000000000000000E+01  0.000000000000000000000000E+00  0.000000000000000000000000E+00
 -0.137767363674412688644339E-08  0.000000000000000000000000E+00 -0.999999999999999888977698E+00 -0.461015483835218208408196E-09
 -0.426094866895243895577039E+00  0.000000000000000000000000E+00  0.100409036055026964426554E-08 -0.904678486759536104599988E+00
  0.904678486759535993577686E+00  0.000000000000000000000000E+00 -0.104991516883779285572999E-08 -0.426094866895243951088190E+00
     58
 -0.766003330338659931665970E-10 -0.625467952014914144052208E-14 -0.999999999999999888977698E+00 -0.280681585080957857354248E-09
 -0.544843337804170848965975E-24  0.100000000000000000000000E+01 -0.625467952014914065166117E-14 -0.186533725862347887930904E-23
  0.456549712940034546626578E+00  0.127667001399531596345310E-24 -0.284693779248964683511509E-09  0.889697903568605563684457E+00
 -0.889697903568605452662155E+00 -0.836966196043180026099878E-26 -0.599937438307582334311675E-10  0.456549712940034602137729E+00
     59
 -0.189660825672037676319248E-08 -0.300044811271018648436268E-14 -0.100000000000000000000000E+01  0.623980193084851051469898E-09
  0.548628052278257050563584E-23 -0.100000000000000000000000E+01  0.300044811271018648436268E-14 -0.221454418860535687492556E-23
  0.486371745686930367913448E+00 -0.398517805173654020880349E-24 -0.377252738644155508843093E-09  0.873751981398295907155216E+00
  0.873751981398295907155216E+00 -0.120930667740483345133081E-25 -0.196065155803054393282117E-08 -0.486371745686930367913448E+00
     60
 -0.217209898785080426156168E-09  0.000000000000000000000000E+00  0.999999999999999777955395E+00  0.105269388802982759720677E-08
  0.000000000000000000000000E+00  0.100000000000000000000000E+01  0.000000000000000000000000E+00  0.000000000000000000000000E+00
  0.516483849268094985518474E+00  0.000000000000000000000000E+00 -0.789233255295586164205337E-09  0.856296930652686416607366E+00
 -0.856296930652686194562762E+00  0.000000000000000000000000E+00 -0.729695370891573237548660E-09  0.516483849268094985518474E+00
     61
 -0.191448855479028484508265E-08  0.000000000000000000000000E+00 -0.100000000000000000000000E+01  0.141076503982608601054898E-08
  0.547385442034657332399661E+00 -0.135525271560688054250932E-19  0.132678701416470259038539E-09  0.836880623415623525751528E+00
  0.677626357803440271254658E-20  0.100000000000000000000000E+01  0.157772181044202361082346E-29  0.271050543121376108501863E-19
  0.836880623415623636773830E+00  0.000000000000000000000000E+00 -0.237443071309961129253588E-08 -0.547385442034657221377358E+00
     62
  0.000000000000000000000000E+00  0.000000000000000000000000E+00  0.100000000000000000000000E+01  0.000000000000000000000000E+00
  0.548158729361037488914121E+00  0.000000000000000000000000E+00  0.000000000000000000000000E+00  0.836374322552583482348609E+00
  0.000000000000000000000000E+00 -0.100000000000000000000000E+01  0.000000000000000000000000E+00  0.000000000000000000000000E+00
 -0.836374322552583482348609E+00  0.000000000000000000000000E+00  0.000000000000000000000000E+00  0.548158729361037488914121E+00
     63
 -0.374362210093309673758543E-08  0.936273648919507335436094E-15 -0.100000000000000000000000E+01  0.286544404539740787123570E-08
  0.548929715613573954158255E+00 -0.344340947049601910069640E-22  0.340149031724696526937146E-09  0.835868510781690443600667E+00
  0.224034556999002056176608E-22  0.100000000000000000000000E+01  0.936273648919507335436094E-15  0.261018321450339357602019E-22
  0.835868510781690443600667E+00  0.418347919065330908810226E-26 -0.470210321538299628403080E-08 -0.548929715613573954158255E+00
     64
 -0.119817765279103143061722E-08  0.192400610985065382927503E-14 -0.999999999999999888977698E+00  0.985478647552559486004502E-09
 -0.549698397375130820563527E+00  0.162441920108065716498626E-22 -0.164596258687143100352129E-09 -0.835363197611202368264571E+00
 -0.108097380222209824277941E-22 -0.999999999999999888977698E+00 -0.170196150492562252119030E-14 -0.116752817375625305723517E-22
  0.835363197611202368264571E+00  0.281699170069166614286424E-26 -0.154262954854885465366842E-08 -0.549698397375130820563527E+00
     65
  0.135430237570197700320575E-08 -0.929445735769204192386870E-15 -0.100000000000000000000000E+01 -0.817940235940724885638974E-09
  0.550464775067436296041024E+00 -0.489309434791725207896245E-23  0.626314840926848879893846E-10  0.834858390033876851532568E+00
  0.395133069474603800464029E-23  0.100000000000000000000000E+01 -0.929445735769204192386870E-15  0.332540055268406921976932E-23
 -0.834858390033876962554871E+00 -0.107317949104558573715827E-26 -0.158089798899333621869678E-08  0.550464775067436296041024E+00
     66
  0.103866300980835897879327E-08 -0.926056594616944651513989E-15 -0.999999999999999888977698E+00 -0.559527931733536587734638E-09
  0.551228868639560887210394E+00 -0.267297146701921042033041E-23  0.105696621882985359189214E-09  0.834354082136804620084547E+00
 -0.243470167104930463564528E-23 -0.100000000000000000000000E+01  0.926056594616941496070369E-15 -0.171243205220039585319309E-23
 -0.834354082136804398039942E+00 -0.692867035260687288046536E-27 -0.117504067097981114600505E-08  0.551228868639560776188091E+00
     67
 -0.107068687521843439884028E-08  0.000000000000000000000000E+00  0.100000000000000022204460E+01  0.488784688308157202502548E-09
 -0.551990687911617095018357E+00  0.000000000000000000000000E+00 -0.183435938221274416283771E-09 -0.833850274605015484574722E+00
  0.000000000000000000000000E+00  0.100000000000000000000000E+01  0.000000000000000000000000E+00  0.000000000000000000000000E+00
 -0.833850274605015595597024E+00  0.000000000000000000000000E+00 -0.116259714125676215585366E-08  0.551990687911617206040660E+00
     68
 -0.110720852258519374010972E-08  0.000000000000000000000000E+00  0.100000000000000000000000E+01  0.411586965125620038813168E-09
  0.552750225288554664082596E+00  0.000000000000000000000000E+00  0.269015006061561719644938E-09  0.833346979621005234939446E+00
  0.000000000000000000000000E+00 -0.100000000000000000000000E+01  0.000000000000000000000000E+00  0.000000000000000000000000E+00
 -0.833346979621005234939446E+00  0.000000000000000000000000E+00 -0.115019366580602528800270E-08  0.552750225288554664082596E+00
     69
  0.732886931494345320242258E-09 -0.915989396559792610239629E-15 -0.100000000000000022204460E+01 -0.271947192560998088396830E-09
  0.553507509158845167895890E+00 -0.807925999675324040349761E-24  0.179169027668416115936435E-09  0.832844185490161814655607E+00
 -0.111827922147085312688702E-23 -0.100000000000000000000000E+01  0.915989396559792413024403E-15 -0.423928945877145626806455E-24
 -0.832844185490162147722515E+00 -0.276815668746907100562587E-27 -0.760905802551086961729357E-09  0.553507509158844945851286E+00
     70
 -0.756764831870863952439544E-09  0.000000000000000000000000E+00  0.100000000000000000000000E+01  0.221541504539364650546690E-09
 -0.554262532414647179912492E+00  0.000000000000000000000000E+00 -0.235048114450844468149153E-09 -0.832341904004179178322431E+00
  0.000000000000000000000000E+00 -0.100000000000000000000000E+01  0.000000000000000000000000E+00  0.000000000000000000000000E+00
 -0.832341904004179178322431E+00  0.000000000000000000000000E+00 -0.752679236383736818944545E-09  0.554262532414647179912492E+00
     71
 -0.175840972453457550170330E-08  0.966197523605702602483582E-15 -0.100000000000000000000000E+01  0.145486115128580928361588E-08
 -0.555015299849027199385887E+00  0.366221291114210137688140E-23 -0.234267601862960581873861E-09 -0.831840139049261240167255E+00
 -0.311277784340822051527876E-23 -0.999999999999999888977698E+00 -0.744152918680671491614082E-15 -0.164144025831144716339409E-23
  0.831840139049261351189557E+00  0.134735500388864979556154E-26 -0.227018598788202194880788E-08 -0.555015299849027199385887E+00
     72
  0.818086082659464175259214E-09 -0.906074428385132248190624E-15 -0.999999999999999888977698E+00 -0.101140326811695138758729E-09
 -0.555765820063158222374966E+00  0.217491214085052420799637E-24 -0.370582457091962778434944E-09 -0.831338891938495305744539E+00
 -0.862053907942477391252350E-24 -0.100000000000000000000000E+01  0.906074428385132248190624E-15 -0.892131353292063573070095E-25
 -0.831338891938495194722236E+00 -0.807790014287575822959167E-28 -0.736317206437539045632161E-09  0.555765820063158111352664E+00
     73
  0.309979614671710047462051E-09  0.186203235081417661223541E-14 -0.999999999999999777955395E+00 -0.198109714017375941221604E-09
 -0.556514101036814423650867E+00 -0.804172479322262621400202E-24 -0.791079189291411232473305E-11 -0.830838164354037345127324E+00
 -0.924861377878652390232335E-24  0.999999999999999888977698E+00  0.163998774588914530415068E-14 -0.299415544688401713160223E-24
 -0.830838164354037345127324E+00  0.296586654046192750813763E-27 -0.367793558960920288189827E-09  0.556514101036814423650867E+00
     74
  0.166965976122839874504829E-08  0.148751016395496416406879E-14  0.100000000000000000000000E+01 -0.153363163815560568479937E-08
 -0.557260162550072712939198E+00 -0.278183732176573766766390E-23 -0.342997804295021775542144E-09 -0.830337950014731429604353E+00
 -0.407641697430328659831028E-23  0.100000000000000000000000E+01 -0.148751016395496376963833E-14  0.000000000000000000000000E+00
  0.830337950014731429604353E+00  0.512730882812676836190430E-25 -0.224101349495895887147727E-08 -0.557260162550072934983802E+00
     75
  0.162615540915605959353444E-08 -0.138017618673737046702059E-14  0.999999999999999888977698E+00 -0.158029035906471564969689E-08
  0.558003992458217190630876E+00 -0.265759746507978068133354E-23  0.403984321419395502158402E-09  0.829838264001299008576495E+00
 -0.376346428382410428860054E-23 -0.100000000000000000000000E+01 -0.138017618673737026980536E-14  0.000000000000000000000000E+00
  0.829838264001299008576495E+00 -0.435426008642127052358421E-25 -0.223125412707064875526396E-08 -0.558003992458217301653178E+00
     76
  0.105185163359418109882445E-08 -0.136761011196956729454027E-14 -0.999999999999999666933093E+00  0.301391685552825369052163E-09
 -0.558745604109644911083876E+00 -0.501854239234029439942333E-24 -0.837673262913697911304121E-09 -0.829339104280117589418353E+00
  0.965083821980003256684699E-24  0.999999999999999888977698E+00 -0.114556550704453618367077E-14  0.000000000000000000000000E+00
 -0.829339104280117367373748E+00 -0.719652806279253537217026E-26 -0.703940228072460249587362E-09  0.558745604109645022106179E+00
     77
  0.116035984011100435361815E-08  0.000000000000000000000000E+00 -0.999999999999999888977698E+00  0.475142995148385736498632E-09
