      1
  0.177201105904794533174042E-11 -0.711394449238862858209131E+00 -0.702792954996089069830134E+00 -0.226413394361789507703441E-11
  0.179369873080700297400760E-11  0.702792954996089069830134E+00 -0.711394449238862858209131E+00 -0.229184471525049827161759E-11
  0.608038302647611272888639E+00 -0.123112302242773141406404E-26  0.409070194263882303840675E-11 -0.793907691431070428045302E+00
  0.793907691431070428045302E+00 -0.263724197154851768465406E-27  0.427879984055303257322356E-13  0.608038302647611272888639E+00
      2
  0.000000000000000000000000E+00  0.708954375852447249428678E+00  0.705254346289100886302492E+00  0.000000000000000000000000E+00
  0.000000000000000000000000E+00  0.705254346289100886302492E+00 -0.708954375852447249428678E+00  0.000000000000000000000000E+00
 -0.577266226815404404071330E+00  0.000000000000000000000000E+00  0.000000000000000000000000E+00  0.816556001373026418832524E+00
  0.816556001373026418832524E+00  0.000000000000000000000000E+00  0.000000000000000000000000E+00  0.577266226815404404071330E+00
      3
  0.283027047389882639874764E-11  0.708627175177789281335095E+00 -0.705583111050389732987753E+00 -0.349612809394386265865640E-11
 -0.284248097707769753892421E-11  0.705583111050389621965451E+00  0.708627175177789170312792E+00  0.351121127542722896047284E-11
  0.563583421740939005672999E+00  0.383717533220990806329733E-26  0.635375488052283014133509E-11 -0.826059154503341108721770E+00
  0.826059154503341108721770E+00  0.106852081259037728276487E-26  0.521003117701993955013280E-12  0.563583421740939005672999E+00
      4
 -0.377708286002634821886467E-11  0.708424877806783537259605E+00 -0.705786222948878272376305E+00  0.458256175245052015588249E-11
 -0.379120387530442756433617E-11 -0.705786222948878383398608E+00 -0.708424877806783426237303E+00  0.459969413395158230567661E-11
  0.539250134279271930992650E+00  0.000000000000000000000000E+00 -0.835401103502197656466228E-11 -0.842145648139196456583022E+00
 -0.842145648139196234538417E+00  0.000000000000000000000000E+00  0.100592897003226641254407E-11 -0.539250134279272042014952E+00
      5
  0.000000000000000000000000E+00  0.708299822045474480880500E+00  0.705911724006868412928384E+00  0.000000000000000000000000E+00
  0.000000000000000000000000E+00  0.705911724006868412928384E+00 -0.708299822045474480880500E+00  0.000000000000000000000000E+00
  0.528454658774068608551033E+00  0.000000000000000000000000E+00  0.000000000000000000000000E+00 -0.848961526584086523250505E+00
  0.848961526584086523250505E+00  0.000000000000000000000000E+00  0.000000000000000000000000E+00  0.528454658774068608551033E+00
      6
  0.000000000000000000000000E+00  0.707567290069680443487243E+00  0.706645972197852967333631E+00  0.000000000000000000000000E+00
  0.000000000000000000000000E+00 -0.706645972197852967333631E+00  0.707567290069680443487243E+00  0.000000000000000000000000E+00
  0.500725905011663363630703E+00  0.000000000000000000000000E+00  0.000000000000000000000000E+00 -0.865605896496928095551482E+00
  0.865605896496928095551482E+00  0.000000000000000000000000E+00  0.000000000000000000000000E+00  0.500725905011663363630703E+00
      7
 -0.742880503668539601735809E-11 -0.707504685654902876201788E+00  0.706708652682530136246442E+00  0.868729581231178607427888E-11
 -0.743717280426837828503712E-11  0.706708652682530136246442E+00  0.707504685654902876201788E+00  0.869708113739745887174550E-11
 -0.492816225078019309879807E+00  0.000000000000000000000000E+00 -0.158766162359072698949427E-10  0.870133419827012088987317E+00
  0.870133419827012088987317E+00  0.000000000000000000000000E+00  0.308870026587914074975841E-11  0.492816225078019309879807E+00
      8
 -0.105840468033844600559890E-10  0.723893897421677534609330E+00  0.689911316964473164681237E+00  0.122122035128599390946559E-10
 -0.111053793474588794594785E-10 -0.689911316964473164681237E+00  0.723893897421677534609330E+00  0.128137332721650481136958E-10
 -0.472193707932139050686970E+00 -0.811270549858238735982477E-26 -0.228474500235654793547968E-10  0.881494811209514450567326E+00
  0.881494811209514450567326E+00  0.463147949641883486442819E-26  0.516480392827982101897863E-11  0.472193707932139050686970E+00
      9
  0.000000000000000000000000E+00  0.728523073884708272096589E+00 -0.685021263040480943296018E+00  0.000000000000000000000000E+00
  0.000000000000000000000000E+00  0.685021263040480943296018E+00  0.728523073884708272096589E+00  0.000000000000000000000000E+00
 -0.466143614024024044439898E+00  0.000000000000000000000000E+00  0.000000000000000000000000E+00  0.884709065797690263899256E+00
  0.884709065797690263899256E+00  0.000000000000000000000000E+00  0.000000000000000000000000E+00  0.466143614024024044439898E+00
     10
 -0.214113736481335864622824E-10 -0.711192949681427766250863E+00 -0.702996862242947773147250E+00  0.246565822949800380166763E-10
 -0.216610041941905723177525E-10  0.702996862242947884169553E+00 -0.711192949681427655228561E+00  0.249440480224641613019613E-10
 -0.439186265079073490102957E+00  0.933218053429741469429046E-26  0.448864384617442685788635E-10  0.898396028801270674080115E+00
 -0.898396028801270563057813E+00  0.737486123605589585565265E-26  0.119590875252452904259790E-10 -0.439186265079073545614108E+00
     11
  0.237643413099440866733058E-10  0.710540484828641294434703E+00  0.703656321949486462941081E+00 -0.273812848637970981714716E-10
  0.239968377591200601304670E-10 -0.703656321949486462941081E+00  0.710540484828641294434703E+00 -0.276491673782619458621935E-10
 -0.434023573968455866900484E+00  0.000000000000000000000000E+00  0.497147886485792386176441E-10  0.900901513618246885251040E+00
 -0.900901513618246885251040E+00  0.000000000000000000000000E+00  0.135367332641110797288396E-10 -0.434023573968455866900484E+00
     12
  0.525302950221946007887657E-10 -0.710214018250087564254613E+00  0.703985829602460366771766E+00 -0.604872938588926336929354E-10
  0.529950324833143675883834E-10  0.703985829602460366771766E+00  0.710214018250087564254613E+00 -0.610224271827414630989066E-10
 -0.428821202169805459902818E+00  0.000000000000000000000000E+00  0.109618233876710662140808E-09  0.903389382586292422061547E+00
 -0.903389382586292422061547E+00  0.000000000000000000000000E+00  0.305646446474045786221877E-10 -0.428821202169805459902818E+00
     13
  0.289209358320819053675511E-10 -0.709810278883702516772303E+00  0.704392907396887646420680E+00 -0.332020865561493349609493E-10
  0.291433620540149500128903E-10  0.704392907396887646420680E+00  0.709810278883702516772303E+00 -0.334574384132211972410518E-10
 -0.423558526588541595092607E+00  0.000000000000000000000000E+00  0.600892496875950818209799E-10  0.905868740245596382187898E+00
 -0.905868740245596382187898E+00  0.000000000000000000000000E+00  0.172283745621337009937306E-10 -0.423558526588541595092607E+00
     14
  0.000000000000000000000000E+00  0.709608322657516721321258E+00 -0.704596358502643571597446E+00  0.000000000000000000000000E+00
  0.000000000000000000000000E+00 -0.704596358502643571597446E+00 -0.709608322657516721321258E+00  0.000000000000000000000000E+00
  0.418244461265643407976711E+00  0.000000000000000000000000E+00  0.000000000000000000000000E+00 -0.908334503704781415223124E+00
  0.908334503704781415223124E+00  0.000000000000000000000000E+00  0.000000000000000000000000E+00  0.418244461265643407976711E+00
     15
  0.000000000000000000000000E+00  0.709483474571013128517905E+00 -0.704722072387861664388709E+00  0.000000000000000000000000E+00
  0.000000000000000000000000E+00  0.704722072387861664388709E+00  0.709483474571013128517905E+00  0.000000000000000000000000E+00
  0.412930499577788101550624E+00  0.000000000000000000000000E+00  0.000000000000000000000000E+00 -0.910762539039917995431495E+00
  0.910762539039917995431495E+00  0.000000000000000000000000E+00  0.000000000000000000000000E+00  0.412930499577788101550624E+00
     16
  0.000000000000000000000000E+00 -0.709483474571012795450997E+00 -0.704722072387861997455616E+00  0.000000000000000000000000E+00
  0.000000000000000000000000E+00 -0.704722072387861997455616E+00  0.709483474571012795450997E+00  0.000000000000000000000000E+00
  0.407727318143353112400717E+00  0.000000000000000000000000E+00  0.000000000000000000000000E+00 -0.913103736735114468459074E+00
  0.913103736735114468459074E+00  0.000000000000000000000000E+00  0.000000000000000000000000E+00  0.407727318143353112400717E+00
     17
  0.000000000000000000000000E+00  0.709810278883702960861513E+00 -0.704392907396887313353773E+00  0.000000000000000000000000E+00
  0.000000000000000000000000E+00 -0.704392907396887313353773E+00 -0.709810278883702960861513E+00  0.000000000000000000000000E+00
  0.402824748159199719221846E+00  0.000000000000000000000000E+00  0.000000000000000000000000E+00 -0.915277128672227546779538E+00
  0.915277128672227546779538E+00  0.000000000000000000000000E+00  0.000000000000000000000000E+00  0.402824748159199719221846E+00
     18
  0.000000000000000000000000E+00  0.709810278883702960861513E+00 -0.704392907396887313353773E+00  0.000000000000000000000000E+00
  0.000000000000000000000000E+00 -0.704392907396887313353773E+00 -0.709810278883702960861513E+00  0.000000000000000000000000E+00
  0.398514768126802365610928E+00  0.000000000000000000000000E+00  0.000000000000000000000000E+00 -0.917161915686015016824228E+00
  0.917161915686015016824228E+00  0.000000000000000000000000E+00  0.000000000000000000000000E+00  0.398514768126802365610928E+00
     19
  0.000000000000000000000000E+00 -0.709483474571012795450997E+00 -0.704722072387861997455616E+00  0.000000000000000000000000E+00
  0.000000000000000000000000E+00  0.704722072387861997455616E+00 -0.709483474571012795450997E+00  0.000000000000000000000000E+00
  0.395215559952178774327791E+00  0.000000000000000000000000E+00  0.000000000000000000000000E+00 -0.918588406835012305506893E+00
  0.918588406835012305506893E+00  0.000000000000000000000000E+00  0.000000000000000000000000E+00  0.395215559952178774327791E+00
     20
  0.000000000000000000000000E+00  0.709156520729690931226230E+00 -0.705051082622074609673746E+00  0.000000000000000000000000E+00
  0.000000000000000000000000E+00 -0.705051082622074609673746E+00 -0.709156520729690931226230E+00  0.000000000000000000000000E+00
  0.393491993479327839544624E+00  0.000000000000000000000000E+00  0.000000000000000000000000E+00 -0.919328043229218905274536E+00
  0.919328043229218905274536E+00  0.000000000000000000000000E+00  0.000000000000000000000000E+00  0.393491993479327839544624E+00
     21
  0.184639004036435046003857E-09 -0.708299822045456051178292E+00 -0.705911724006886953652895E+00 -0.190620176554670465435611E-09
  0.185263637440849669632762E-09  0.705911724006887064675198E+00 -0.708299822045455940155989E+00 -0.191265044254498307807021E-09
 -0.394061033076798905572247E+00 -0.954383525352484451786504E-25 -0.351255116662972008652349E-09  0.919084273725998435189410E+00
  0.919084273725998324167108E+00  0.115343752704818138229430E-24  0.133986959094370790264706E-09  0.394061033076798961083398E+00
     22
  0.937076100218140537029959E-10  0.707176810573201586329617E+00 -0.707036744863740573840971E+00 -0.128674794965582554875369E-09
  0.937261737286863720029209E-10 -0.707036744863740573840971E+00 -0.707176810573201586329617E+00 -0.128700285757366060175526E-09
 -0.397751826691738474828242E+00  0.000000000000000000000000E+00 -0.219692404119889966107653E-09  0.917493043223426951726651E+00
 -0.917493043223426951726651E+00  0.000000000000000000000000E+00 -0.492130653719682410849942E-10 -0.397751826691738474828242E+00
     23
  0.297613305349671651670097E-10 -0.709016856405321194145586E+00  0.705191532374798368820734E+00 -0.476333562653938489298786E-10
 -0.299227714026593102797004E-10 -0.705191532374798368820734E+00 -0.709016856405321194145586E+00  0.478917442550551003376132E-10
 -0.405341123853387219622135E+00  0.000000000000000000000000E+00  0.788555447295447877243773E-10  0.914165506521260495809145E+00
  0.914165506521260495809145E+00  0.000000000000000000000000E+00 -0.112012457312421942061488E-10  0.405341123853387219622135E+00
     24
  0.772827678365652914065217E-11 -0.707106781186548016826521E+00 -0.707106781186547239670404E+00  0.655130237226593454422994E-10
  0.772827678365661153559600E-11  0.707106781186547239670404E+00 -0.707106781186548016826521E+00  0.655130237226593971410877E-10
 -0.417069020657265476792475E+00  0.355217278620128961830884E-25  0.796483842059867151772643E-10  0.908874816467036605871499E+00
 -0.908874816467036605871499E+00  0.422993204875039577894062E-25 -0.485746844769638662529970E-10 -0.417069020657265476792475E+00
     25
  0.182296008967962877923936E-09 -0.710012178703153029601935E+00 -0.704189396464617312076939E+00  0.230468366017911568938483E-09
  0.183803373277200608265298E-09  0.704189396464617312076939E+00 -0.710012178703153029601935E+00  0.232374056610429497421798E-09
 -0.431445509848847885692180E+00 -0.128492942315523239641087E-24  0.183563835165931766311348E-09  0.902138998176704398623826E+00
 -0.902138998176704398623826E+00 -0.148567776645280419280162E-24 -0.374744183748665127249316E-09 -0.431445509848847885692180E+00
     26
  0.106290976759685525150887E-08 -0.707106781186547461715008E+00  0.707106781186547683759613E+00  0.650925631881948718709019E-09
 -0.106290976759685566509918E-08 -0.707106781186547572737311E+00 -0.707106781186547572737311E+00 -0.650925631881948201721136E-09
  0.443034238478846431608105E+00 -0.366441928067788173871151E-24  0.159314445593685895574359E-09 -0.896504692422448346000863E+00
  0.896504692422448568045468E+00 -0.412258975145315814368962E-24 -0.175544380345999461513388E-08  0.443034238478846320585802E+00
     27
 -0.929804202698749777679232E-09 -0.707106781186547239670404E+00  0.707106781186547794781916E+00 -0.830029450037284036318330E-09
 -0.929804202698744090812521E-09  0.707106781186547572737311E+00  0.707106781186547128648101E+00 -0.830029450037284243113483E-09
  0.440886547271917617063508E+00 -0.928686626738698171130851E-24 -0.473854021079451355561407E-09 -0.897562840382024385021964E+00
 -0.897562840382024607066569E+00  0.104716306616763974436447E-23 -0.169777270129233141621407E-08 -0.440886547271917506041206E+00
     28
 -0.160335275268316679971203E-08 -0.707106781186547683759613E+00 -0.707106781186547461715008E+00 -0.123846932586192215351021E-08
 -0.160335275268316866086840E-08  0.707106781186547350692706E+00 -0.707106781186547794781916E+00 -0.123846932586192194671506E-08
 -0.414565094059720251618018E+00 -0.670175222948900502020769E-24 -0.653843752078758588638467E-09  0.910019660659732942953326E+00
  0.910019660659733164997931E+00  0.802622561259442251534983E-24 -0.278954852783433736105387E-08  0.414565094059720140595715E+00
     29
 -0.159881682554711844069535E-08  0.707106781186547683759613E+00  0.707106781186547239670404E+00 -0.183926899096675208656408E-08
  0.159881682554712154262265E-08  0.707106781186547239670404E+00 -0.707106781186547683759613E+00  0.183926899096675229335924E-08
  0.370026026886340786425933E+00 -0.945503333890990328270297E-24 -0.157984111304710112285308E-08 -0.929021388035124351389982E+00
 -0.929021388035124351389982E+00  0.126256289389597004115568E-23 -0.306306282749032115945441E-08 -0.370026026886340786425933E+00
     30
 -0.697588247081812810064054E-09  0.707106781186547905804218E+00  0.707106781186547239670404E+00 -0.921158492185951685075363E-09
  0.697588247081813637244666E-09  0.707106781186547239670404E+00 -0.707106781186547905804218E+00  0.921158492185952719051128E-09
 -0.328553568076678959020143E+00  0.000000000000000000000000E+00  0.906264192462954451401898E-09  0.944485337580252326539210E+00
 -0.944485337580252326539210E+00  0.000000000000000000000000E+00 -0.135978310509471973841286E-08 -0.328553568076678959020143E+00
     31
  0.212820906076966404121189E-09 -0.707106781186547461715008E+00 -0.707106781186547461715008E+00  0.288056137420719541260831E-09
 -0.212820906076966766012707E-09 -0.707106781186547461715008E+00  0.707106781186547461715008E+00 -0.288056137420719437863254E-09
 -0.302670010736540429086006E+00  0.137393603572580928712219E-24  0.297169370555736077407223E-09  0.953095412118190155048580E+00
 -0.953095412118190155048580E+00  0.219865131427586349181861E-24 -0.410156699252661694073826E-09 -0.302670010736540429086006E+00
     32
  0.833077924600892015307864E-09  0.707106781186547461715008E+00  0.707106781186547683759613E+00  0.682363487419491425286310E-09
  0.833077924600891911910287E-09 -0.707106781186547572737311E+00  0.707106781186547572737311E+00  0.682363487419491321888734E-09
  0.290998380047413185423011E+00  0.000000000000000000000000E+00  0.580405784065103312964627E-09 -0.956723545654532991910912E+00
  0.956723545654533213955517E+00  0.000000000000000000000000E+00 -0.140797972367037276787406E-08  0.290998380047413129911860E+00
     33
 -0.265840014070124137656623E-09  0.707106781186547572737311E+00  0.707106781186547350692706E+00 -0.244019392993970169621974E-09
 -0.265840014070124137656623E-09 -0.707106781186547350692706E+00  0.707106781186547572737311E+00 -0.244019392993970273019551E-09
 -0.288063336771553324400230E+00  0.000000000000000000000000E+00  0.222168681046193902715397E-09  0.957611358541678336919745E+00
 -0.957611358541678336919745E+00  0.000000000000000000000000E+00 -0.459427721886798472338342E-09 -0.288063336771553324400230E+00
     34
  0.580715987280578347875500E-09 -0.707106781186547461715008E+00  0.707106781186547683759613E+00  0.284914903848352191811529E-09
 -0.580715987280578244477924E-09 -0.707106781186547683759613E+00 -0.707106781186547461715008E+00 -0.284914903848352140112741E-09
 -0.289270352003023534237514E+00  0.000000000000000000000000E+00 -0.148139075125057385770127E-09  0.957247441078871053043997E+00
  0.957247441078871053043997E+00  0.000000000000000000000000E+00 -0.902701465079922094468785E-09  0.289270352003023534237514E+00
     35
  0.239173253779711454253907E-09 -0.707106781186547128648101E+00 -0.707106781186547905804218E+00  0.199029270670499694551911E-09
  0.239173253779711247458754E-09  0.707106781186547905804218E+00 -0.707106781186547128648101E+00  0.199029270670499487756758E-09
  0.291445703822481305689251E+00  0.000000000000000000000000E+00 -0.170671351287472638933020E-09 -0.956587372759759246854117E+00
 -0.956587372759759246854117E+00  0.000000000000000000000000E+00 -0.405591274146915642888635E-09 -0.291445703822481305689251E+00
     36
  0.477723994052397598597600E-09 -0.707106781186548682960336E+00  0.707106781186546351491984E+00  0.298478278177258744373124E-09
 -0.477723994052398632573366E-09 -0.707106781186546351491984E+00 -0.707106781186548682960336E+00 -0.298478278177259881746467E-09
 -0.292373553472638492145563E+00 -0.140261831904246053352778E-24 -0.206138832810215367163866E-09  0.956304190741514070772666E+00
  0.956304190741514070772666E+00  0.230813945661286385280324E-24 -0.769497092705174503326425E-09  0.292373553472638492145563E+00
     37
  0.300578776211323581089835E-09  0.707106781186547128648101E+00  0.707106781186548016826521E+00  0.214326497953159275023627E-09
  0.300578776211322909005587E-09 -0.707106781186548016826521E+00  0.707106781186547128648101E+00  0.214326497953159068228474E-09
  0.290411142964951962675002E+00 -0.100535872747408375432250E-24  0.166591526399017043506728E-09 -0.956901963652384890401947E+00
  0.956901963652384890401947E+00 -0.166160077171377211744308E-24 -0.494787080052093171758377E-09  0.290411142964951962675002E+00
     38
  0.210506260378377658681764E-09 -0.707106781186546573536589E+00  0.707106781186548460915731E+00  0.242012969481373286642886E-09
 -0.210506260378377400187823E-09 -0.707106781186548460915731E+00 -0.707106781186546573536589E+00 -0.242012969481372562859850E-09
 -0.284299521048502590314655E+00  0.113021985690636639096325E-24 -0.243498724421519658988104E-09  0.958735512188628735685825E+00
  0.958735512188628735685825E+00 -0.190048865498951751842873E-24 -0.382720129228206530535706E-09  0.284299521048502590314655E+00
     39
  0.122231467276714301561780E-09  0.707106781186548016826521E+00  0.707106781186547017625799E+00  0.419995995380510984007181E-09
 -0.122231467276714482507539E-09  0.707106781186547017625799E+00 -0.707106781186548016826521E+00 -0.419995995380511552693852E-09
  0.273109224503764014269080E+00  0.000000000000000000000000E+00  0.524173277885811441843325E-09 -0.961983030770788949403993E+00
 -0.961983030770788949403993E+00  0.000000000000000000000000E+00  0.328506788677210924543874E-09 -0.273109224503764014269080E+00
     40
  0.529153647001032872121984E-10  0.707106781186547794781916E+00  0.707106781186547128648101E+00 -0.323121466629344727921438E-09
 -0.529153647001033259862896E-10  0.707106781186547128648101E+00 -0.707106781186547794781916E+00  0.323121466629344986415379E-09
 -0.256259721515766092370114E+00  0.000000000000000000000000E+00  0.460880659048084075116637E-09  0.966607963513989365544887E+00
  0.966607963513989365544887E+00  0.000000000000000000000000E+00  0.447664778053906520892746E-10  0.256259721515766092370114E+00
     41
  0.155578418333318165022746E-09  0.707106781186547794781916E+00  0.707106781186547461715008E+00 -0.349448031493578387046099E-09
  0.155578418333318268420323E-09 -0.707106781186547350692706E+00  0.707106781186547905804218E+00 -0.349448031493578697238829E-09
 -0.233565174607749170831994E+00  0.000000000000000000000000E+00  0.531914468105831292907343E-09  0.972341148574126457049260E+00
  0.972341148574126679093865E+00  0.000000000000000000000000E+00 -0.985086043630442454789568E-10  0.233565174607749115320843E+00
     42
 -0.266660569264528326188609E-09  0.707106781186546684558891E+00 -0.707106781186548349893428E+00  0.372897930528369377732438E-09
 -0.266660569264527705803150E-09 -0.707106781186548460915731E+00 -0.707106781186546573536589E+00  0.372897930528368498853037E-09
  0.205263812873854506468874E+00  0.000000000000000000000000E+00 -0.593536230263023124858270E-09 -0.978706680841858189801030E+00
  0.978706680841858078778728E+00  0.000000000000000000000000E+00 -0.260837808654252898320033E-09  0.205263812873854534224449E+00
     43
 -0.381519939795352707468011E-09  0.707106781186547017625799E+00 -0.707106781186547794781916E+00  0.393760683432088293508765E-09
 -0.381519939795351621793457E-09 -0.707106781186547794781916E+00 -0.707106781186547017625799E+00  0.393760683432087776520882E-09
 -0.171988072004532588366033E+00 -0.170893602063699754756716E-24  0.641360200580205582678519E-09  0.985099032122234707919972E+00
 -0.985099032122234707919972E+00 -0.442315389723249061551627E-24  0.435737275968475000104848E-09 -0.171988072004532588366033E+00
     44
 -0.735357972411062416314712E-09  0.707106781186545019224354E+00  0.707106781186550015227965E+00  0.661505070897145910166500E-09
  0.735357972411051973159478E-09  0.707106781186550015227965E+00 -0.707106781186545241268959E+00 -0.661505070897140947082825E-09
  0.134647350480193411792484E+00  0.280087105388312355723962E-24  0.106701720343856668583009E-08 -0.990893582080671242451331E+00
  0.990893582080671242451331E+00  0.895246785164618591343550E-24  0.904518771303568605550183E-09  0.134647350480193411792484E+00
     45
 -0.866146119327044975207913E-09  0.707106781186547683759613E+00  0.707106781186547239670404E+00  0.717584216829234006977619E-09
  0.866146119327047456749751E-09  0.707106781186547350692706E+00 -0.707106781186547683759613E+00 -0.717584216829234627363079E-09
  0.942346935246155120724509E-01 -0.295750345869741389364146E-24  0.112573093932726687990446E-08 -0.995550010062941082011889E+00
  0.995550010062940970989587E+00 -0.129348226828723340993355E-23  0.112383361615095348707916E-08  0.942346935246154843168753E-01
     46
  0.694739485199789453397272E-09 -0.707106781186548016826521E+00  0.707106781186546795581194E+00 -0.452535825380300353748610E-09
 -0.694739485199798759179164E-09 -0.707106781186546906603496E+00 -0.707106781186547572737311E+00  0.452535825380301232628011E-09
  0.516143350419781474225367E-01 -0.181410312877523602199132E-24 -0.689840864550504879855435E-09 -0.998667091887068480993150E+00
 -0.998667091887068147926243E+00  0.137303704824682347926687E-23  0.948168145791036492926263E-09 -0.516143350419781474225367E-01
     47
  0.770028938137494604416815E-09 -0.707106781186547461715008E+00  0.707106781186547683759613E+00 -0.473792849946539268722220E-09
 -0.770028938137494501019238E-09 -0.707106781186547461715008E+00 -0.707106781186547683759613E+00  0.473792849946539372119797E-09
  0.737164016740888151241196E-02  0.000000000000000000000000E+00 -0.678053676716634569844659E-09 -0.999972829091491988151574E+00
  0.999972829091492099173877E+00  0.000000000000000000000000E+00 -0.108401645372674091401634E-08  0.737164016740888324713543E-02
     48
  0.822099350921578344102342E-09  0.707106781186547572737311E+00  0.707106781186547572737311E+00 -0.494202638631390161483824E-09
  0.822099350921578240704765E-09 -0.707106781186547683759613E+00  0.707106781186547461715008E+00 -0.494202638631390161483824E-09
 -0.382152620785763258437484E-01  0.000000000000000000000000E+00 -0.653967559953140274805720E-09 -0.999269530078980006138067E+00
 -0.999269530078979895115765E+00  0.000000000000000000000000E+00  0.118848374501326720084782E-08  0.382152620785763258437484E-01
     49
  0.846880221474742701644620E-09 -0.707106781186547461715008E+00  0.707106781186547572737311E+00 -0.509700648399973175795596E-09
 -0.846880221474742494849467E-09 -0.707106781186547572737311E+00 -0.707106781186547461715008E+00  0.509700648399973175795596E-09
 -0.850697622354457394511229E-01  0.000000000000000000000000E+00 -0.616327097134429312688219E-09 -0.996374997454876343283559E+00
  0.996374997454876454305861E+00  0.000000000000000000000000E+00 -0.125464862101662612726307E-08 -0.850697622354457394511229E-01
     50
 -0.841619566560654132566140E-09  0.707106781186547572737311E+00 -0.707106781186547350692706E+00  0.514356492747421000657683E-09
 -0.841619566560651030638843E-09 -0.707106781186547239670404E+00 -0.707106781186547350692706E+00  0.514356492747421724440719E-09
  0.133113853514938068611784E+00  0.371211241536663835965256E-24  0.562500451137211018524607E-09  0.991100752699948128743301E+00
  0.991100752699948128743301E+00  0.779231635801232981444477E-24 -0.127646599459945338399530E-08 -0.133113853514938068611784E+00
     51
 -0.471592800765807978078851E-23  0.999999999999999888977698E+00 -0.312591956109949835502261E-14  0.193062645703863761818647E-23
 -0.113879765395027743864838E-08 -0.290387495617446665250743E-14 -0.100000000000000000000000E+01  0.709159198419758513851354E-09
  0.182044470341903907861791E+00  0.174614691897251525541922E-24  0.489997503625764227919439E-09  0.983290298344255742080122E+00
  0.983290298344255742080122E+00  0.236281570194877954093030E-24 -0.124886741390522709323821E-08 -0.182044470341903907861791E+00
     52
  0.000000000000000000000000E+00  0.100000000000000000000000E+01  0.000000000000000000000000E+00  0.000000000000000000000000E+00
 -0.112168673038655369360065E-08  0.000000000000000000000000E+00  0.999999999999999888977698E+00  0.162121537459204743173206E-08
  0.231191829267107878953524E+00  0.000000000000000000000000E+00 -0.131796897889460913582628E-08  0.972908185842902839546298E+00
 -0.972908185842902728523995E+00  0.000000000000000000000000E+00 -0.146610962598881366975728E-08  0.231191829267107934464676E+00
     53
  0.225212544542473529987086E-23  0.100000000000000000000000E+01  0.233076230237525901435129E-14 -0.120674728032349559474461E-23
  0.910927919121642255912024E-09 -0.233076230237525940878174E-14  0.999999999999999888977698E+00 -0.566923199815368767945633E-09
 -0.279550450117688809026362E+00  0.146099659253067457240665E-24 -0.289670293581398706167569E-09 -0.960131004519173769651275E+00
  0.960131004519173658628972E+00 -0.917861890032075027720572E-25 -0.103309356052946045773675E-08 -0.279550450117688864537513E+00
     54
 -0.605149787885162507009991E-23  0.999999999999999888977698E+00 -0.750017975975227279686852E-14  0.288717358979713825505782E-23
  0.743448353259880581803683E-09  0.727813515482724306650560E-14  0.999999999999999777955395E+00 -0.434870652585331672610709E-09
 -0.326003396843344395161779E+00 -0.345028711093821945447232E-24 -0.168746442800209703666776E-09 -0.945368597556847434226768E+00
  0.945368597556847323204465E+00  0.148174879785060780630860E-24 -0.844601827093544418756571E-09 -0.326003396843344450672930E+00
     55
 -0.361681725449858199532518E-23  0.999999999999999888977698E+00 -0.622716967363619580377084E-14  0.144525345864462970873045E-23
  0.548712032241650160729974E-09  0.600512506871116449568612E-14  0.999999999999999777955395E+00 -0.260740717373114642751018E-09
 -0.369646547175897233206143E+00 -0.146463668972829856008330E-24 -0.394436635038340079621961E-10 -0.929172443715878371151007E+00
  0.929172443715878260128704E+00  0.421019637477585150484953E-25 -0.606229799461690319540252E-09 -0.369646547175897288717294E+00
     56
  0.000000000000000000000000E+00 -0.100000000000000000000000E+01  0.000000000000000000000000E+00  0.000000000000000000000000E+00
 -0.335021349672436232699801E-09  0.000000000000000000000000E+00 -0.100000000000000022204460E+01  0.423598923910119190068104E-10
 -0.410055439575843505561892E+00  0.000000000000000000000000E+00  0.987427200754487523289334E-10 -0.912060599123908022356488E+00
  0.912060599123908244401093E+00  0.000000000000000000000000E+00 -0.322930082232595199515366E-09 -0.410055439575843394539589E+00
     57
 -0.938032987211031153109808E-22  0.100000000000000000000000E+01 -0.750896235856975511630914E-13  0.724273798967544943107772E-23
 -0.124895700606028175672677E-08 -0.750896235856975511630914E-13 -0.100000000000000000000000E+01  0.968563791128451415271192E-10
 -0.447382335473954284577047E+00 -0.357462648312143110948383E-25  0.472138546545604362503653E-09 -0.894342801114802021800188E+00
  0.894342801114802021800188E+00  0.401972696334541348767505E-26 -0.116032763965696168198793E-08 -0.447382335473954284577047E+00
     58
 -0.934113362365682649885708E-10  0.000000000000000000000000E+00  0.100000000000000000000000E+01  0.554012358085552097529364E-09
  0.000000000000000000000000E+00 -0.100000000000000000000000E+01  0.000000000000000000000000E+00  0.000000000000000000000000E+00
 -0.482273584485139406030640E+00  0.000000000000000000000000E+00  0.440276395850987565578247E-09 -0.876020655982411855511316E+00
 -0.876020655982411855511316E+00  0.000000000000000000000000E+00 -0.349015883086966856995309E-09  0.482273584485139406030640E+00
     59
 -0.172764918560395342741079E-08  0.289246288789811358606511E-14 -0.999999999999999888977698E+00  0.986881970211790595495853E-09
 -0.464978699549996534034996E-23 -0.100000000000000000000000E+01 -0.289246288789811319163466E-14  0.339639397973783307062107E-23
  0.515666684121627860726278E+00  0.643401547941163970127996E-24 -0.453411193372069767098905E-10  0.856789280329186442308753E+00
  0.856789280329186331286451E+00  0.181998243200900447346511E-25 -0.198913326534801277392401E-08 -0.515666684121627971748580E+00
     60
  0.389318751336501431084422E-09  0.107926172022410946165682E-14 -0.100000000000000022204460E+01 -0.124796957191229571378451E-08
 -0.235570610680620645980404E-26 -0.100000000000000000000000E+01 -0.107926172022411005330250E-14 -0.197945459137081064649540E-23
 -0.548526833335413077641363E+00  0.760682053074700894454283E-24  0.829916639211029639666255E-09 -0.836132951815094949132856E+00
 -0.836132951815094949132856E+00  0.631240956373466392208725E-26 -0.101006712696136674648844E-08  0.548526833335413188663665E+00
     61
  0.169451057526133566975811E-08  0.000000000000000000000000E+00  0.100000000000000000000000E+01 -0.185077118903036930797513E-08
 -0.581558319581428562194958E+00  0.000000000000000000000000E+00 -0.520154300977636632202862E-09 -0.813504714753162772034045E+00
  0.000000000000000000000000E+00 -0.100000000000000000000000E+01  0.000000000000000000000000E+00  0.000000000000000000000000E+00
  0.813504714753162772034045E+00  0.000000000000000000000000E+00 -0.245482381511358197278081E-08 -0.581558319581428562194958E+00
     62
  0.000000000000000000000000E+00  0.000000000000000000000000E+00  0.100000000000000000000000E+01  0.000000000000000000000000E+00
  0.582368688269756962228030E+00  0.000000000000000000000000E+00  0.000000000000000000000000E+00  0.812924787986541108608662E+00
  0.000000000000000000000000E+00 -0.100000000000000000000000E+01  0.000000000000000000000000E+00  0.000000000000000000000000E+00
 -0.812924787986541108608662E+00  0.000000000000000000000000E+00  0.000000000000000000000000E+00  0.582368688269756962228030E+00
     63
 -0.354235109642281175325459E-08  0.929695584460128156121677E-15 -0.100000000000000022204460E+01  0.362040560646131182512123E-08
  0.583176661316559652448177E+00 -0.383907933860826033162153E-22  0.875203205161725643739642E-09  0.812345358634903869088362E+00
  0.256779054996259816890327E-22  0.100000000000000000000000E+01  0.929695584460140777896160E-15  0.278235917662489749784991E-22
  0.812345358634903980110664E+00  0.494541573066873655101579E-26 -0.498894852602219316551745E-08 -0.583176661316559652448177E+00
     64
 -0.656939648941885759939323E-09  0.926259031753563999064070E-15 -0.100000000000000000000000E+01  0.148896310311590411716066E-08
 -0.583982235083304379585911E+00  0.110139321317025527733046E-22 -0.825049189332482275050639E-09 -0.811766437534287566002433E+00
 -0.703887053192406211202913E-23 -0.100000000000000000000000E+01 -0.926259031753567154507691E-15 -0.756270183009178617549526E-23
  0.811766437534287454980131E+00  0.192968627514150317975872E-26 -0.140280955941077168625631E-08 -0.583982235083304379585911E+00
     65
  0.227035413782744109791932E-08  0.190337886532343926689717E-14 -0.100000000000000022204460E+01 -0.538899667684288693317893E-09
  0.584785411651229991569778E+00  0.630882998833021383863163E-23  0.890521148369948678810525E-09  0.811188031420521760139764E+00
 -0.741292009999451089197578E-23  0.999999999999999888977698E+00  0.168133426039841426969969E-14 -0.409271409908672483543324E-23
 -0.811188031420521760139764E+00  0.136282176458396030474762E-26 -0.215682494781707070344033E-08  0.584785411651229880547476E+00
     66
  0.168435142277515083421718E-08  0.919469318270689153459557E-15 -0.999999999999999888977698E+00 -0.366176779867510686355411E-09
  0.585586211886129137660362E+00  0.168533154490571730539858E-23  0.689506360753889564778315E-09  0.810610133448166014780156E+00
 -0.253527312029320222881365E-23  0.100000000000000000000000E+01  0.919469318270685998015936E-15 -0.102970647826913016728156E-23
 -0.810610133448166014780156E+00  0.423445591776661936542611E-27 -0.157978040499265147505496E-08  0.585586211886129137660362E+00
     67
  0.173943675013325480627526E-08  0.916115623353287159395736E-15 -0.100000000000000022204460E+01 -0.274596318639162996730949E-09
  0.586384647378307533038821E+00  0.106238039747082619655821E-23  0.797546996059296338035018E-09  0.810032743362277818377493E+00
  0.221624700183758388312248E-23 -0.100000000000000000000000E+01 -0.916115623353287948256641E-15  0.609175923179647182563827E-24
 -0.810032743362278040422098E+00  0.298426883211359840842197E-27 -0.157001978809221216026698E-08  0.586384647378307533038821E+00
     68
 -0.180215261902382980131787E-08  0.000000000000000000000000E+00  0.999999999999999888977698E+00  0.172909277402866778818324E-09
  0.587180710219589618859004E+00  0.000000000000000000000000E+00  0.918226693949218926314296E-09  0.809455874983941559008827E+00
  0.000000000000000000000000E+00 -0.100000000000000000000000E+01  0.000000000000000000000000E+00  0.000000000000000000000000E+00
 -0.809455874983941447986524E+00  0.000000000000000000000000E+00 -0.156029183766019899647633E-08  0.587180710219589729881307E+00
     69
  0.112129345215761524810062E-08  0.909489625769677170541414E-15 -0.100000000000000000000000E+01 -0.149152284530366750694370E-09
  0.587974430930279345908218E+00  0.437157064099737047778221E-24  0.538645521421573053283827E-09  0.808879514249318920526832E+00
  0.127672757509083142214466E-23 -0.100000000000000000000000E+01 -0.909489625769677762187093E-15  0.218038068730710798151138E-24
 -0.808879514249318920526832E+00  0.141384568613800906225550E-27 -0.994688852923553294743690E-09  0.587974430930279567952823E+00
     70
  0.116398954323147354972408E-08 -0.906216844505507410285040E-15 -0.100000000000000000000000E+01 -0.798120181092014589341045E-10
  0.588765803430521872385839E+00 -0.208548544786123294461708E-24  0.620804760440232319529073E-09  0.808303673572508207811893E+00
  0.117755649774034129887794E-23  0.100000000000000000000000E+01 -0.906216844505507410285040E-15  0.962848486103621516813170E-25
 -0.808303673572508207811893E+00 -0.701279623145868867627038E-28 -0.987847431279991670503617E-09  0.588765803430521983408141E+00
     71
 -0.185787986290038928613726E-08  0.276534743381116958430883E-14 -0.999999999999999777955395E+00  0.169294044277744175867336E-08
 -0.589554832768457659497585E+00  0.122185952873884041653563E-22 -0.272114081854199150364928E-09 -0.807728357283162168300805E+00
 -0.116379606913711151962589E-22 -0.999999999999999888977698E+00 -0.254330282888613748736319E-14 -0.519021179401567145965396E-23
  0.807728357283162057278503E+00  0.419707059947607232480334E-26 -0.249874328996690199225950E-08 -0.589554832768457770519888E+00
     72
 -0.127338667269459764948562E-08  0.899750660952249338385991E-15  0.100000000000000000000000E+01 -0.907750291996130300564892E-10
  0.590341528992403219433527E+00  0.194775753510006951014244E-24  0.825002423881570946975594E-09  0.807153566025023194718813E+00
  0.103080053957043265489340E-23  0.100000000000000000000000E+01 -0.899750660952249338385991E-15 -0.755787331176431084211084E-25
 -0.807153566025023194718813E+00  0.672180681737928952188219E-28 -0.974230324262154020407287E-09  0.590341528992403219433527E+00
     73
 -0.377852361152744075113437E-09  0.156676197489667290985508E-14  0.100000000000000022204460E+01  0.199969093923174090829189E-09
  0.591125901654696805920253E+00 -0.393732297532639321058403E-24  0.620674513594388570129731E-10  0.806579300746629423990441E+00
 -0.830579604113600822334715E-24 -0.100000000000000000000000E+01  0.156676197489667271263985E-14  0.000000000000000000000000E+00
 -0.806579300746629535012744E+00  0.722747675225679683048684E-26 -0.422974893740741002520268E-09  0.591125901654696916942555E+00
     74
  0.183213248020787446325311E-08  0.000000000000000000000000E+00  0.100000000000000000000000E+01 -0.169428930929212651724852E-08
 -0.591907971855925141291266E+00  0.000000000000000000000000E+00 -0.281152772604109883278109E-09 -0.806005553860148937772578E+00
  0.000000000000000000000000E+00  0.100000000000000000000000E+01  0.000000000000000000000000E+00  0.000000000000000000000000E+00
  0.806005553860148937772578E+00  0.000000000000000000000000E+00 -0.247957230325541299538234E-08 -0.591907971855925141291266E+00
     75
  0.181903206107142776271502E-08  0.000000000000000000000000E+00  0.100000000000000000000000E+01 -0.170080780131994013169546E-08
  0.592687727304756939439301E+00  0.000000000000000000000000E+00  0.291767764524171991139055E-09  0.805432342225169128901996E+00
  0.000000000000000000000000E+00 -0.100000000000000000000000E+01  0.000000000000000000000000E+00  0.000000000000000000000000E+00
  0.805432342225169017879693E+00  0.000000000000000000000000E+00 -0.247315498503600310039111E-08 -0.592687727304757161483906E+00
     76
  0.169020633370423688174387E-08  0.000000000000000000000000E+00 -0.100000000000000000000000E+01  0.696122950087277874320780E-09
 -0.593465183613801516848696E+00  0.000000000000000000000000E+00 -0.156335996052244737250947E-08 -0.804859662200955838784466E+00
  0.000000000000000000000000E+00  0.100000000000000000000000E+01  0.000000000000000000000000E+00  0.000000000000000000000000E+00
 -0.804859662200955838784466E+00  0.000000000000000000000000E+00 -0.947254253761128332534920E-09  0.593465183613801627870998E+00
     77
  0.188540857682762823220048E-08  0.000000000000000000000000E+00 -0.999999999999999888977698E+00  0.969047909787817082725709E-09
