      1
 -0.218470071999086662383710E-11  0.715062144342534899976727E+00  0.699060891287916041925143E+00  0.289409645475904504463344E-11
  0.223470773583862125330868E-11  0.699060891287916041925143E+00 -0.715062144342534899976727E+00 -0.296034128452166534249078E-11
 -0.677644811258622858929357E+00 -0.170640230083043126523281E-26 -0.516226682060413095309325E-11  0.735389359301768519294740E+00
  0.735389359301768519294740E+00  0.303230486596252391592071E-27 -0.507200141687250236953050E-12  0.677644811258622858929357E+00
      2
 -0.105702299873637689000632E-16  0.708097430484898704428076E+00 -0.706114742050244936777403E+00  0.719848293318230851504000E-16
  0.105999099692413948818398E-16  0.706114742050245047799706E+00  0.708097430484898593405774E+00 -0.721869543974637157328660E-16
 -0.633329111754268758716080E+00  0.000000000000000000000000E+00  0.229001390394168866191067E-15  0.773882572619741027075690E+00
 -0.773882572619740916053388E+00  0.000000000000000000000000E+00  0.118856432802662656987198E-15 -0.633329111754268869738382E+00
      3
  0.347482542706651712425733E-11  0.708097430484813883388995E+00 -0.706114742050330090883392E+00 -0.454618287521990479970900E-11
 -0.348458233451486169716457E-11  0.706114742050330090883392E+00  0.708097430484813883388995E+00  0.455894803032993034798645E-11
  0.613264647390391659520503E+00  0.260607325348374563421010E-26  0.810331063474505891109921E-11 -0.789877504592413681727692E+00
  0.789877504592413681727692E+00  0.637032146182442382853570E-27 -0.614471277460977266218441E-13  0.613264647390391659520503E+00
      4
 -0.459625560802422863638826E-11  0.707894980733817957840870E+00 -0.706317702066051600340302E+00  0.597410126086650739624289E-11
 -0.460651951037430674443288E-11 -0.706317702066051600340302E+00 -0.707894980733817957840870E+00  0.598744203152860309666404E-11
  0.577103450994194577816643E+00  0.000000000000000000000000E+00 -0.106628936402028648511455E-10 -0.816671051801514003010141E+00
 -0.816671051801514003010141E+00  0.000000000000000000000000E+00  0.433168313103260333054792E-12 -0.577103450994194577816643E+00
      5
  0.000000000000000000000000E+00  0.707972313402312591890109E+00  0.706240188219119824353243E+00  0.000000000000000000000000E+00
  0.000000000000000000000000E+00  0.706240188219119824353243E+00 -0.707972313402312591890109E+00  0.000000000000000000000000E+00
  0.560892968286108906106335E+00  0.000000000000000000000000E+00  0.000000000000000000000000E+00 -0.827888324671388287079310E+00
  0.827888324671388287079310E+00  0.000000000000000000000000E+00  0.000000000000000000000000E+00  0.560892968286108906106335E+00
      6
  0.000000000000000000000000E+00 -0.708097430484898371361169E+00  0.706114742050245380866613E+00  0.000000000000000000000000E+00
  0.000000000000000000000000E+00  0.706114742050245380866613E+00  0.708097430484898371361169E+00  0.000000000000000000000000E+00
 -0.518965780696019729489876E+00  0.000000000000000000000000E+00  0.000000000000000000000000E+00  0.854795015466615071275669E+00
  0.854795015466615071275669E+00  0.000000000000000000000000E+00  0.000000000000000000000000E+00  0.518965780696019729489876E+00
      7
  0.890096465828685120907597E-11 -0.708097430484468270961429E+00 -0.706114742050676702511680E+00 -0.112898235450742013306382E-10
  0.892595753639378311159547E-11  0.706114742050676702511680E+00 -0.708097430484468270961429E+00 -0.113215240623263485468509E-10
 -0.506995917075539814788954E+00  0.693571509910562285889563E-26 -0.201723570687861168648626E-10  0.861948455575350602764217E+00
  0.861948455575350602764217E+00 -0.315341582681114370299300E-26  0.275915256042818426346769E-11  0.506995917075539814788954E+00
      8
  0.129914092981251687612424E-10  0.708891902878095114814982E+00 -0.705317141457566854079175E+00 -0.162032438203198093864218E-10
  0.130572537048855912707676E-10 -0.705317141457566854079175E+00 -0.708891902878095114814982E+00 -0.162853667796124086358929E-10
 -0.476110560242632541161356E+00  0.000000000000000000000000E+00 -0.289717100178760349723213E-10  0.879385429959722908499486E+00
  0.879385429959722908499486E+00  0.000000000000000000000000E+00  0.525993250455730595841775E-11  0.476110560242632541161356E+00
      9
  0.000000000000000000000000E+00 -0.710074546683156726523123E+00  0.704126507207837981638932E+00  0.000000000000000000000000E+00
  0.000000000000000000000000E+00 -0.704126507207837981638932E+00 -0.710074546683156726523123E+00  0.000000000000000000000000E+00
  0.467246755534724056424523E+00  0.000000000000000000000000E+00  0.000000000000000000000000E+00 -0.884126953238206669816179E+00
  0.884126953238206669816179E+00  0.000000000000000000000000E+00  0.000000000000000000000000E+00  0.467246755534724056424523E+00
     10
 -0.262265763206767597246626E-10 -0.717480661890642523736972E+00 -0.696578423304200167187616E+00  0.319409515987293746884093E-10
 -0.270135575667509365658358E-10  0.696578423304200167187616E+00 -0.717480661890642523736972E+00  0.328994041844809245965551E-10
 -0.430234572790103519945859E+00  0.000000000000000000000000E+00  0.575918268430820926243411E-10  0.902717127552212339480775E+00
 -0.902717127552212339480775E+00  0.000000000000000000000000E+00  0.142598128851367628144303E-10 -0.430234572790103519945859E+00
     11
 -0.295783690777362803284593E-10 -0.711983888831258182605666E+00 -0.702195800361066324590809E+00  0.359038820476014705194536E-10
 -0.299906695973178572228963E-10  0.702195800361066324590809E+00 -0.711983888831258182605666E+00  0.364043555248346782107734E-10
 -0.423751988852074656932700E+00  0.000000000000000000000000E+00  0.641627996389848172611930E-10  0.905778257601666747511615E+00
 -0.905778257601666747511615E+00  0.000000000000000000000000E+00  0.164870000287621809439916E-10 -0.423751988852074656932700E+00
     12
  0.662068540497723652599864E-10  0.710074546683185148232553E+00  0.704126507207809337884896E+00 -0.800581671852336704659716E-10
  0.667661299432338204571549E-10 -0.704126507207809337884896E+00  0.710074546683185148232553E+00 -0.807344506852432553638533E-10
 -0.417408260313487544657107E+00 -0.317918532665651057022786E-25  0.142567616994711491248839E-09  0.908719067821330606093966E+00
 -0.908719067821330606093966E+00 -0.286694326460308998497224E-25  0.379852471041117103243782E-10 -0.417408260313487544657107E+00
     13
 -0.369034042104858233458414E-10  0.709218983273295688896098E+00 -0.704988250799112869948715E+00  0.443983974451170628402560E-10
 -0.371248666680861425346210E-10 -0.704988250799112536881808E+00 -0.709218983273295688896098E+00  0.446648383987923151255533E-10
 -0.411149364252019533516602E+00  0.361711844528377685503641E-25  0.789302583005665569140909E-10  0.911567989935561651115847E+00
 -0.911567989935561651115847E+00  0.342516014036718750756319E-25  0.218236919570370861798961E-10 -0.411149364252019533516602E+00
     14
  0.000000000000000000000000E+00 -0.708891902878094892770378E+00 -0.705317141457567076123780E+00  0.000000000000000000000000E+00
  0.000000000000000000000000E+00  0.705317141457567076123780E+00 -0.708891902878094892770378E+00  0.000000000000000000000000E+00
  0.404941293070619046101655E+00  0.000000000000000000000000E+00  0.000000000000000000000000E+00 -0.914342686943082183503861E+00
  0.914342686943082183503861E+00  0.000000000000000000000000E+00  0.000000000000000000000000E+00  0.404941293070619046101655E+00
     15
  0.000000000000000000000000E+00 -0.708689679812519401913562E+00 -0.705520331193388527957211E+00  0.000000000000000000000000E+00
  0.000000000000000000000000E+00 -0.705520331193388527957211E+00  0.708689679812519401913562E+00  0.000000000000000000000000E+00
  0.398779682088225617686561E+00  0.000000000000000000000000E+00  0.000000000000000000000000E+00 -0.917046762795449721394903E+00
  0.917046762795449721394903E+00  0.000000000000000000000000E+00  0.000000000000000000000000E+00  0.398779682088225617686561E+00
     16
 -0.290798015039498018476942E-16  0.708689679812539052861098E+00  0.705520331193368765987373E+00  0.000000000000000000000000E+00
  0.292104342081645403380173E-16  0.705520331193368877009675E+00 -0.708689679812538941838795E+00  0.000000000000000000000000E+00
 -0.392702271634356392393528E+00 -0.644142346201273271583363E-32  0.710112052738751874891898E-16  0.919665659820576464333897E+00
 -0.919665659820576353311594E+00 -0.150851074370444553444355E-31  0.166300456274567990300976E-15 -0.392702271634356447904679E+00
     17
  0.000000000000000000000000E+00 -0.707832408520189360068287E+00 -0.706380408454614361346557E+00  0.000000000000000000000000E+00
  0.000000000000000000000000E+00  0.706380408454614361346557E+00 -0.707832408520189360068287E+00  0.000000000000000000000000E+00
  0.386803754279556488704372E+00  0.000000000000000000000000E+00  0.000000000000000000000000E+00 -0.922162054996430891051773E+00
  0.922162054996430891051773E+00  0.000000000000000000000000E+00  0.000000000000000000000000E+00  0.386803754279556488704372E+00
     18
  0.000000000000000000000000E+00 -0.708159979096999570025162E+00 -0.706052012252169070016805E+00  0.000000000000000000000000E+00
  0.000000000000000000000000E+00  0.706052012252169070016805E+00 -0.708159979096999570025162E+00  0.000000000000000000000000E+00
  0.381252926255565616209253E+00  0.000000000000000000000000E+00  0.000000000000000000000000E+00 -0.924470770885466364141791E+00
  0.924470770885466364141791E+00  0.000000000000000000000000E+00  0.000000000000000000000000E+00  0.381252926255565616209253E+00
     19
  0.000000000000000000000000E+00 -0.708891902878095114814982E+00  0.705317141457566854079175E+00  0.000000000000000000000000E+00
  0.000000000000000000000000E+00  0.705317141457566854079175E+00  0.708891902878095114814982E+00  0.000000000000000000000000E+00
  0.376310645309354263599033E+00  0.000000000000000000000000E+00  0.000000000000000000000000E+00 -0.926493550019025891018032E+00
  0.926493550019025891018032E+00  0.000000000000000000000000E+00  0.000000000000000000000000E+00  0.376310645309354263599033E+00
     20
  0.000000000000000000000000E+00 -0.710074546683156393456215E+00 -0.704126507207838314705839E+00  0.000000000000000000000000E+00
  0.000000000000000000000000E+00  0.704126507207838314705839E+00 -0.710074546683156393456215E+00  0.000000000000000000000000E+00
  0.372345462592761966558186E+00  0.000000000000000000000000E+00  0.000000000000000000000000E+00 -0.928094206687328782123814E+00
  0.928094206687328782123814E+00  0.000000000000000000000000E+00  0.000000000000000000000000E+00  0.372345462592761966558186E+00
     21
 -0.303079287863575070547712E-09 -0.707106781186546906603496E+00  0.707106781186548016826521E+00  0.361038563859092832360281E-09
  0.303079287863575018848924E-09 -0.707106781186548016826521E+00 -0.707106781186546906603496E+00 -0.361038563859092315372398E-09
 -0.369840053813152158657118E+00 -0.176961406786721505072113E-24 -0.632903197919718972263677E-09  0.929095438905758741476859E+00
  0.929095438905758741476859E+00  0.228471717671877209859366E-24  0.209392790500648799101513E-09  0.369840053813152158657118E+00
     22
 -0.175501905147678411961951E-09 -0.707106781186547683759613E+00  0.707106781186547350692706E+00  0.285900739726958488255874E-09
  0.175501905147678825552257E-09 -0.707106781186547350692706E+00 -0.707106781186547683759613E+00 -0.285900739726958695051027E-09
  0.369370939406997333964711E+00  0.143004014561264397104712E-24  0.467408508731726072952351E-09 -0.929282039599169440435844E+00
  0.929282039599169440435844E+00  0.187832675695020739797058E-24  0.812993809260419795842774E-10  0.369370939406997333964711E+00
     23
  0.400095469522142311871599E-10 -0.707106781186546240469681E+00  0.707106781186548793982638E+00 -0.106880913134088200881210E-09
  0.400095469522140954778406E-10  0.707106781186548793982638E+00  0.707106781186546240469681E+00 -0.106880913134087826064995E-09
 -0.371515815253188941280627E+00  0.000000000000000000000000E+00  0.161355029876408191057398E-09  0.928426625542782657518615E+00
  0.928426625542782657518615E+00  0.000000000000000000000000E+00  0.362334779643765283352103E-11  0.371515815253188941280627E+00
     24
  0.262051823635938298085017E-10 -0.707106781186546906603496E+00 -0.707106781186548127848823E+00  0.141748545748287235944069E-09
  0.262051823635939558242981E-10  0.707106781186548127848823E+00 -0.707106781186546906603496E+00  0.141748545748286977450127E-09
 -0.376573383354841084713627E+00  0.735045064483993496669392E-25  0.171750306323064393886621E-09  0.926386791220971450577792E+00
 -0.926386791220971450577792E+00  0.968099683406238514015385E-25 -0.109820562222474868803701E-09 -0.376573383354841084713627E+00
     25
 -0.356289557285846621039840E-09 -0.707106781186546129447379E+00  0.707106781186549016027243E+00 -0.436765975301395034611934E-09
 -0.356289557285845690461651E-09  0.707106781186549016027243E+00  0.707106781186546129447379E+00 -0.436765975301393121756767E-09
 -0.383844651520117707832469E+00 -0.229437683212012952023298E-24  0.376956955026366837262817E-09  0.923397684369740789911418E+00
 -0.923397684369740789911418E+00 -0.297786223111469057500799E-24 -0.702365359028059921051596E-09 -0.383844651520117707832469E+00
     26
 -0.185692237225229808318713E-08  0.707106781186549016027243E+00 -0.707106781186546129447379E+00 -0.102281687161083446951039E-08
 -0.185692237225230552781265E-08 -0.707106781186546129447379E+00 -0.707106781186549016027243E+00 -0.102281687161083860541345E-08
 -0.390187411397776795496384E+00  0.000000000000000000000000E+00 -0.307161480920918972018455E-09  0.920735458199966494419186E+00
 -0.920735458199966494419186E+00  0.000000000000000000000000E+00  0.298232846777484071183429E-08 -0.390187411397776795496384E+00
     27
 -0.178395192149101424955048E-08 -0.707106781186547461715008E+00  0.707106781186547683759613E+00 -0.122040650867576582444267E-08
 -0.178395192149101486993594E-08  0.707106781186547683759613E+00  0.707106781186547461715008E+00 -0.122040650867576499726206E-08
  0.388621795801923575197634E+00  0.639108890023798216260494E-24 -0.609804276420937702589593E-09 -0.921397362611641068674828E+00
 -0.921397362611641068674828E+00 -0.815310859910268317222277E-24 -0.299531162880893611355434E-08 -0.388621795801923575197634E+00
     28
  0.297708774503862342958120E-08  0.707106781186547239670404E+00  0.707106781186548016826521E+00  0.166047441712978542927356E-08
  0.297708774503861763931691E-08 -0.707106781186547905804218E+00  0.707106781186547350692706E+00  0.166047441712978418850264E-08
  0.371246686958790761412530E+00 -0.849554149599364177275727E-24  0.617408045340233570307740E-09 -0.928534273692749434481186E+00
  0.928534273692749656525791E+00 -0.112962797225289849709158E-23 -0.478113602647038702206139E-08  0.371246686958790705901379E+00
     29
 -0.329347733387307839801219E-08  0.707106781186547572737311E+00  0.707106781186547572737311E+00 -0.248704917676385983202494E-08
 -0.329347733387307881160249E-08 -0.707106781186547461715008E+00  0.707106781186547683759613E+00 -0.248704917676386024561525E-08
  0.339136072436691859977032E+00  0.000000000000000000000000E+00 -0.172919131069093894652021E-08 -0.940737330168317953393853E+00
 -0.940737330168318286460760E+00  0.000000000000000000000000E+00 -0.557446999228179947509211E-08 -0.339136072436691804465880E+00
     30
 -0.149311486435297114221134E-08  0.707106781186547461715008E+00  0.707106781186547572737311E+00 -0.122713294607174717814606E-08
 -0.149311486435297114221134E-08 -0.707106781186547572737311E+00  0.707106781186547461715008E+00 -0.122713294607174697135091E-08
 -0.304397359812422940716914E+00  0.000000000000000000000000E+00  0.101031315034672471678562E-08  0.952545141890517754745815E+00
 -0.952545141890517754745815E+00  0.000000000000000000000000E+00 -0.253963822976328603896608E-08 -0.304397359812422940716914E+00
     31
 -0.459395584289020907795483E-09  0.707106781186547461715008E+00  0.707106781186547683759613E+00 -0.375065782117497372579976E-09
  0.459395584289020390807600E-09  0.707106781186547683759613E+00 -0.707106781186547461715008E+00  0.375065782117497424278765E-09
 -0.276669662488155332358275E+00 -0.177903949862376882856684E-24  0.329970390307791041004847E-09  0.960965086701223714094056E+00
 -0.960965086701223714094056E+00 -0.315714530822570512193987E-24 -0.771075112475720472624447E-09 -0.276669662488155332358275E+00
     32
  0.152126319879943663905736E-08  0.707106781186547239670404E+00  0.707106781186547683759613E+00  0.839644571743132073700047E-09
 -0.152126319879943457110583E-08  0.707106781186547794781916E+00 -0.707106781186547128648101E+00 -0.839644571743131660109741E-09
  0.257040728946910490559929E+00 -0.394503838190195635723061E-24  0.594544421337770914120087E-09 -0.966400571017236531545791E+00
  0.966400571017236420523489E+00 -0.754408008105023537103579E-24 -0.238432514242804810629846E-08  0.257040728946910546071081E+00
     33
 -0.533001933329815902129144E-09  0.707106781186547905804218E+00  0.707106781186546795581194E+00 -0.271989304472736791026394E-09
 -0.533001933329818487068558E-09 -0.707106781186546906603496E+00  0.707106781186548127848823E+00 -0.271989304472737049520335E-09
 -0.242772039585847865250656E+00  0.127578476858620123848336E-24  0.190147061115939457409756E-09  0.970083365899718552682884E+00
 -0.970083365899718774727489E+00  0.258802339671747884408369E-24 -0.824610867396402138648017E-09 -0.242772039585847809739505E+00
     34
  0.978665724715892177752099E-09 -0.707106781186548016826521E+00  0.707106781186547128648101E+00  0.294027415285446980682043E-09
 -0.978665724715893625318171E-09 -0.707106781186547239670404E+00 -0.707106781186547905804218E+00 -0.294027415285447135778408E-09
 -0.231060736711493963646546E+00  0.136764604203966187483023E-24 -0.847674642145497692880989E-10  0.972939327990364311027349E+00
  0.972939327990364200005047E+00 -0.291975281661012835845337E-24 -0.144266812043472564280000E-08  0.231060736711493991402122E+00
     35
  0.499248917624809140408732E-09 -0.707106781186547572737311E+00 -0.707106781186547572737311E+00  0.176123348173650932767067E-09
  0.499248917624809450601461E-09  0.707106781186547572737311E+00 -0.707106781186547572737311E+00  0.176123348173650855218885E-09
  0.219928537500360760104101E+00 -0.815171739550366161296232E-25 -0.876982924641121856374563E-10 -0.975515985718815481497757E+00
 -0.975515985718815481497757E+00  0.182927802230421850089885E-24 -0.743536710957677168263323E-09 -0.219928537500360760104101E+00
     36
  0.890867102117837089764754E-09 -0.707106781186547794781916E+00  0.707106781186547350692706E+00  0.276312568258689966576202E-09
 -0.890867102117837813547790E-09 -0.707106781186547350692706E+00 -0.707106781186547794781916E+00 -0.276312568258690225070143E-09
 -0.208096599753135713672947E+00  0.000000000000000000000000E+00 -0.120034458310251174685572E-09  0.978108278858319080129036E+00
  0.978108278858319080129036E+00  0.000000000000000000000000E+00 -0.131361244916223822868627E-08  0.208096599753135713672947E+00
     37
  0.581954718865714808947431E-09  0.707106781186548460915731E+00  0.707106781186546240469681E+00  0.209149733297929948945094E-09
  0.581954718865719151645646E-09 -0.707106781186546462514286E+00  0.707106781186548571938033E+00  0.209149733297930362535401E-09
  0.194750756708680999862437E+00  0.285595082032284056428278E-24  0.129837536487044061222986E-09 -0.980852763039079311724322E+00
  0.980852763039079200702020E+00  0.720091422372142880678815E-24 -0.864853548369479734243279E-09  0.194750756708681027618013E+00
     38
 -0.492121903179133790006495E-09  0.707106781186547794781916E+00 -0.707106781186547017625799E+00 -0.236033300905294150278550E-09
  0.492121903179134203596802E-09  0.707106781186547128648101E+00  0.707106781186547683759613E+00  0.236033300905294408772491E-09
  0.179387181203815110341893E+00  0.000000000000000000000000E+00  0.203539507673389211177566E-09 -0.983778551920984734024955E+00
 -0.983778551920984623002653E+00  0.000000000000000000000000E+00  0.744555392966280326665852E-09 -0.179387181203815138097468E+00
     39
  0.541410771240184770588981E-09 -0.707106781186546129447379E+00  0.707106781186549016027243E+00  0.373003725957953785956932E-09
 -0.541410771240178566734387E-09 -0.707106781186548793982638E+00 -0.707106781186545907402774E+00 -0.373003725957952493487224E-09
 -0.161730708908887382824204E+00 -0.332011376203356922841309E-24 -0.396729854488590736231415E-09  0.986834929355375423121188E+00
  0.986834929355375423121188E+00  0.990860011446383335512796E-24 -0.840904309735232131807558E-09  0.161730708908887382824204E+00
     40
 -0.220569341080674015430305E-09 -0.707106781186547683759613E+00  0.707106781186547350692706E+00 -0.223487661665547358289559E-09
 -0.220569341080673653538787E-09  0.707106781186547350692706E+00  0.707106781186547683759613E+00 -0.223487661665547539235318E-09
  0.141690407490277781032972E+00 -0.985393903728511922489947E-25 -0.268672756835260437679767E-09 -0.989911020458525414689177E+00
 -0.989911020458525414689177E+00  0.330761097359123369838769E-24 -0.353567754865172535970549E-09 -0.141690407490277781032972E+00
     41
 -0.946596031553604386081911E-10 -0.707106781186547572737311E+00  0.707106781186547239670404E+00 -0.231201505685476712132087E-09
 -0.946596031553598957709141E-10  0.707106781186547350692706E+00  0.707106781186547461715008E+00 -0.231201505685476841379057E-09
  0.119323254000486198012076E+00 -0.100436316617550909795930E-24 -0.308658580928836228815566E-09 -0.992855458289239378721902E+00
 -0.992855458289239267699600E+00  0.392500018943912004374768E-24 -0.171927495024497731918978E-09 -0.119323254000486211889864E+00
     42
  0.519072944648383394248990E-10 -0.707106781186547572737311E+00  0.707106781186547572737311E+00 -0.236098635011429010445901E-09
  0.519072944648383329625504E-10  0.707106781186547572737311E+00  0.707106781186547572737311E+00 -0.236098635011429010445901E-09
  0.947906390612658494854159E-01  0.000000000000000000000000E+00 -0.339348824951272816088882E-09 -0.995497229903909319759236E+00
  0.995497229903909319759236E+00  0.000000000000000000000000E+00 -0.414273345774415556082937E-10  0.947906390612658494854159E-01
     43
  0.214904074743392969837361E-09 -0.707106781186547461715008E+00  0.707106781186547350692706E+00 -0.240025154214819559210872E-09
  0.214904074743392039259172E-09  0.707106781186547461715008E+00  0.707106781186547350692706E+00 -0.240025154214819455813296E-09
 -0.683038207466143687529581E-01 -0.100799050565919132794573E-24  0.359412995392822082049548E-09  0.997664566911852457309351E+00
 -0.997664566911852346287048E+00 -0.650123121630773246719882E-24  0.280025067129618830725858E-09 -0.683038207466143826307459E-01
     44
  0.529158854348952845106733E-09 -0.707106781186547683759613E+00 -0.707106781186547350692706E+00 -0.612648502848694417129603E-09
 -0.529158854348949226191553E-09 -0.707106781186547461715008E+00  0.707106781186547572737311E+00  0.612648502848694417129603E-09
  0.400641867317690011929265E-01  0.252546913292688830060659E-24  0.895701962367487551432111E-09 -0.999197108153102031558035E+00
  0.999197108153101920535732E+00  0.267282920213183051480450E-23  0.713030544204322784072661E-09  0.400641867317690081318204E-01
     45
 -0.736502219785495269899579E-09  0.707106781186547461715008E+00  0.707106781186547683759613E+00  0.690442520980096635811822E-09
 -0.736502219785495063104426E-09 -0.707106781186547572737311E+00  0.707106781186547572737311E+00  0.690442520980096532414245E-09
 -0.102122090999573044561854E-01  0.000000000000000000000000E+00 -0.987018999702668131032309E-09  0.999947854033048422195407E+00
 -0.999947854033048644240012E+00  0.000000000000000000000000E+00 -0.103154501932891743136607E-08 -0.102122090999573061909089E-01
     46
 -0.739781578635618219731609E-09  0.707106781186547572737311E+00 -0.707106781186547350692706E+00  0.276556427625101692553971E-09
 -0.739781578635618219731609E-09 -0.707106781186547461715008E+00 -0.707106781186547461715008E+00  0.276556427625101744252759E-09
 -0.212012059310545709911455E-01  0.000000000000000000000000E+00 -0.368841047517780508968007E-09 -0.999775229172571999747277E+00
 -0.999775229172571888724974E+00  0.000000000000000000000000E+00  0.105426587389502468389834E-08  0.212012059310545709911455E-01
     47
  0.900128051549604354629296E-09 -0.707106781186547461715008E+00  0.707106781186547350692706E+00 -0.305747763425410185980635E-09
  0.900128051549604458026873E-09  0.707106781186547461715008E+00  0.707106781186547461715008E+00 -0.305747763425410185980635E-09
  0.542056163982294544889662E-01  0.000000000000000000000000E+00  0.362754625516397419995882E-09  0.998529794823813987569849E+00
 -0.998529794823813876547547E+00  0.000000000000000000000000E+00  0.129453987567734379290993E-08  0.542056163982294614278601E-01
     48
  0.103806327532819883946265E-08  0.707106781186547461715008E+00  0.707106781186547683759613E+00 -0.343732242542870571238890E-09
 -0.103806327532819925305296E-08  0.707106781186547572737311E+00 -0.707106781186547683759613E+00  0.343732242542870416142525E-09
  0.888570749743104321138887E-01  0.130771801728001231600046E-24  0.353741901647071175201419E-09  0.996044386675116855123235E+00
  0.996044386675117077167840E+00  0.493156464170299141037399E-24 -0.150543064579126620886565E-08 -0.888570749743104182361009E-01
     49
  0.114445969330530708370889E-08 -0.707106781186547572737311E+00  0.707106781186547461715008E+00 -0.386829761583474083190345E-09
  0.114445969330530770409435E-08  0.707106781186547461715008E+00  0.707106781186547572737311E+00 -0.386829761583473928093981E-09
  0.125142187531770199271364E+00 -0.144358461939672503109791E-24  0.340215409028476282320597E-09  0.992138817353581448088562E+00
  0.992138817353581448088562E+00 -0.354300132092713553942039E-24 -0.167424739597692569816539E-08 -0.125142187531770199271364E+00
     50
  0.121114623810129985918293E-08 -0.707106781186547572737311E+00  0.707106781186547350692706E+00 -0.428944238079545252854096E-09
  0.121114623810130047956839E-08  0.707106781186547350692706E+00  0.707106781186547572737311E+00 -0.428944238079545563046825E-09
 -0.162861302881467218117706E+00  0.000000000000000000000000E+00 -0.319567770657256369555821E-09 -0.986648973051586830607107E+00
  0.986648973051586830607107E+00  0.000000000000000000000000E+00 -0.178874625893509505988304E-08 -0.162861302881467218117706E+00
     51
 -0.173841657167749478273012E-22  0.999999999999999888977698E+00 -0.928225612413448014796008E-14  0.568366244253499061225916E-23
 -0.174191632106549782371411E-08 -0.906021151920944726215354E-14 -0.100000000000000000000000E+01  0.654359477549628563564087E-09
  0.201535371495661280727418E+00  0.333079944670040151067092E-24  0.289875033016817260719740E-09  0.979481237204728572010026E+00
  0.979481237204728572010026E+00  0.403267783845139250563978E-24 -0.183805115115253890354655E-08 -0.201535371495661280727418E+00
     52
 -0.675357392074235198701193E-23 -0.100000000000000000000000E+01  0.334520586313790264286766E-14  0.711266582337258688713476E-23
  0.183145498791273671380467E-08 -0.334520586313790264286766E-14 -0.100000000000000000000000E+01 -0.225765024889400868255183E-08
 -0.240395219486869732294920E+00  0.577469637504684398161508E-24  0.175117181746616701306638E-08 -0.970675094173050090340382E+00
 -0.970675094173050090340382E+00  0.502906708721567997456960E-24 -0.232047617773994422560211E-08  0.240395219486869732294920E+00
     53
 -0.465464234460344128202443E-23  0.100000000000000000000000E+01 -0.283702900747753250587711E-14  0.178031547298188713320510E-23
  0.158659356333707792832903E-08  0.283702900747753250587711E-14  0.100000000000000000000000E+01 -0.676005955351782438493585E-09
 -0.278491627987871803728837E+00 -0.174821117051458618690746E-24 -0.207409227220106696718056E-09 -0.960438656625536291144840E+00
  0.960438656625536291144840E+00  0.109058672432766612368072E-24 -0.171208778961760051122112E-08 -0.278491627987871803728837E+00
     54
  0.000000000000000000000000E+00 -0.100000000000000000000000E+01  0.000000000000000000000000E+00  0.000000000000000000000000E+00
 -0.140401563760198840404295E-08  0.000000000000000000000000E+00 -0.100000000000000000000000E+01  0.636200065410345809521357E-09
  0.314911935916865559637046E+00  0.000000000000000000000000E+00  0.161689457786824747889510E-09  0.949120894626755084999559E+00
  0.949120894626755084999559E+00  0.000000000000000000000000E+00 -0.153292767763314882648898E-08 -0.314911935916865559637046E+00
     55
  0.381736678343406017104075E-23  0.100000000000000000000000E+01  0.320367559337840848001307E-14 -0.164774269211454507002290E-23
  0.116056204302013894642713E-08 -0.320367559337840887444352E-14  0.999999999999999888977698E+00 -0.555140440695411675287710E-09
 -0.349025834431943959845768E+00  0.157184038584896325922624E-24 -0.115163322733941794171092E-09 -0.937113102511689999296607E+00
  0.937113102511689888274304E+00 -0.474235193846594872502624E-25 -0.128133604425163202226252E-08 -0.349025834431944015356919E+00
     56
  0.441819827438538651724018E-23  0.100000000000000000000000E+01  0.499104667293372432829222E-14 -0.199883567603398920706189E-23
  0.870307445031451225312674E-09 -0.499104667293372432829222E-14  0.100000000000000000000000E+01 -0.422934418380877236832118E-09
  0.380665412563736427209449E+00 -0.131955595736551665130910E-24  0.597969461849119196795134E-10  0.924712843902192216383185E+00
  0.924712843902192216383185E+00 -0.261943643373092167691071E-25 -0.965780977424644890389727E-09 -0.380665412563736427209449E+00
     57
  0.346490619089735615776885E-22 -0.100000000000000000000000E+01  0.273709116066230909570833E-13  0.207795488990575731609902E-22
  0.127120469403189949409506E-08  0.273709116066230909570833E-13  0.100000000000000000000000E+01  0.767925263106597386105432E-09
  0.410183040836734458256529E+00 -0.277674987200235482730254E-24 -0.122177696501789720839442E-08  0.912003219846251211855304E+00
  0.912003219846251211855304E+00 -0.340698738860332030634982E-25 -0.844352955737044308799414E-09 -0.410183040836734458256529E+00
     58
  0.255345952590674726415642E-09  0.656011701859791445615776E-14  0.100000000000000000000000E+01  0.746650348538695191423969E-10
  0.169190459736951474814860E-23 -0.100000000000000000000000E+01  0.656011701859791445615776E-14  0.519006807015620190468532E-24
 -0.438381585640142346083081E+00 -0.336076601600466717186789E-25  0.179047072224109343399951E-09 -0.898788954856274635574209E+00
  0.898788954856274635574209E+00  0.230564559958177067050860E-26 -0.196770345484636559778966E-09 -0.438381585640142346083081E+00
     59
 -0.183511055671817735661225E-08  0.305146353333589973774929E-14 -0.100000000000000000000000E+01  0.448164803836062613272623E-09
 -0.545998710561660977878472E-23 -0.100000000000000000000000E+01 -0.305146353333589973774929E-14  0.161338605196376486147757E-23
  0.466334335501980001836841E+00  0.282648040821414060830275E-24 -0.459324696328545534582069E-09  0.884608550451512765100404E+00
  0.884608550451512765100404E+00  0.901794533546744905129142E-26 -0.183234922370027875867841E-08 -0.466334335501980001836841E+00
     60
  0.872876920015341635309140E-10  0.337363655931089288105183E-14 -0.100000000000000022204460E+01 -0.925625118279368800100583E-09
 -0.719490496408206828770332E-24 -0.999999999999999888977698E+00 -0.315159195438586393954982E-14 -0.455100944773428209910909E-23
 -0.495096832484572479948781E+00  0.165290164239303925963200E-23  0.761002068665529345921276E-09 -0.868837802160876915280596E+00
 -0.868837802160877248347504E+00  0.157882683981454870942814E-25 -0.534113199983704248022468E-09  0.495096832484572479948781E+00
     61
 -0.197222386663620232641716E-08  0.000000000000000000000000E+00 -0.100000000000000022204460E+01  0.125130372461352835449205E-08
  0.525300375717025702648755E+00 -0.135525271560688054250932E-19  0.287454490855785300582388E-10  0.850916867426866563306476E+00
  0.677626357803440271254658E-20  0.100000000000000000000000E+01  0.000000000000000000000000E+00  0.135525271560688054250932E-19
  0.850916867426866674328778E+00  0.000000000000000000000000E+00 -0.233550896560893456437041E-08 -0.525300375717025702648755E+00
     62
  0.000000000000000000000000E+00  0.000000000000000000000000E+00  0.100000000000000000000000E+01  0.000000000000000000000000E+00
  0.526078521420245248663150E+00  0.000000000000000000000000E+00  0.000000000000000000000000E+00  0.850435999532174524695449E+00
  0.000000000000000000000000E+00 -0.100000000000000000000000E+01  0.000000000000000000000000E+00  0.000000000000000000000000E+00
 -0.850435999532174524695449E+00  0.000000000000000000000000E+00  0.000000000000000000000000E+00  0.526078521420245248663150E+00
     63
 -0.377421261428623257463543E-08  0.938641700390021009338171E-15 -0.100000000000000000000000E+01  0.257935402801709685586986E-08
  0.526854395937535135985286E+00 -0.326893542586978671630162E-22  0.203875777394166124553291E-09  0.849955555003492402299514E+00
  0.207618191036559391266680E-22  0.100000000000000000000000E+01  0.938641700390033631112654E-15  0.253654819513786971455622E-22
  0.849955555003492513321817E+00  0.393459844705698605558056E-26 -0.456685698561685236034253E-08 -0.526854395937535135985286E+00
     64
  0.140407550097296932129781E-08  0.000000000000000000000000E+00  0.100000000000000000000000E+01 -0.792959024790003470856061E-09
  0.527627995467490396030996E+00  0.000000000000000000000000E+00 -0.672301266323988669213268E-10  0.849475543143507927368319E+00
  0.000000000000000000000000E+00  0.100000000000000000000000E+01  0.000000000000000000000000E+00  0.000000000000000000000000E+00
  0.849475543143507816346016E+00  0.000000000000000000000000E+00 -0.161111499091984048590676E-08 -0.527627995467490618075601E+00
     65
  0.966698200595825874058731E-09  0.931819919772905323759973E-15 -0.999999999999999888977698E+00 -0.921326826113744910622219E-09
  0.528399320364090985258088E+00  0.561348336561339841687472E-23 -0.271400032198113873432662E-09  0.848995970684647494053365E+00
 -0.386587668847308256513862E-23  0.100000000000000000000000E+01  0.931819919772899012872731E-15 -0.390798172722033827897728E-23
 -0.848995970684647272008760E+00  0.126354724063588633239784E-26 -0.130755144018314389018303E-08  0.528399320364090985258088E+00
     66
 -0.765930856045443223399958E-09  0.000000000000000000000000E+00  0.100000000000000022204460E+01  0.631583249524916059871376E-09
 -0.529168390081187989260059E+00  0.000000000000000000000000E+00  0.130602620303788936836511E-09 -0.848516832442871238306736E+00
  0.000000000000000000000000E+00  0.100000000000000000000000E+01  0.000000000000000000000000E+00  0.000000000000000000000000E+00
 -0.848516832442871460351341E+00  0.000000000000000000000000E+00 -0.984119115195275418644157E-09  0.529168390081188100282361E+00
     67
  0.789608798239789596219338E-09 -0.925045454343984398853932E-15 -0.100000000000000000000000E+01 -0.569619395273392950164532E-09
 -0.529935215237051893133469E+00  0.227931186902058320174708E-23  0.646174575646230473016677E-10 -0.848038128654401757167136E+00
  0.193772323517794084333464E-23  0.100000000000000000000000E+01 -0.925045454343985187714837E-15  0.140638724088704656926885E-23
 -0.848038128654401868189439E+00 -0.693860600936920381925929E-27 -0.971479744465727393332529E-09  0.529935215237051893133469E+00
     68
  0.816526440004500415136110E-09 -0.921676603353232192248540E-15 -0.100000000000000000000000E+01 -0.502789078805616247197071E-09
 -0.530699787087411167796347E+00  0.171595494491916557219942E-23 -0.718656077576218399559635E-11 -0.847559871622870386609350E+00
  0.166274371880738628832782E-23  0.100000000000000000000000E+01 -0.921676603353232192248540E-15  0.991270257620907226411075E-24
 -0.847559871622870386609350E+00 -0.574025388101827001792200E-27 -0.958885101738902675615840E-09  0.530699787087411167796347E+00
     69
  0.571095097491939901690350E-09 -0.918320222130449688045624E-15 -0.999999999999999888977698E+00 -0.317903288984932634526529E-09
  0.531462134616630166306095E+00 -0.945440607347329834228525E-24  0.342251318319047975063938E-10  0.847082050021563559560889E+00
 -0.102662715775190856581203E-23 -0.100000000000000000000000E+01  0.918320222130449293615171E-15 -0.509108752402255999733206E-24
 -0.847082050021563448538586E+00 -0.338694898025020905814299E-27 -0.652717778416315393902536E-09  0.531462134616630277328397E+00
     70
  0.588295034887320665473739E-09  0.914976605959538209375967E-15 -0.100000000000000000000000E+01 -0.275114672101387840519571E-09
  0.532222249817912107516804E+00  0.724692472816940421034023E-24  0.801903983774976310195582E-10  0.846604675630107661454815E+00
 -0.923743238361943052988736E-24  0.100000000000000000000000E+01  0.914976605959538209375967E-15 -0.361949398031792044213975E-24
 -0.846604675630107661454815E+00  0.272162766727948340989325E-27 -0.644475570921301302546132E-09  0.532222249817912107516804E+00
     71
 -0.172827540801377781832908E-08  0.188026975653332484425444E-14 -0.999999999999999555910790E+00  0.132793175652378254022687E-08
 -0.532980138028581240661197E+00  0.647254456969871823826291E-23 -0.202463564601252726972375E-09 -0.846127751859631738184930E+00
 -0.611677231879103411834536E-23 -0.999999999999999888977698E+00 -0.165822515160829274730881E-14 -0.298106283765067279685666E-23
  0.846127751859631516140325E+00  0.250135514807254465063250E-26 -0.217010284858349234838172E-08 -0.532980138028581240661197E+00
     72
 -0.632291302019932555403216E-09  0.000000000000000000000000E+00  0.999999999999999888977698E+00  0.174981986490869185460477E-09
  0.533735807150364505169193E+00  0.000000000000000000000000E+00  0.189502648988897907306023E-09  0.845651280472955235723020E+00
  0.000000000000000000000000E+00  0.100000000000000000000000E+01  0.000000000000000000000000E+00  0.000000000000000000000000E+00
 -0.845651280472955124700718E+00  0.000000000000000000000000E+00 -0.628091913209239173131252E-09  0.533735807150364616191496E+00
     73
 -0.285935437510373610461991E-09  0.000000000000000000000000E+00  0.100000000000000000000000E+01  0.190568266237034667714004E-09
  0.534489265543151681470135E+00  0.000000000000000000000000E+00 -0.823428121018259961510252E-11  0.845175262900626056428166E+00
  0.000000000000000000000000E+00 -0.100000000000000000000000E+01  0.000000000000000000000000E+00  0.000000000000000000000000E+00
 -0.845175262900625945405864E+00  0.000000000000000000000000E+00 -0.343522063560686776580733E-09  0.534489265543151792492438E+00
     74
  0.164103748628294825436598E-08  0.150416915587708740389850E-14  0.100000000000000022204460E+01 -0.140723724182423382872740E-08
 -0.535240532458606588228633E+00 -0.253758844457343352888327E-23 -0.310343089086716346140727E-09 -0.844699693626928649337060E+00
 -0.386887729282670818920964E-23  0.100000000000000000000000E+01 -0.150416915587708740389850E-14  0.000000000000000000000000E+00
  0.844699693626928760359363E+00  0.500285869716761931326783E-25 -0.213939427250306237683251E-08 -0.535240532458606588228633E+00
     75
  0.159838093778123903510198E-08  0.139452248714481318226430E-14  0.100000000000000022204460E+01 -0.145475966285334358387511E-08
  0.535989595747435543238169E+00  0.243010392165469670072472E-23  0.371428322826212479525864E-09  0.844224586973455037863800E+00
  0.356749233246699475729070E-23 -0.100000000000000000000000E+01  0.139452248714481298504907E-14  0.000000000000000000000000E+00
  0.844224586973455370930708E+00  0.426471269268787805972665E-25 -0.212912853062706528925354E-08 -0.535989595747435654260471E+00
     76
  0.799015865593246576160089E-09  0.129963419907601748824182E-14 -0.100000000000000022204460E+01  0.146178646543164232904442E-09
 -0.536736468556216927972002E+00  0.227385741528691956470899E-24 -0.552199178448453895314480E-09 -0.843749941227731947712698E+00
 -0.913430005610376822029731E-24  0.100000000000000000000000E+01  0.129963419907601709381137E-14  0.000000000000000000000000E+00
 -0.843749941227732058735000E+00  0.349880796020388894667673E-26 -0.595710179110424925294189E-09  0.536736468556217038994305E+00
     77
  0.875877038309954747355315E-09 -0.159573664906748592998494E-14 -0.100000000000000000000000E+01  0.280775711359476768896426E-09
