      1
  0.216162315861242402934095E-11  0.713362225277029304848497E+00 -0.700795501946041898833073E+00 -0.281864433458341798164727E-11
  0.220038556519851472589747E-11 -0.700795501946041898833073E+00 -0.713362225277029304848497E+00 -0.286918849963984701300656E-11
 -0.675006652158004927244406E+00  0.165240089148502605333807E-26 -0.504960235519414611303596E-11  0.737811642319665672573592E+00
  0.737811642319665672573592E+00 -0.295710158537681048603168E-27 -0.439119461133354591714767E-12  0.675006652158004927244406E+00
      2
  0.000000000000000000000000E+00  0.708299822045474480880500E+00  0.705911724006868412928384E+00  0.000000000000000000000000E+00
  0.000000000000000000000000E+00  0.705911724006868412928384E+00 -0.708299822045474480880500E+00  0.000000000000000000000000E+00
 -0.632368190609777780508693E+00  0.000000000000000000000000E+00  0.000000000000000000000000E+00  0.774667975009239673234163E+00
  0.774667975009239673234163E+00  0.000000000000000000000000E+00  0.000000000000000000000000E+00  0.632368190609777780508693E+00
      3
  0.342555963211049824563027E-11 -0.708097430484898704428076E+00 -0.706114742050245047799706E+00 -0.440751390311811820370925E-11
 -0.343517820691192733849688E-11 -0.706114742050245047799706E+00  0.708097430484898704428076E+00  0.441988969181205444856515E-11
 -0.613098305595979442550458E+00  0.000000000000000000000000E+00 -0.790547152940948568974262E-11  0.790006625083194524705732E+00
  0.790006625083194524705732E+00  0.000000000000000000000000E+00  0.563010210049057142972969E-14  0.613098305595979442550458E+00
      4
 -0.453159599203031261683153E-11  0.707894980733817957840870E+00 -0.706317702066051489317999E+00  0.578904503638174654444145E-11
 -0.454171550293632273514212E-11 -0.706317702066051600340302E+00 -0.707894980733817846818567E+00  0.580197255782983643886273E-11
  0.578421996722613629415832E+00  0.000000000000000000000000E+00 -0.103970320646063505594940E-10 -0.815737699084346901123865E+00
 -0.815737699084346790101563E+00  0.000000000000000000000000E+00  0.492994346699757352153232E-12 -0.578421996722613740438135E+00
      5
  0.000000000000000000000000E+00  0.707972313402312591890109E+00  0.706240188219119824353243E+00  0.000000000000000000000000E+00
  0.000000000000000000000000E+00  0.706240188219119824353243E+00 -0.707972313402312591890109E+00  0.000000000000000000000000E+00
  0.562897622241845585477904E+00  0.000000000000000000000000E+00  0.000000000000000000000000E+00 -0.826526628049258138553057E+00
  0.826526628049258138553057E+00  0.000000000000000000000000E+00  0.000000000000000000000000E+00  0.562897622241845585477904E+00
      6
  0.000000000000000000000000E+00 -0.707894980733817624773963E+00  0.706317702066051933407209E+00  0.000000000000000000000000E+00
  0.000000000000000000000000E+00  0.706317702066051933407209E+00  0.707894980733817624773963E+00  0.000000000000000000000000E+00
 -0.522790155759416896863456E+00  0.000000000000000000000000E+00  0.000000000000000000000000E+00  0.852461408534746833964846E+00
  0.852461408534746833964846E+00  0.000000000000000000000000E+00  0.000000000000000000000000E+00  0.522790155759416896863456E+00
      7
  0.877786087218734481151143E-11 -0.708097430484554535290442E+00 -0.706114742050590216138062E+00 -0.109434807673261810140605E-10
  0.880250808911939540371013E-11  0.706114742050590216138062E+00 -0.708097430484554535290442E+00 -0.109742087941645413389210E-10
 -0.511346100786078894273601E+00  0.674213645295431523429897E-26 -0.196753819911371119959583E-10  0.859374868849952733285136E+00
  0.859374868849952733285136E+00 -0.302946187177240683275383E-26  0.275814495922237784032566E-11  0.511346100786078894273601E+00
      8
  0.128054145393330066437635E-10  0.708689679812519512935864E+00 -0.705520331193388527957211E+00 -0.157192679842750178479643E-10
  0.128629392074300772114964E-10 -0.705520331193388527957211E+00 -0.708689679812519512935864E+00 -0.157898823068919730179552E-10
 -0.481799121986670242367978E+00  0.000000000000000000000000E+00 -0.282687023562419843103032E-10  0.876281693322914168042814E+00
  0.876281693322914168042814E+00  0.000000000000000000000000E+00  0.517011439905886373187794E-11  0.481799121986670242367978E+00
      9
  0.000000000000000000000000E+00 -0.709421055710424242057854E+00  0.704784907411266314802845E+00  0.000000000000000000000000E+00
  0.000000000000000000000000E+00 -0.704784907411266314802845E+00 -0.709421055710424242057854E+00  0.000000000000000000000000E+00
  0.473304233914322636245231E+00  0.000000000000000000000000E+00  0.000000000000000000000000E+00 -0.880899030626539070176761E+00
  0.880899030626539070176761E+00  0.000000000000000000000000E+00  0.000000000000000000000000E+00  0.473304233914322636245231E+00
     10
 -0.260546194845005393101444E-10 -0.708891902878095114814982E+00 -0.705317141457566854079175E+00  0.313687311445270919803719E-10
 -0.261866722067231434679787E-10  0.705317141457566854079175E+00 -0.708891902878095114814982E+00  0.315277173981074953679450E-10
 -0.437625327980397771376886E+00  0.000000000000000000000000E+00  0.561556671123606821819023E-10  0.899157423541645073328255E+00
 -0.899157423541645073328255E+00  0.000000000000000000000000E+00  0.137518036810841195234444E-10 -0.437625327980397771376886E+00
     11
 -0.291610620930536685577983E-10  0.707832408520220446312976E+00 -0.706380408454583053057263E+00  0.350189295127379980226827E-10
 -0.292210041066859828864502E-10 -0.706380408454583164079565E+00 -0.707832408520220335290674E+00  0.350909126642275714433222E-10
 -0.431325925526068576498773E+00  0.135621384853189564464247E-25  0.625327849280305705073255E-10  0.902196179314166846197054E+00
 -0.902196179314166735174751E+00  0.113760277519405380193281E-25  0.158619463331730119402043E-10 -0.431325925526068632009924E+00
     12
 -0.650456553119585697527306E-10 -0.707504685654902987224091E+00 -0.706708652682530136246442E+00  0.778646464859569485020223E-10
 -0.651189224017860141478497E-10  0.706708652682530136246442E+00 -0.707504685654902987224091E+00  0.779523528211626929394947E-10
 -0.425147579219564364372275E+00  0.000000000000000000000000E+00  0.138856561206289019941298E-09  0.905124044473322064696674E+00
 -0.905124044473322064696674E+00  0.000000000000000000000000E+00  0.364653093419080534285269E-10 -0.425147579219564364372275E+00
     13
 -0.361643261103994639219134E-10  0.707504685654927856219842E+00 -0.706708652682505156228387E+00  0.430953916798453347993863E-10
 -0.362050614203466098725334E-10 -0.706708652682505156228387E+00 -0.707504685654927856219842E+00  0.431439341062135726143510E-10
 -0.419043185222588432381485E+00  0.175660861909589037653676E-25  0.768117735882985548526087E-10  0.907966303845306410558180E+00
 -0.907966303845306410558180E+00  0.162570182645772310077603E-25  0.209097313526142045386450E-10 -0.419043185222588432381485E+00
     14
  0.000000000000000000000000E+00 -0.707504685654902876201788E+00 -0.706708652682530136246442E+00  0.000000000000000000000000E+00
  0.000000000000000000000000E+00  0.706708652682530136246442E+00 -0.707504685654902876201788E+00  0.000000000000000000000000E+00
  0.412987768018428347271964E+00  0.000000000000000000000000E+00  0.000000000000000000000000E+00 -0.910736571938975614237677E+00
  0.910736571938975614237677E+00  0.000000000000000000000000E+00  0.000000000000000000000000E+00  0.412987768018428347271964E+00
     15
  0.000000000000000000000000E+00 -0.707504685654902876201788E+00 -0.706708652682530136246442E+00  0.000000000000000000000000E+00
  0.000000000000000000000000E+00 -0.706708652682530136246442E+00  0.707504685654902876201788E+00  0.000000000000000000000000E+00
  0.406988798170683951926918E+00  0.000000000000000000000000E+00  0.000000000000000000000000E+00 -0.913433149258106480417041E+00
  0.913433149258106480417041E+00  0.000000000000000000000000E+00  0.000000000000000000000000E+00  0.406988798170683951926918E+00
     16
  0.000000000000000000000000E+00 -0.707504685654902987224091E+00  0.706708652682530136246442E+00  0.000000000000000000000000E+00
  0.000000000000000000000000E+00 -0.706708652682530136246442E+00 -0.707504685654902987224091E+00  0.000000000000000000000000E+00
  0.401099503650685251798791E+00  0.000000000000000000000000E+00  0.000000000000000000000000E+00 -0.916034490710461057894065E+00
  0.916034490710461057894065E+00  0.000000000000000000000000E+00  0.000000000000000000000000E+00  0.401099503650685251798791E+00
     17
  0.000000000000000000000000E+00  0.707239440929191776064044E+00 -0.706974096551043484915056E+00  0.000000000000000000000000E+00
  0.000000000000000000000000E+00 -0.706974096551043484915056E+00 -0.707239440929191776064044E+00  0.000000000000000000000000E+00
  0.395434748469614072430289E+00  0.000000000000000000000000E+00  0.000000000000000000000000E+00 -0.918494071675355461259471E+00
  0.918494071675355461259471E+00  0.000000000000000000000000E+00  0.000000000000000000000000E+00  0.395434748469614072430289E+00
     18
 -0.290104944980922957130908E-16 -0.707302065672874236135215E+00  0.706911442752828134139520E+00  0.000000000000000000000000E+00
 -0.290265250266528340424703E-16  0.706911442752828245161822E+00  0.707302065672874125112912E+00  0.000000000000000000000000E+00
 -0.390189335549417204429545E+00  0.000000000000000000000000E+00  0.706267018991930604504594E-16  0.920734642784501899903660E+00
 -0.920734642784501788881357E+00  0.000000000000000000000000E+00  0.166658709553493699260974E-15 -0.390189335549417259940697E+00
     19
  0.000000000000000000000000E+00 -0.708034876249769906664255E+00 -0.706177466373696383072911E+00  0.000000000000000000000000E+00
  0.000000000000000000000000E+00  0.706177466373696383072911E+00 -0.708034876249769906664255E+00  0.000000000000000000000000E+00
  0.385657084945831118982795E+00  0.000000000000000000000000E+00  0.000000000000000000000000E+00 -0.922642191118032362062706E+00
  0.922642191118032362062706E+00  0.000000000000000000000000E+00  0.000000000000000000000000E+00  0.385657084945831118982795E+00
     20
 -0.287549049434186650620991E-16 -0.709016856405321305167888E+00  0.705191532374798146776129E+00  0.000000000000000000000000E+00
 -0.289108864375597461588521E-16  0.705191532374798257798432E+00  0.709016856405321194145586E+00  0.000000000000000000000000E+00
  0.382247153005057793695443E+00  0.000000000000000000000000E+00 -0.692894000206189848987004E-16 -0.924060124677787309011023E+00
  0.924060124677787197988721E+00  0.000000000000000000000000E+00 -0.167503069986384038581410E-15  0.382247153005057849206594E+00
     21
  0.285802939905328767254485E-09  0.710602803669108440409730E+00 -0.703593387843861495234421E+00 -0.335821687472004697403726E-09
 -0.288650197546583174433111E-09  0.703593387843861495234421E+00  0.710602803669108440409730E+00  0.339167247409457916158013E-09
 -0.380489654358409756795822E+00  0.000000000000000000000000E+00 -0.595952090950521099073872E-09  0.924785176636291894602948E+00
 -0.924785176636291894602948E+00  0.000000000000000000000000E+00 -0.194046127480596031353080E-09 -0.380489654358409756795822E+00
     22
  0.162283990457632165003005E-09  0.707106781186547128648101E+00 -0.707106781186547794781916E+00 -0.263219264199216871782659E-09
  0.162283990457632009906640E-09 -0.707106781186547794781916E+00 -0.707106781186547128648101E+00 -0.263219264199216613288717E-09
 -0.381010361042285305988031E+00  0.000000000000000000000000E+00 -0.431613339217777854427973E-09  0.924570767858484354739801E+00
 -0.924570767858484354739801E+00  0.000000000000000000000000E+00 -0.703624517632758464913178E-10 -0.381010361042285305988031E+00
     23
  0.379326672932683623945619E-10 -0.707106781186547794781916E+00  0.707106781186547239670404E+00 -0.993379635528054462203086E-10
  0.379326672932684011686531E-10  0.707106781186547239670404E+00  0.707106781186547794781916E+00 -0.993379635528055366931881E-10
 -0.384422011442706823558524E+00  0.000000000000000000000000E+00  0.150312100184812149474869E-09  0.923157471463207923711991E+00
  0.923157471463207923711991E+00  0.000000000000000000000000E+00  0.448298205271479497677707E-11  0.384422011442706823558524E+00
     24
 -0.266425344964247029911284E-10  0.707106781186543909001330E+00  0.707106781186551125450990E+00 -0.131619601639592983470809E-09
 -0.266425344964244315724899E-10 -0.707106781186551125450990E+00  0.707106781186543909001330E+00 -0.131619601639591639302314E-09
  0.391001555648604337545038E+00  0.000000000000000000000000E+00 -0.156587516777174842970208E-09 -0.920390017047322928078756E+00
  0.920390017047322928078756E+00  0.000000000000000000000000E+00  0.107459005903992420552715E-09  0.391001555648604337545038E+00
     25
 -0.348797889062959032812233E-09 -0.707106781186549127049545E+00  0.707106781186546018425076E+00 -0.407935870971427517581860E-09
 -0.348797889062958050535256E-09  0.707106781186545796380472E+00  0.707106781186548905004940E+00 -0.407935870971429585533391E-09
 -0.399875624831699694183840E+00  0.433709196947015081509342E-24  0.331528187905540011860549E-09  0.916569410718827026762767E+00
 -0.916569410718826915740465E+00  0.538395677645362081865735E-24 -0.682811925823013417295430E-09 -0.399875624831699749694991E+00
     26
 -0.181495612372613535483295E-08  0.707106781186547017625799E+00 -0.707106781186548349893428E+00 -0.959987163925591642697716E-09
 -0.181495612372613225290566E-08 -0.707106781186548127848823E+00 -0.707106781186547350692706E+00 -0.959987163925589988336490E-09
 -0.407419368641053880608638E+00  0.000000000000000000000000E+00 -0.194102756183696517535143E-09  0.913241182851564747835482E+00
 -0.913241182851565191924692E+00  0.000000000000000000000000E+00  0.289717261163309201251381E-08 -0.407419368641053714075184E+00
     27
  0.173006509246925556813479E-08  0.707106781186548016826521E+00 -0.707106781186547128648101E+00  0.116177800124939580424355E-08
  0.173006509246925742929117E-08 -0.707106781186547128648101E+00 -0.707106781186548016826521E+00  0.116177800124939704501447E-08
 -0.405805763029408128605979E+00  0.000000000000000000000000E+00  0.508759623137319741292815E-09  0.913959344113358107541956E+00
  0.913959344113358107541956E+00  0.000000000000000000000000E+00  0.290290750324876456049107E-08  0.405805763029408128605979E+00
     28
  0.288666051013804820806540E-08  0.707106781186547461715008E+00  0.707106781186547794781916E+00  0.159333447565488209347057E-08
  0.288666051013804903524601E-08 -0.707106781186547683759613E+00  0.707106781186547572737311E+00  0.159333447565488126628996E-08
  0.386447649505658130664187E+00  0.824131423159777359615956E-24  0.500641741465019000160747E-09 -0.922311343414767059734061E+00
  0.922311343414767281778666E+00  0.104915404888758893924314E-23 -0.463599059282522026108389E-08  0.386447649505658019641885E+00
     29
 -0.316969370460071775030052E-08  0.707106781186547905804218E+00  0.707106781186547461715008E+00 -0.240310492596296936447763E-08
 -0.316969370460072023184236E-08 -0.707106781186547350692706E+00  0.707106781186548016826521E+00 -0.240310492596297060524855E-08
  0.351038975519483431586565E+00  0.000000000000000000000000E+00 -0.160864978309908621566344E-08 -0.936360847999440415456718E+00
 -0.936360847999440748523625E+00  0.000000000000000000000000E+00 -0.539036128471331514527653E-08 -0.351038975519483376075414E+00
     30
 -0.143428056604266950427013E-08  0.707106781186547683759613E+00  0.707106781186547461715008E+00 -0.119011331607038631270793E-08
 -0.143428056604267157222166E-08 -0.707106781186547350692706E+00  0.707106781186547794781916E+00 -0.119011331607038651950309E-08
 -0.313443044462773379166265E+00  0.576815338271712998257283E-24  0.962477825040667403201734E-09  0.949607001805435224639496E+00
 -0.949607001805435446684100E+00  0.901950344716809165821542E-24 -0.245371120588964731719139E-08 -0.313443044462773323655114E+00
     31
 -0.442819102044320325055751E-09  0.707106781186547683759613E+00  0.707106781186547128648101E+00 -0.363589572446293221367260E-09
  0.442819102044320635248480E-09  0.707106781186547128648101E+00 -0.707106781186547683759613E+00  0.363589572446293531559990E-09
 -0.284275744416842279793656E+00  0.000000000000000000000000E+00  0.314953942505902521589822E-09  0.958742562493316130556309E+00
 -0.958742562493316130556309E+00  0.000000000000000000000000E+00 -0.746576374361004220699307E-09 -0.284275744416842279793656E+00
     32
  0.148971100249805373375346E-08  0.707106781186547905804218E+00  0.707106781186547461715008E+00  0.806971270825990017837999E-09
 -0.148971100249805332016316E-08  0.707106781186547461715008E+00 -0.707106781186547905804218E+00 -0.806971270825990741621035E-09
  0.264436571943236775616981E+00 -0.379522234483188831403816E-24  0.543498487829369018523195E-09 -0.964403079328819412552321E+00
  0.964403079328819412552321E+00 -0.703051771598133465221091E-24 -0.233355808479784409353555E-08  0.264436571943236775616981E+00
     33
  0.523335149484699647214240E-09 -0.707106781186547572737311E+00 -0.707106781186547461715008E+00  0.259330934102770218853794E-09
  0.523335149484699647214240E-09  0.707106781186547461715008E+00 -0.707106781186547572737311E+00  0.259330934102770270552583E-09
 -0.250700295036872577991716E+00  0.000000000000000000000000E+00  0.169491882910008470823821E-09  0.968064750968872456127201E+00
 -0.968064750968872456127201E+00  0.000000000000000000000000E+00 -0.808416307211325782165042E-09 -0.250700295036872577991716E+00
     34
 -0.970754080750751771730928E-09  0.707106781186547794781916E+00 -0.707106781186547239670404E+00 -0.274336162113253796003402E-09
  0.970754080750752185321234E-09  0.707106781186547239670404E+00  0.707106781186547794781916E+00  0.274336162113254002798555E-09
 -0.239891775571624971119533E+00 -0.127726859806934620104292E-24 -0.473047742233099082500157E-10  0.970799637419119010317559E+00
  0.970799637419119010317559E+00  0.261697905783197062969286E-24 -0.142583655746730519899499E-08  0.239891775571624971119533E+00
     35
  0.492019788929214302098821E-09 -0.707106781186547461715008E+00 -0.707106781186547572737311E+00  0.165915561651740952701978E-09
  0.492019788929214508893974E-09  0.707106781186547572737311E+00 -0.707106781186547461715008E+00  0.165915561651740849304401E-09
  0.229793567321162017780267E+00 -0.769014724811733503885630E-25 -0.684657244659777586616468E-10 -0.973239393169951116924210E+00
 -0.973239393169951116924210E+00  0.164603353474171946793086E-24 -0.731119235942860020429947E-09 -0.229793567321162017780267E+00
     36
  0.880741749270245071601664E-09 -0.707106781186545352291262E+00  0.707106781186549793183360E+00  0.258132627431542312222727E-09
 -0.880741749270237420180998E-09 -0.707106781186549460116453E+00 -0.707106781186545352291262E+00 -0.258132627431540968054232E-09
 -0.218966786160546073025657E+00 -0.237005346203446599580164E-24 -0.834599844465087009723730E-10  0.975732312962177994464241E+00
  0.975732312962177994464241E+00  0.531875922383277437559545E-24 -0.129526520397919300841125E-08  0.218966786160546073025657E+00
     37
  0.574140885987390667251931E-09  0.707106781186547350692706E+00  0.707106781186547461715008E+00  0.195930686173941255743249E-09
  0.574140885987390253661625E-09 -0.707106781186547461715008E+00  0.707106781186547350692706E+00  0.195930686173941281592643E-09
  0.206479168009455593679746E+00 -0.896413445292094072808313E-25  0.103464467422167468843594E-09 -0.978450996820036444923119E+00
  0.978450996820036444923119E+00 -0.212648678587618161894413E-24 -0.851673919857752236921210E-09  0.206479168009455593679746E+00
     38
 -0.482155786756508681783758E-09  0.707106781186547683759613E+00 -0.707106781186547461715008E+00 -0.223660933600722984035280E-09
  0.482155786756508888578911E-09  0.707106781186547461715008E+00  0.707106781186547683759613E+00  0.223660933600723087432857E-09
  0.191734695908317098744789E+00  0.000000000000000000000000E+00  0.179697488558217700006530E-09 -0.981446792437035364642384E+00
 -0.981446792437035364642384E+00  0.000000000000000000000000E+00  0.729866867620211509031562E-09 -0.191734695908317098744789E+00
     39
 -0.522284691589508595850967E-09  0.707106781186548238871126E+00 -0.707106781186547017625799E+00 -0.361316610529679929321213E-09
  0.522284691589509629826733E-09  0.707106781186546906603496E+00  0.707106781186548460915731E+00  0.361316610529680601405461E-09
  0.174389181168762064100264E+00  0.000000000000000000000000E+00  0.374341243518419470895418E-09 -0.984676806617932109944036E+00
 -0.984676806617932331988641E+00  0.000000000000000000000000E+00  0.816413665770176046168829E-09 -0.174389181168762036344688E+00
     40
 -0.205172478637802958762374E-09 -0.707106781186547683759613E+00  0.707106781186547239670404E+00 -0.226793858146718411792687E-09
 -0.205172478637802648569645E-09  0.707106781186547239670404E+00  0.707106781186547683759613E+00 -0.226793858146718670286628E-09
  0.154309579061454371640139E+00 -0.100348961617266356550782E-24 -0.272119232358203024940110E-09 -0.988022547217358160231981E+00
 -0.988022547217358160231981E+00  0.309180613639192487915929E-24 -0.336174936566743410896646E-09 -0.154309579061454371640139E+00
     41
 -0.790390258047299535547918E-10 -0.707106781186547794781916E+00  0.707106781186547239670404E+00 -0.239504874910611350666823E-09
 -0.790390258047294753410002E-10  0.707106781186547350692706E+00  0.707106781186547683759613E+00 -0.239504874910611557461976E-09
  0.131542595741079432203335E+00 -0.104402958825088348153172E-24 -0.321064242803511750804963E-09 -0.991310519214690377687305E+00
 -0.991310519214690266665002E+00  0.370248196061294747548643E-24 -0.155361698642954053231393E-09 -0.131542595741079459958911E+00
     42
 -0.664441954668216440426702E-10  0.707106781186547461715008E+00 -0.707106781186547683759613E+00  0.249894809889592042234482E-09
 -0.664441954668222773528267E-10 -0.707106781186547683759613E+00 -0.707106781186547461715008E+00  0.249894809889592042234482E-09
 -0.106273040722765596544086E+00  0.107139701850442276633958E-24  0.361389376339860370599507E-09  0.994336985541389495324438E+00
 -0.994336985541389495324438E+00  0.458825862998949238035129E-24  0.558767653919227030768808E-10 -0.106273040722765596544086E+00
     43
  0.226737851755828779309629E-09 -0.707106781186547461715008E+00  0.707106781186547461715008E+00 -0.259502895100100699190015E-09
  0.226737851755829632339636E-09  0.707106781186547461715008E+00  0.707106781186547461715008E+00 -0.259502895100100802587592E-09
 -0.787653886740256742315935E-01  0.109271058364650401568685E-24  0.391108899913288432403027E-09  0.996893180610154194809525E+00
 -0.996893180610154194809525E+00  0.612076974617821116314187E-24  0.290753106908791777452635E-09 -0.787653886740256742315935E-01
     44
  0.545027762965863404937618E-09 -0.707106781186547905804218E+00 -0.707106781186547239670404E+00 -0.619072962218041970819235E-09
 -0.545027762965861130190933E-09 -0.707106781186547017625799E+00  0.707106781186548127848823E+00  0.619072962218042591204694E-09
  0.492942204771674927221703E-01  0.255716585813229706131948E-24  0.912432289164180507204266E-09 -0.998784300951686132563623E+00
  0.998784300951686465630530E+00  0.220345542347140579714379E-23  0.726691009302861538674594E-09  0.492942204771674927221703E-01
     45
  0.746045908647560011186287E-09 -0.707106781186548016826521E+00 -0.707106781186547128648101E+00 -0.698415758919449091932705E-09
  0.746045908647551842777738E-09  0.707106781186547239670404E+00 -0.707106781186547905804218E+00 -0.698415758919449505523011E-09
  0.180797195212561642718718E-01  0.282737747905007132756529E-24  0.100662292980732648196689E-08 -0.999836548512821887690905E+00
  0.999836548512821776668602E+00  0.634708821770339203919180E-23  0.103703806529716456472464E-08  0.180797195212561642718718E-01
     46
 -0.732106882082350291229088E-09  0.707106781186547461715008E+00 -0.707106781186547794781916E+00  0.310192599229314781667115E-09
 -0.732106882082350291229088E-09 -0.707106781186547572737311E+00 -0.707106781186547572737311E+00  0.310192599229314678269538E-09
 -0.147543059089772100184179E-01  0.000000000000000000000000E+00 -0.423354868978586391057837E-09 -0.999891149304335202785410E+00
 -0.999891149304335424830015E+00  0.000000000000000000000000E+00  0.104171584662090755538165E-08  0.147543059089772065489710E-01
     47
  0.882327708992814676912244E-09 -0.707106781186547683759613E+00  0.707106781186547461715008E+00 -0.341702833603602785976611E-09
  0.882327708992816124478316E-09  0.707106781186547461715008E+00  0.707106781186547683759613E+00 -0.341702833603602682579034E-09
  0.491811500463607623179207E-01 -0.132661890541124161176518E-24  0.421287753663745532224284E-09  0.998789875038847974053624E+00
  0.998789875038848085075927E+00 -0.974148252399082311688339E-24 -0.127005648886700816538475E-08 -0.491811500463607623179207E-01
     48
 -0.100886265019358940659669E-08 -0.707106781186547683759613E+00 -0.707106781186547683759613E+00  0.380153959170788386324945E-09
  0.100886265019358982018700E-08 -0.707106781186547461715008E+00  0.707106781186547794781916E+00 -0.380153959170788489722522E-09
 -0.852216812091484837710098E-01  0.000000000000000000000000E+00 -0.414073198931629066293195E-09 -0.996362015058726679939127E+00
 -0.996362015058726901983732E+00  0.000000000000000000000000E+00  0.146737398518256159313769E-08  0.852216812091484698932220E-01
     49
  0.110318619745903704444624E-08 -0.707106781186547794781916E+00  0.707106781186547461715008E+00 -0.421574285423617424927159E-09
  0.110318619745903745803654E-08  0.707106781186547461715008E+00  0.707106781186547794781916E+00 -0.421574285423617580023523E-09
  0.122847248089845706431333E+00  0.000000000000000000000000E+00  0.400021238709381959760353E-09  0.992425590982392913375065E+00
  0.992425590982392913375065E+00  0.000000000000000000000000E+00 -0.162156467368701804761361E-08 -0.122847248089845706431333E+00
     50
 -0.115788680387383904432258E-08  0.707106781186547572737311E+00 -0.707106781186547350692706E+00  0.459674780712883400579600E-09
 -0.115788680387383945791288E-08 -0.707106781186547461715008E+00 -0.707106781186547461715008E+00  0.459674780712883297182023E-09
  0.161857196499474970119437E+00 -0.168556780783192455157062E-24  0.376465503511312740663285E-09  0.986814191193727374695754E+00
  0.986814191193727263673452E+00 -0.288297035666711703632779E-24 -0.172112710358285479612247E-08 -0.161857196499474997875012E+00
     51
  0.000000000000000000000000E+00 -0.100000000000000000000000E+01  0.000000000000000000000000E+00  0.000000000000000000000000E+00
  0.165100910276360483433105E-08  0.000000000000000000000000E+00  0.100000000000000000000000E+01 -0.688725549287024995735208E-09
 -0.201777537885561436548087E+00  0.000000000000000000000000E+00 -0.341422839967337461708258E-09 -0.979431378507366834362813E+00
  0.979431378507366834362813E+00  0.000000000000000000000000E+00 -0.175601957580071183619722E-08 -0.201777537885561436548087E+00
     52
  0.000000000000000000000000E+00  0.100000000000000000000000E+01  0.000000000000000000000000E+00  0.000000000000000000000000E+00
 -0.170057128958387915094569E-08  0.000000000000000000000000E+00  0.100000000000000022204460E+01  0.221225873903974643872460E-08
  0.241842455710848058814122E+00  0.000000000000000000000000E+00 -0.173531864593076867092648E-08  0.970315529410792576570088E+00
 -0.970315529410792687592391E+00  0.000000000000000000000000E+00 -0.218510892499719563420613E-08  0.241842455710848086569698E+00
     53
  0.000000000000000000000000E+00 -0.100000000000000000000000E+01  0.000000000000000000000000E+00  0.000000000000000000000000E+00
 -0.147382546529041693881435E-08  0.000000000000000000000000E+00 -0.100000000000000000000000E+01  0.682440377946328304629151E-09
  0.281100212599494081455731E+00  0.000000000000000000000000E+00  0.240630621051329235838073E-09  0.959678420345335903007822E+00
  0.959678420345335903007822E+00  0.000000000000000000000000E+00 -0.160623273626753644420414E-08 -0.281100212599494081455731E+00
     54
  0.000000000000000000000000E+00 -0.100000000000000000000000E+01  0.000000000000000000000000E+00  0.000000000000000000000000E+00
 -0.128733090549771016841869E-08  0.000000000000000000000000E+00 -0.999999999999999888977698E+00  0.624641091161475236597505E-09
  0.318630444180591998470931E+00  0.000000000000000000000000E+00  0.181901439014227891315157E-09  0.947879021838377244790763E+00
  0.947879021838377133768461E+00  0.000000000000000000000000E+00 -0.141926341734428851428725E-08 -0.318630444180592053982082E+00
     55
 -0.342420227283118946654747E-23  0.100000000000000000000000E+01 -0.318470272130043184137071E-14  0.154559095213609590453150E-23
  0.104570024711164690587829E-08  0.318470272130043223580116E-14  0.999999999999999888977698E+00 -0.524062060081993267873937E-09
 -0.353793343448754349367391E+00 -0.148652100616180898771379E-24 -0.120205913907437504931202E-09 -0.935323617862476530682159E+00
  0.935323617862476419659856E+00  0.442261113827620013615372E-25 -0.116347759905563752667550E-08 -0.353793343448754404878542E+00
     56
 -0.119043681773922732810964E-22  0.999999999999999888977698E+00 -0.151766636226458040919846E-13  0.527570423126807664658342E-23
  0.763119655776383824397500E-09  0.149546190177207696284563E-13  0.100000000000000000000000E+01 -0.372471827003178760274070E-09
  0.386411465386206742778086E+00  0.347735462416131086119115E-24  0.486623676705476493089960E-10  0.922326503694913979458647E+00
  0.922326503694913979458647E+00  0.679472510886826647544483E-25 -0.847773073298098231468635E-09 -0.386411465386206742778086E+00
     57
  0.000000000000000000000000E+00  0.100000000000000000000000E+01  0.000000000000000000000000E+00  0.000000000000000000000000E+00
 -0.132448229132182430655154E-08  0.000000000000000000000000E+00 -0.100000000000000000000000E+01 -0.656541436021294437270865E-09
 -0.416824768274509316334786E+00  0.000000000000000000000000E+00  0.114886460915475641225103E-08 -0.908986860495189730180243E+00
  0.908986860495189730180243E+00  0.000000000000000000000000E+00 -0.930274368755725310951738E-09 -0.416824768274509316334786E+00
     58
  0.177140178909326582535050E-09  0.194380957626298248412137E-13  0.999999999999999888977698E+00  0.151042288572212507754480E-09
  0.354414240312363171640793E-23 -0.999999999999999888977698E+00  0.192160511577047935331289E-13  0.311408255584406949822038E-23
 -0.445813971734897618315330E+00 -0.205878373887505689551960E-24  0.214173391197947029762281E-09 -0.895125635095965654919326E+00
  0.895125635095965654919326E+00  0.138598702591107542280719E-25 -0.912259525789172867807163E-10 -0.445813971734897618315330E+00
     59
  0.186654363925711377618476E-08  0.000000000000000000000000E+00  0.100000000000000000000000E+01 -0.510652492641293799587740E-09
  0.000000000000000000000000E+00  0.100000000000000000000000E+01  0.000000000000000000000000E+00  0.000000000000000000000000E+00
 -0.474413263109157268271332E+00  0.000000000000000000000000E+00  0.435984519110167850451582E-09 -0.880302252516782846036847E+00
  0.880302252516782846036847E+00  0.000000000000000000000000E+00 -0.188538288540769073700851E-08 -0.474413263109157268271332E+00
     60
  0.139234019414048687429447E-09 -0.109905987207627774024403E-14 -0.100000000000000000000000E+01 -0.974235634697736864098179E-09
  0.139437231326120477127326E-24 -0.100000000000000000000000E+01  0.109905987207627774024403E-14  0.156184245666571606236690E-23
 -0.503620572910614239248162E+00 -0.571563584839490104245666E-24  0.771545354978719099737456E-09 -0.863924949599897074037358E+00
 -0.863924949599896963015055E+00 -0.533909206166747048079024E-26 -0.610932851701282794389512E-09  0.503620572910614239248162E+00
     61
 -0.194686193093763171429208E-08  0.000000000000000000000000E+00 -0.100000000000000022204460E+01  0.130523259014220621118300E-08
  0.534003700723978069753173E+00  0.135525271560688054250932E-19  0.639193664758013127191195E-10  0.845482139144935418428872E+00
  0.000000000000000000000000E+00  0.100000000000000000000000E+01 -0.157772181044202361082346E-29 -0.135525271560688054250932E-19
  0.845482139144935640473477E+00  0.000000000000000000000000E+00 -0.234303602343047460599573E-08 -0.534003700723978180775475E+00
     62
  0.000000000000000000000000E+00  0.000000000000000000000000E+00  0.100000000000000000000000E+01  0.000000000000000000000000E+00
  0.534778090236724512607225E+00  0.000000000000000000000000E+00  0.000000000000000000000000E+00  0.844992540915457834849178E+00
  0.000000000000000000000000E+00 -0.100000000000000000000000E+01  0.000000000000000000000000E+00  0.000000000000000000000000E+00
 -0.844992540915457834849178E+00  0.000000000000000000000000E+00  0.000000000000000000000000E+00  0.534778090236724512607225E+00
     63
 -0.375272870929767399608180E-08  0.937770671388817360972944E-15 -0.100000000000000000000000E+01  0.267646283170593766482940E-08
  0.535550194881220908982300E+00 -0.332707267076474661268497E-22  0.250507304191462679288623E-09  0.844503397721220738780801E+00
  0.213339544836397332979613E-22  0.100000000000000000000000E+01  0.937770671388829982747427E-15  0.255894823230554752536959E-22
  0.844503397721220849803103E+00  0.401254719048441950653710E-26 -0.460257243059900659252570E-08 -0.535550194881220908982300E+00
     64
 -0.132663887918460470117037E-08  0.934351891599096333794995E-15 -0.100000000000000000000000E+01  0.861102138052412319726561E-09
 -0.536320011094933102313576E+00  0.701557525600905632418034E-23 -0.152799005786715731006641E-10 -0.844014718887728054852460E+00
 -0.500110647151894344857883E-23 -0.100000000000000000000000E+01 -0.934351891599096333794995E-15 -0.511733371119382014930458E-23
  0.844014718887728054852460E+00  0.122565854962270921373491E-26 -0.158152904891466533885958E-08 -0.536320011094933102313576E+00
     65
 -0.110155587092363656777973E-08  0.000000000000000000000000E+00  0.100000000000000000000000E+01  0.881081562030734961646328E-09
 -0.537087539200269414862987E+00  0.000000000000000000000000E+00  0.151583724168805267252910E-09 -0.843526511282128632629451E+00
  0.000000000000000000000000E+00 -0.100000000000000000000000E+01  0.000000000000000000000000E+00  0.000000000000000000000000E+00
 -0.843526511282128632629451E+00  0.000000000000000000000000E+00 -0.140240950876838391109388E-08  0.537087539200269414862987E+00
     66
  0.860497000446067434662584E-09  0.927554817591319500125468E-15 -0.100000000000000000000000E+01 -0.603397423773997781915149E-09
  0.537852798882161531324186E+00  0.290457954185238247026681E-23 -0.458667014862268204907334E-10  0.843038769413735233904106E+00
  0.235974724542470266483525E-23 -0.100000000000000000000000E+01 -0.927554817591319500125468E-15  0.188940183904394761815543E-23
 -0.843038769413735344926408E+00  0.767614784190944587811587E-27 -0.104997132555539951679098E-08  0.537852798882161642346489E+00
     67
 -0.887030373215908009134012E-09  0.000000000000000000000000E+00  0.100000000000000000000000E+01  0.538198562847336674748520E-09
 -0.538615800378264952819052E+00  0.000000000000000000000000E+00 -0.243084517836239266735740E-10 -0.842551493727760836272012E+00
  0.000000000000000000000000E+00  0.100000000000000000000000E+01  0.000000000000000000000000E+00  0.000000000000000000000000E+00
 -0.842551493727760836272012E+00  0.000000000000000000000000E+00 -0.103725082854139570600924E-08  0.538615800378265174863657E+00
     68
 -0.917252874255084151610571E-09  0.000000000000000000000000E+00  0.999999999999999888977698E+00  0.467552846418879510980186E-09
  0.539376535500545761792068E+00  0.000000000000000000000000E+00  0.101034812049475647958212E-09  0.842064696416747082707843E+00
  0.000000000000000000000000E+00 -0.100000000000000000000000E+01  0.000000000000000000000000E+00  0.000000000000000000000000E+00
 -0.842064696416746971685541E+00  0.000000000000000000000000E+00 -0.102457311058590723556583E-08  0.539376535500545872814371E+00
     69
 -0.626645470009108484376689E-09  0.000000000000000000000000E+00  0.999999999999999777955395E+00  0.299992114902914563361527E-09
 -0.540135032932056335930326E+00  0.000000000000000000000000E+00 -0.860063576599430128036541E-10 -0.841578366047682102646377E+00
  0.000000000000000000000000E+00  0.100000000000000000000000E+01  0.000000000000000000000000E+00  0.000000000000000000000000E+00
 -0.841578366047681991624074E+00  0.000000000000000000000000E+00 -0.689407615037856980812095E-09  0.540135032932056224908024E+00
     70
  0.646127743752968053784572E-09 -0.914127424847179692050322E-15 -0.100000000000000000000000E+01 -0.254451702730233905235450E-09
  0.540891285025619339421610E+00 -0.670726712227882544718796E-24  0.135467443165967278185284E-09  0.841092514402152047203742E+00
  0.953225401195437647770484E-24  0.100000000000000000000000E+01 -0.914127424847179692050322E-15  0.331675648339881890322964E-24
 -0.841092514402151936181440E+00 -0.247205388434201287455313E-27 -0.681083917084886044721382E-09  0.540891285025619228399307E+00
     71
 -0.173021976934147392141133E-08  0.910806333362859383853238E-15 -0.999999999999999777955395E+00  0.137418531463427171140018E-08
 -0.541645296945632903629075E+00  0.325163211383160916525352E-23 -0.217984833886836178324413E-09 -0.840607145042603809415027E+00
 -0.333609052436079928549821E-23 -0.100000000000000000000000E+01 -0.910806333362859186638012E-15 -0.148239594473899745485997E-23
  0.840607145042603698392725E+00  0.123225400285117887071951E-26 -0.219875574010132756878531E-08 -0.541645296945633125673680E+00
     72
 -0.696077578634520347118495E-09  0.000000000000000000000000E+00  0.100000000000000000000000E+01  0.147020587843028652719363E-09
  0.542397076859551297012274E+00  0.000000000000000000000000E+00  0.254035055021441947370414E-09  0.840122259563579221186558E+00
  0.000000000000000000000000E+00  0.100000000000000000000000E+01  0.000000000000000000000000E+00  0.000000000000000000000000E+00
 -0.840122259563579221186558E+00  0.000000000000000000000000E+00 -0.664533618733592660868850E-09  0.542397076859551519056879E+00
     73
  0.292894627617077226350348E-09  0.186492922100359382944846E-14 -0.999999999999999888977698E+00 -0.193448239663618816182457E-09
 -0.543146632935367690286910E+00 -0.783069212878005496783972E-24  0.334173508303660111551087E-11 -0.839637859515025120060727E+00
 -0.877159184234706438352737E-24  0.999999999999999888977698E+00  0.164288461607856232414851E-14 -0.296889273445957310696853E-24
 -0.839637859515025120060727E+00  0.298244679280809406758987E-27 -0.350996178216421603415039E-09  0.543146632935367690286910E+00
     74
  0.163984980429269950776483E-08  0.149809567426260380492720E-14  0.100000000000000000000000E+01 -0.145635057055625238552056E-08
 -0.543893984640054006796106E+00 -0.263271638963264618125074E-23 -0.330197813310385002634520E-09 -0.839153939079335220441180E+00
 -0.393100207720588065132556E-23  0.100000000000000000000000E+01 -0.149809567426260380492720E-14  0.000000000000000000000000E+00
  0.839153939079335220441180E+00  0.505647049892728448987575E-25 -0.216818683078815451916813E-08 -0.543893984640054006796106E+00
     75
  0.159565394968467997438696E-08  0.138929382755089359894201E-14  0.100000000000000000000000E+01 -0.150509909695533616871767E-08
  0.544639119888841949368441E+00  0.252124038739056162732433E-23  0.393226608229553737251566E-09  0.838670512827718095394403E+00
  0.362613138061949965404893E-23 -0.100000000000000000000000E+01  0.138929382755089359894201E-14  0.000000000000000000000000E+00
  0.838670512827718206416705E+00  0.430837274544709679072958E-25 -0.215796385689996455902297E-08 -0.544639119888842060390743E+00
     76
  0.886045421347506710769485E-09  0.000000000000000000000000E+00 -0.100000000000000000000000E+01  0.203285616368495759525006E-09
 -0.545382051840605952541807E+00  0.000000000000000000000000E+00 -0.653624748540664003501541E-09 -0.838187578964357138389119E+00
  0.000000000000000000000000E+00  0.100000000000000000000000E+01  0.000000000000000000000000E+00  0.000000000000000000000000E+00
 -0.838187578964357138389119E+00  0.000000000000000000000000E+00 -0.631803940006987819802196E-09  0.545382051840605952541807E+00
     77
 -0.973907451774740834346839E-09  0.272927139975111913480949E-14  0.100000000000000000000000E+01 -0.351843031510194708991297E-09
