      1
  0.000000000000000000000000E+00 -0.100000000000000000000000E+01  0.000000000000000000000000E+00  0.000000000000000000000000E+00
 -0.296537673710046062383382E-11  0.000000000000000000000000E+00  0.100000000000000000000000E+01  0.378480612677206976347091E-11
  0.661755573806330321673386E+00  0.000000000000000000000000E+00  0.479989812641118779840756E-11 -0.749719654628484999392413E+00
  0.749719654628484999392413E+00  0.000000000000000000000000E+00 -0.281415326985464452389411E-12  0.661755573806330321673386E+00
      2
  0.000000000000000000000000E+00  0.708424877806783537259605E+00  0.705786222948878383398608E+00  0.000000000000000000000000E+00
  0.000000000000000000000000E+00  0.705786222948878383398608E+00 -0.708424877806783537259605E+00  0.000000000000000000000000E+00
 -0.623033086906910393842907E+00  0.000000000000000000000000E+00  0.000000000000000000000000E+00  0.782195482356709992366461E+00
  0.782195482356709992366461E+00  0.000000000000000000000000E+00  0.000000000000000000000000E+00  0.623033086906910393842907E+00
      3
  0.329222669927256261846408E-11 -0.708299822045403093540017E+00 -0.705911724006940133335775E+00 -0.412408744695642386495227E-11
 -0.330336429602202929402890E-11 -0.705911724006940133335775E+00  0.708299822045403093540017E+00  0.413803922705525015161063E-11
 -0.605620518058985868314892E+00  0.234753277133440591611644E-26 -0.747345210814843042889185E-11  0.795753597607931406621162E+00
  0.795753597607931406621162E+00 -0.585151579273448144202743E-27  0.173065922814333012595592E-12  0.605620518058985868314892E+00
      4
 -0.436134862339583083064363E-11  0.708097430484898704428076E+00 -0.706114742050245047799706E+00  0.540757591494011488132868E-11
 -0.437359478532978552272612E-11 -0.706114742050245047799706E+00 -0.708097430484898704428076E+00  0.542275976196607154768521E-11
  0.574408951878490503517583E+00  0.000000000000000000000000E+00 -0.981663244576015101652699E-11 -0.818568479726561548659447E+00
 -0.818568479726561548659447E+00  0.000000000000000000000000E+00  0.656978917278473433384232E-12 -0.574408951878490503517583E+00
      5
  0.000000000000000000000000E+00  0.708097430484898704428076E+00  0.706114742050245047799706E+00  0.000000000000000000000000E+00
  0.000000000000000000000000E+00  0.706114742050245047799706E+00 -0.708097430484898704428076E+00  0.000000000000000000000000E+00
  0.560480809613499331156561E+00  0.000000000000000000000000E+00  0.000000000000000000000000E+00 -0.828167411852818724504743E+00
  0.828167411852818724504743E+00  0.000000000000000000000000E+00  0.000000000000000000000000E+00  0.560480809613499331156561E+00
      6
  0.000000000000000000000000E+00  0.707769827694942899043440E+00  0.706443112362680536442383E+00  0.000000000000000000000000E+00
  0.000000000000000000000000E+00 -0.706443112362680536442383E+00  0.707769827694942899043440E+00  0.000000000000000000000000E+00
  0.524588930626515570487811E+00  0.000000000000000000000000E+00  0.000000000000000000000000E+00 -0.851355656505628055619184E+00
  0.851355656505628055619184E+00  0.000000000000000000000000E+00  0.000000000000000000000000E+00  0.524588930626515570487811E+00
      7
  0.847447712089502049752560E-11 -0.707769827694697872821905E+00 -0.706443112362925895730825E+00 -0.102221724978586475806643E-10
  0.849039237086814306617659E-11  0.706443112362926006753128E+00 -0.707769827694697761799603E+00 -0.102413699572712915752540E-10
 -0.514358171485956749968693E+00  0.630667940570565080365553E-26 -0.185793892001546520805294E-10  0.857575461067784372559686E+00
  0.857575461067784261537383E+00 -0.281015992956531694595959E-26  0.284492856590472190373490E-11  0.514358171485956860990996E+00
      8
  0.123743289041997280577717E-10  0.707239440928771667671526E+00 -0.706974096551463815352179E+00 -0.147151783135821543354090E-10
  0.123789732873725972121019E-10 -0.706974096551463815352179E+00 -0.707239440928771667671526E+00 -0.147207012738230322508928E-10
 -0.487891639956890055263017E+00  0.964050585035551691790111E-26 -0.267085777438551034225770E-10  0.872904203025839819929388E+00
  0.872904203025839819929388E+00 -0.527897959552303868545015E-26  0.512351336222506197510498E-11  0.487891639956890055263017E+00
      9
  0.929363962099758310103247E-16  0.708954375852225759935266E+00 -0.705254346289323486018930E+00  0.000000000000000000000000E+00
 -0.934239754999947679677614E-16  0.705254346289323597041232E+00  0.708954375852225648912963E+00  0.000000000000000000000000E+00
 -0.480244141319915274213059E+00 -0.783077411380739903608282E-32  0.433504242576342131396869E-16  0.877134861197465531823525E+00
 -0.877134861197465420801223E+00 -0.143024024124587944641447E-31  0.791767459350251026685056E-16 -0.480244141319915329724211E+00
     10
  0.248522071197246689104972E-10 -0.711394449238932691237380E+00  0.702792954996018459645768E+00 -0.291977395158031018904197E-10
  0.251563736810773459145133E-10  0.702792954996018459645768E+00  0.711394449238932691237380E+00 -0.295550911178161190181272E-10
 -0.447602710052820429442733E+00  0.000000000000000000000000E+00  0.529792572400610212469911E-10  0.894232527899410989391527E+00
 -0.894232527899410989391527E+00  0.000000000000000000000000E+00  0.130260197170038402096792E-10 -0.447602710052820429442733E+00
     11
  0.277716445848513058991336E-10  0.710012178703578578087274E+00  0.704189396464188210877921E+00 -0.325897081742834461486715E-10
  0.280012820086172545573937E-10 -0.704189396464188210877921E+00  0.710012178703578578087274E+00 -0.328591850719716972747494E-10
 -0.441705686722281609668528E+00  0.000000000000000000000000E+00  0.589402176645671095223956E-10  0.897160011545988123060624E+00
 -0.897160011545988123060624E+00  0.000000000000000000000000E+00  0.149399431460065691582461E-10 -0.441705686722281609668528E+00
     12
 -0.618513465809137317270807E-10 -0.709156520729664063829034E+00 -0.705051082622101588093244E+00  0.724447536555826095925883E-10
 -0.622115004499255306013357E-10  0.705051082622101588093244E+00 -0.709156520729664063829034E+00  0.728665918169318506034053E-10
 -0.435878637880378949631677E+00  0.289993858607814394692743E-25  0.130714435032250157793961E-09  0.900005451672124867634750E+00
 -0.900005451672124867634750E+00  0.247914832542391116051487E-25  0.341669265743416584829891E-10 -0.435878637880378949631677E+00
     13
  0.343271974122971613215284E-10 -0.708627175177918511295161E+00  0.705583111050260058938477E+00 -0.400666694366143163916897E-10
  0.344752936303178600288829E-10  0.705583111050260058938477E+00  0.708627175177918511295161E+00 -0.402395271896367774471916E-10
 -0.430085967684087799867143E+00  0.000000000000000000000000E+00  0.721890178339063466109137E-10  0.902787937669329965117981E+00
 -0.902787937669329965117981E+00  0.000000000000000000000000E+00  0.194988616448204447352730E-10 -0.430085967684087799867143E+00
     14
  0.000000000000000000000000E+00  0.708424877806783537259605E+00 -0.705786222948878383398608E+00  0.000000000000000000000000E+00
  0.000000000000000000000000E+00 -0.705786222948878383398608E+00 -0.708424877806783537259605E+00  0.000000000000000000000000E+00
  0.424317582226516221144408E+00  0.000000000000000000000000E+00  0.000000000000000000000000E+00 -0.905513439664726194067157E+00
  0.905513439664726194067157E+00  0.000000000000000000000000E+00  0.000000000000000000000000E+00  0.424317582226516221144408E+00
     15
  0.000000000000000000000000E+00  0.708299822045474480880500E+00 -0.705911724006868412928384E+00  0.000000000000000000000000E+00
  0.000000000000000000000000E+00  0.705911724006868412928384E+00  0.708299822045474480880500E+00  0.000000000000000000000000E+00
  0.418600372389747676926675E+00  0.000000000000000000000000E+00  0.000000000000000000000000E+00 -0.908170539180370384180208E+00
  0.908170539180370384180208E+00  0.000000000000000000000000E+00  0.000000000000000000000000E+00  0.418600372389747676926675E+00
     16
  0.000000000000000000000000E+00  0.708097430484898704428076E+00 -0.706114742050245047799706E+00  0.000000000000000000000000E+00
  0.000000000000000000000000E+00  0.706114742050245047799706E+00  0.708097430484898704428076E+00  0.000000000000000000000000E+00
  0.413012963918052977696505E+00  0.000000000000000000000000E+00  0.000000000000000000000000E+00 -0.910725146043319222499690E+00
  0.910725146043319222499690E+00  0.000000000000000000000000E+00  0.000000000000000000000000E+00  0.413012963918052977696505E+00
     17
  0.000000000000000000000000E+00  0.708627175177918844362068E+00 -0.705583111050259725871570E+00  0.000000000000000000000000E+00
  0.000000000000000000000000E+00 -0.705583111050259725871570E+00 -0.708627175177918844362068E+00  0.000000000000000000000000E+00
  0.407703392618988580409223E+00  0.000000000000000000000000E+00  0.000000000000000000000000E+00 -0.913114419800151178030490E+00
  0.913114419800151178030490E+00  0.000000000000000000000000E+00  0.000000000000000000000000E+00  0.407703392618988580409223E+00
     18
  0.000000000000000000000000E+00  0.708097430484898704428076E+00 -0.706114742050245047799706E+00  0.000000000000000000000000E+00
  0.000000000000000000000000E+00 -0.706114742050245047799706E+00 -0.708097430484898704428076E+00  0.000000000000000000000000E+00
  0.402909481349598197486017E+00  0.000000000000000000000000E+00  0.000000000000000000000000E+00 -0.915239831868455144814334E+00
  0.915239831868455144814334E+00  0.000000000000000000000000E+00  0.000000000000000000000000E+00  0.402909481349598197486017E+00
     19
  0.000000000000000000000000E+00  0.707567290069680443487243E+00 -0.706645972197852967333631E+00  0.000000000000000000000000E+00
  0.000000000000000000000000E+00 -0.706645972197852967333631E+00 -0.707567290069680443487243E+00  0.000000000000000000000000E+00
  0.398980095608504059523369E+00  0.000000000000000000000000E+00  0.000000000000000000000000E+00 -0.916959586518527491882935E+00
  0.916959586518527491882935E+00  0.000000000000000000000000E+00  0.000000000000000000000000E+00  0.398980095608504059523369E+00
     20
  0.000000000000000000000000E+00 -0.707504685654902876201788E+00 -0.706708652682530136246442E+00  0.000000000000000000000000E+00
  0.000000000000000000000000E+00  0.706708652682530136246442E+00 -0.707504685654902876201788E+00  0.000000000000000000000000E+00
  0.396393201265954564505023E+00  0.000000000000000000000000E+00  0.000000000000000000000000E+00 -0.918080840661718799999846E+00
  0.918080840661718799999846E+00  0.000000000000000000000000E+00  0.000000000000000000000000E+00  0.396393201265954564505023E+00
     21
 -0.257219549659337843105977E-09  0.709094065759284686301100E+00  0.705113895696977022176100E+00  0.294959151094684433562122E-09
 -0.258671481832625133636252E-09 -0.705113895696977022176100E+00  0.709094065759284686301100E+00  0.296624112727060636874871E-09
 -0.395761195788067898782003E+00  0.000000000000000000000000E+00 -0.528530560180198862962204E-09  0.918353459136730609913002E+00
 -0.918353459136730609913002E+00  0.000000000000000000000000E+00 -0.169454900376727239813823E-09 -0.395761195788067898782003E+00
     22
 -0.140700899075653988717329E-09 -0.707106781186547128648101E+00  0.707106781186547683759613E+00  0.224470716231360634822387E-09
 -0.140700899075654117964300E-09  0.707106781186547683759613E+00  0.707106781186547128648101E+00  0.224470716231360531424811E-09
  0.397799045989697896974491E+00  0.114793286449363475020366E-24  0.370405737271339880196970E-09 -0.917472571257411662060122E+00
  0.917472571257411662060122E+00  0.139354569171978283625364E-24  0.562785988516943331443260E-10  0.397799045989697896974491E+00
     23
  0.357662861876824386448643E-10 -0.707106781186546906603496E+00  0.707106781186547905804218E+00 -0.848754199700154793335498E-10
 -0.357662861876823869460760E-10 -0.707106781186547905804218E+00 -0.707106781186546906603496E+00  0.848754199700153500865791E-10
 -0.403191802275635224894756E+00  0.000000000000000000000000E+00  0.130236982885887672643564E-09  0.915115495758718533458875E+00
  0.915115495758718533458875E+00  0.000000000000000000000000E+00  0.210839820941609978849712E-11  0.403191802275635224894756E+00
     24
  0.225898293672500662087801E-10 -0.707106781186547350692706E+00 -0.707106781186547572737311E+00  0.112390360998257732160084E-09
  0.225898293672499272682866E-10  0.707106781186547572737311E+00 -0.707106781186547350692706E+00  0.112390360998257719235386E-09
 -0.412205200893390910632519E+00 -0.600858195920183578811694E-25  0.131643727913801605975210E-09  0.911091034066541127778294E+00
 -0.911091034066541127778294E+00 -0.719142989552107612384840E-25 -0.946241156730871097199627E-10 -0.412205200893390910632519E+00
     25
 -0.311230837858724582325907E-09 -0.707106781186551236473292E+00  0.707106781186543686956725E+00 -0.353699583075946142614490E-09
 -0.311230837858726288385921E-09  0.707106781186543575934422E+00  0.707106781186551014428687E+00 -0.353699583075950175119976E-09
 -0.423717753151761411523069E+00  0.192315957828581143286042E-24  0.266586457740730076996538E-09  0.905794273366763436072802E+00
 -0.905794273366763325050499E+00  0.224601327556472426808941E-24 -0.610628794022612381875231E-09 -0.423717753151761467034220E+00
     26
 -0.164770522898212586272150E-08 -0.707567290069719079248500E+00 -0.706645972197813887483164E+00 -0.850512649292767203516913E-09
  0.164985349039565194430843E-08 -0.706645972197813887483164E+00  0.707567290069719412315408E+00  0.851621539083276503561251E-09
 -0.433370927203244438175034E+00 -0.465862621853859723206719E-24 -0.741923556450734793226890E-10  0.901215645367411721800011E+00
  0.901215645367411943844616E+00  0.530713094740935563171059E-24 -0.262298991342599233067447E-08  0.433370927203244327152731E+00
     27
  0.154176634461913347060130E-08  0.707106781186547350692706E+00 -0.707106781186547683759613E+00  0.105092376566579668957316E-08
  0.154176634461913243662553E-08 -0.707106781186547794781916E+00 -0.707106781186547239670404E+00  0.105092376566579586239255E-08
 -0.432042330536017371578339E+00  0.000000000000000000000000E+00  0.398342623792542488819239E-09  0.901853327667535342726524E+00
  0.901853327667535231704221E+00  0.000000000000000000000000E+00  0.260850370890150541005185E-08  0.432042330536017427089490E+00
     28
  0.258551137225958384389064E-08  0.707106781186547350692706E+00  0.707106781186547683759613E+00  0.146785860409217137216379E-08
  0.258551137225958053516819E-08 -0.707106781186547683759613E+00  0.707106781186547350692706E+00  0.146785860409217095857349E-08
  0.410165087747801415662963E+00 -0.775805901562950275151192E-24  0.393458433412070230415647E-09 -0.912011294224385427042989E+00
  0.912011294224385427042989E+00 -0.927454615082134271848350E-24 -0.418618517705070079197481E-08  0.410165087747801415662963E+00
     29
 -0.278029981843785000439122E-08  0.707106781186547461715008E+00  0.707106781186547461715008E+00 -0.222812525811557153240222E-08
 -0.278029981843784959080092E-08 -0.707106781186547572737311E+00  0.707106781186547350692706E+00 -0.222812525811557194599253E-08
  0.370583990749046521262500E+00  0.000000000000000000000000E+00 -0.146957410844448275329390E-08 -0.928798958763687787509866E+00
 -0.928798958763687565465261E+00  0.000000000000000000000000E+00 -0.481970646744237480098841E-08 -0.370583990749046465751348E+00
     30
 -0.125247565457930212514251E-08  0.707106781186547905804218E+00  0.707106781186546684558891E+00 -0.110818478804222647535636E-08
  0.125247565457931205130986E-08  0.707106781186546684558891E+00 -0.707106781186548238871126E+00  0.110818478804222792292243E-08
 -0.329934376279471974768853E+00  0.108785021360432256664435E-23  0.895050043333612312853693E-09  0.944003870410008438796012E+00
 -0.944003870410008660840617E+00  0.160915227549730978691066E-23 -0.218916034119308248986368E-08 -0.329934376279471919257702E+00
     31
  0.390195465260708013063553E-09 -0.707106781186547683759613E+00 -0.707106781186547017625799E+00  0.337776983414805711456987E-09
 -0.390195465260710701400544E-09 -0.707106781186547239670404E+00  0.707106781186547905804218E+00 -0.337776983414805659758199E-09
 -0.300100436752834820453018E+00  0.323845481243935163918113E-24  0.290069700780671937739389E-09  0.953907609709010562148990E+00
 -0.953907609709010451126687E+00  0.525020795720393993625112E-24 -0.669739432093954418706901E-09 -0.300100436752834875964169E+00
     32
  0.137338034905991024210198E-08  0.707106781186547572737311E+00  0.707106781186547239670404E+00  0.734329648805638440907774E-09
 -0.137338034905991065569229E-08  0.707106781186547350692706E+00 -0.707106781186547461715008E+00 -0.734329648805638647702928E-09
  0.281487038256058030860629E+00  0.000000000000000000000000E+00  0.449788135378567499648745E-09 -0.959565030257893747389630E+00
  0.959565030257893636367328E+00  0.000000000000000000000000E+00 -0.215604237630066982101801E-08  0.281487038256058086371780E+00
     33
 -0.483481994803911112058379E-09  0.707106781186547572737311E+00  0.707106781186547350692706E+00 -0.234457328821659898705934E-09
 -0.483481994803911112058379E-09 -0.707106781186547350692706E+00  0.707106781186547572737311E+00 -0.234457328821660002103511E-09
 -0.270071022334736787762210E+00  0.000000000000000000000000E+00  0.134591429520460013850788E-09  0.962840403646975206974901E+00
 -0.962840403646975206974901E+00  0.000000000000000000000000E+00 -0.747887226642595546315626E-09 -0.270071022334736787762210E+00
     34
 -0.925850743064041650589852E-09  0.707106781186547683759613E+00 -0.707106781186547128648101E+00 -0.233473039661734795670342E-09
  0.925850743064041753987428E-09  0.707106781186547239670404E+00  0.707106781186547572737311E+00  0.233473039661735002465495E-09
 -0.262104551167589572280292E+00 -0.109102830818574962723567E-24  0.245492635863620406005407E-10  0.965039483263372299681748E+00
  0.965039483263372188659446E+00  0.202879414448958981543365E-24 -0.135011676145108441029362E-08  0.262104551167589627791443E+00
     35
  0.459119632146917210395138E-09 -0.707106781186547461715008E+00 -0.707106781186547683759613E+00  0.148795973937482447042686E-09
  0.459119632146916848503620E-09  0.707106781186547683759613E+00 -0.707106781186547461715008E+00  0.148795973937482447042686E-09
  0.254987829622794592854262E+00  0.693075635344899345325071E-25 -0.379114943262235589807478E-10 -0.966944262480654348479447E+00
 -0.966944262480654348479447E+00 -0.132597438365612153598619E-24 -0.681487358456096562447094E-09 -0.254987829622794592854262E+00
     36
  0.833294227068875209397142E-09 -0.707106781186547350692706E+00  0.707106781186547683759613E+00  0.221396534216424913778561E-09
 -0.833294227068874485614106E-09 -0.707106781186547683759613E+00 -0.707106781186547350692706E+00 -0.221396534216424836230378E-09
 -0.246996893400277611752003E+00 -0.102685224375404605779875E-24 -0.123259442448002189894656E-10  0.969016271612923918432614E+00
  0.969016271612923918432614E+00  0.202727671754712329767649E-24 -0.121927825354067176498040E-08  0.246996893400277611752003E+00
     37
  0.541309201271551155746809E-09  0.707106781186547794781916E+00  0.707106781186547239670404E+00  0.166868047796612054364551E-09
  0.541309201271551259144385E-09 -0.707106781186547239670404E+00  0.707106781186547794781916E+00  0.166868047796612235310310E-09
  0.236960786431243075611519E+00 -0.769350245536193723555242E-25  0.478661239270807302770616E-10 -0.971519215298332072805465E+00
  0.971519215298332072805465E+00 -0.157954827612137425451414E-24 -0.799643687959575735564965E-09  0.236960786431243075611519E+00
     38
 -0.446227733026126728971072E-09  0.707106781186546906603496E+00 -0.707106781186548016826521E+00 -0.195899860542559279759805E-09
  0.446227733026126056886824E-09  0.707106781186548016826521E+00  0.707106781186546906603496E+00  0.195899860542558943717681E-09
  0.224075670875308191609676E+00  0.000000000000000000000000E+00  0.128594002310951010665325E-09 -0.974571748883467536828107E+00
 -0.974571748883467536828107E+00  0.000000000000000000000000E+00  0.677093400303171862501733E-09 -0.224075670875308191609676E+00
     39
  0.462006005093330921225191E-09  0.707106781186547128648101E+00  0.707106781186547794781916E+00  0.336710968523238792538390E-09
 -0.462006005093329835550637E-09  0.707106781186547905804218E+00 -0.707106781186547017625799E+00 -0.336710968523238534044449E-09
 -0.207826413252649638829794E+00  0.152420351418276948751157E-24 -0.329995507005312330394177E-09  0.978165723154588495624751E+00
  0.978165723154588384602448E+00 -0.352224533280288055763510E-24 -0.738072327463276896477450E-09  0.207826413252649666585370E+00
     40
 -0.161363440301928336811770E-09  0.707106781186547794781916E+00  0.707106781186547239670404E+00 -0.237743018242484450491719E-09
 -0.161363440301928414359952E-09 -0.707106781186547239670404E+00  0.707106781186547794781916E+00 -0.237743018242484657286872E-09
 -0.187963393001395112635876E+00  0.000000000000000000000000E+00  0.287332946826761088908445E-09  0.982176034573946865613436E+00
  0.982176034573946865613436E+00  0.000000000000000000000000E+00  0.287331834028341834913155E-09  0.187963393001395112635876E+00
     41
 -0.373547652135170392001306E-10  0.707106781186547461715008E+00  0.707106781186547572737311E+00 -0.259985405236881678712501E-09
 -0.373547652135165609863390E-10 -0.707106781186547572737311E+00  0.707106781186547461715008E+00 -0.259985405236881678712501E-09
  0.164491173503214460627220E+00  0.114465484125061698003988E-24 -0.353976928137187167059763E-09 -0.986378555038346038763564E+00
 -0.986378555038346038763564E+00 -0.324621819445600783477224E-24 -0.112587410119182832206631E-09 -0.164491173503214460627220E+00
     42
  0.103007977820040444602595E-09 -0.707106781186547905804218E+00  0.707106781186547128648101E+00 -0.280622468217559576710001E-09
  0.103007977820040560924869E-09  0.707106781186547239670404E+00  0.707106781186547794781916E+00 -0.280622468217559835203942E-09
  0.137639750251193376806569E+00  0.000000000000000000000000E+00 -0.413133667245211569145699E-09 -0.990482356809443076350874E+00
  0.990482356809442965328572E+00  0.000000000000000000000000E+00 -0.896652887552934276214205E-10  0.137639750251193404562144E+00
     43
  0.254698334515515906404586E-09 -0.707106781186547239670404E+00  0.707106781186547794781916E+00 -0.300542146115348334510755E-09
  0.254698334515514975826396E-09  0.707106781186547905804218E+00  0.707106781186547128648101E+00 -0.300542146115347972619237E-09
 -0.107803118359248786828353E+00 -0.127566807431767356848165E-24  0.461384297497153131781145E-09  0.994172262574259280043520E+00
 -0.994172262574259169021218E+00 -0.523830638546956482962527E-24  0.312279388298882031976942E-09 -0.107803118359248800706141E+00
     44
 -0.582246570306261401814896E-09  0.707106781186547905804218E+00  0.707106781186547461715008E+00  0.624504135252421586960258E-09
  0.582246570306262125597932E-09  0.707106781186547128648101E+00 -0.707106781186548238871126E+00 -0.624504135252422414140871E-09
 -0.754473207344898422199719E-01  0.000000000000000000000000E+00 -0.942789836707670531390143E-09  0.997149789045751799854145E+00
 -0.997149789045752132921052E+00  0.000000000000000000000000E+00 -0.754439897949284536008425E-09 -0.754473207344898283421841E-01
     45
  0.767572405323750560073553E-09 -0.707106781186547461715008E+00 -0.707106781186547239670404E+00 -0.704742450610887816765722E-09
 -0.767572405323746630965643E-09 -0.707106781186547461715008E+00  0.707106781186547350692706E+00  0.704742450610887403175415E-09
 -0.410086316677725840063040E-01 -0.286535713291013329645745E-24 -0.104033326990999628976891E-08  0.999158792249128402396252E+00
  0.999158792249128180351647E+00  0.284901394293878565839120E-23  0.104372665278482496268038E-08  0.410086316677725840063040E-01
     46
 -0.711874631288820073481026E-09  0.707106781186547461715008E+00 -0.707106781186547461715008E+00  0.374237107428044572201394E-09
 -0.711874631288803116278468E-09 -0.707106781186547461715008E+00 -0.707106781186547461715008E+00  0.374237107428044468803817E-09
  0.481070066268500171058342E-02  0.148727546056542185791696E-24 -0.534088206698918166869213E-09 -0.999988428512617377741378E+00
 -0.999988428512617377741378E+00 -0.119439414025498017050910E-22  0.100418503970261435684938E-08 -0.481070066268500257794516E-02
     47
  0.839652603312053291821060E-09 -0.707106781186547572737311E+00  0.707106781186547683759613E+00 -0.407867895460263444852536E-09
  0.839652603312056083555627E-09  0.707106781186547350692706E+00  0.707106781186547905804218E+00 -0.407867895460263341454959E-09
  0.329684774784548065285072E-01 -0.158418834854216478912985E-24  0.537350382726854705165781E-09  0.999456391991542902886181E+00
  0.999456391991543457997693E+00 -0.174197501203914158755167E-23 -0.120581954950752534588859E-08 -0.329684774784547995896133E-01
     48
 -0.942004396764635659623515E-09 -0.707106781186547683759613E+00 -0.707106781186547572737311E+00  0.444387361416120469011966E-09
  0.942004396764635866418668E-09 -0.707106781186547572737311E+00  0.707106781186547683759613E+00 -0.444387361416120572409542E-09
 -0.722628784046019101428016E-01  0.000000000000000000000000E+00 -0.530547330480162205158771E-09 -0.997385620712812226429378E+00
 -0.997385620712812337451680E+00  0.000000000000000000000000E+00  0.137412675948798360792907E-08  0.722628784046019101428016E-01
     49
 -0.101180045767636812274173E-08  0.707106781186547461715008E+00 -0.707106781186547794781916E+00  0.479280906521723974340997E-09
 -0.101180045767636770915143E-08 -0.707106781186547572737311E+00 -0.707106781186547572737311E+00  0.479280906521723870943421E-09
 -0.113018986335895146866370E+00  0.000000000000000000000000E+00 -0.511743643509906852877277E-09 -0.993592828440104325338211E+00
  0.993592828440104547382816E+00  0.000000000000000000000000E+00 -0.149833890294287543597749E-08 -0.113018986335895119110795E+00
     50
 -0.104329798896961279810916E-08  0.707106781186547239670404E+00 -0.707106781186547794781916E+00  0.505940228406838562990150E-09
 -0.104329798896961217772370E-08 -0.707106781186547794781916E+00 -0.707106781186547239670404E+00  0.505940228406838252797421E-09
  0.155055655372727002605515E+00  0.000000000000000000000000E+00  0.478077723780567514033169E-09  0.987905736260769939960369E+00
  0.987905736260769939960369E+00  0.000000000000000000000000E+00 -0.156854521995433645872870E-08 -0.155055655372727002605515E+00
     51
  0.000000000000000000000000E+00 -0.100000000000000000000000E+01  0.000000000000000000000000E+00  0.000000000000000000000000E+00
  0.146060372611302161067203E-08  0.000000000000000000000000E+00  0.100000000000000000000000E+01 -0.730961929233722464399979E-09
 -0.197935738137937355940466E+00  0.000000000000000000000000E+00 -0.427394147842587374781894E-09 -0.980214998644577950592804E+00
  0.980214998644577950592804E+00  0.000000000000000000000000E+00 -0.157638927725147390495699E-08 -0.197935738137937355940466E+00
     52
  0.488948989071847817386465E-23 -0.100000000000000000000000E+01 -0.298006161274138183005691E-14 -0.573295232072052243414475E-23
  0.144936535787965892242947E-08  0.298006161274138183005691E-14 -0.100000000000000000000000E+01 -0.205787002097541730751579E-08
 -0.240920103029875376510205E+00 -0.525250861645553845841456E-24  0.164807408274363345090295E-08 -0.970544952053264853297776E+00
 -0.970544952053264853297776E+00 -0.457215641811509648897550E-24 -0.190245659699860266767322E-08  0.240920103029875348754629E+00
     53
  0.342893311904080522360034E-23  0.100000000000000000000000E+01  0.262364209857429187041038E-14 -0.159656904575563623590362E-23
  0.125022488894329488078512E-08 -0.262364209857429187041038E-14  0.100000000000000000000000E+01 -0.659551697107593195286619E-09
 -0.283056355411820559364600E+00  0.170500264573034738190079E-24 -0.278694094812605270786961E-09 -0.959103278933492786606507E+00
  0.959103278933492786606507E+00 -0.104815911325838239813665E-24 -0.138578508997873181648563E-08 -0.283056355411820559364600E+00
     54
  0.000000000000000000000000E+00 -0.100000000000000000000000E+01  0.000000000000000000000000E+00  0.000000000000000000000000E+00
 -0.106288449109100893677972E-08  0.000000000000000000000000E+00 -0.100000000000000000000000E+01  0.562605007655262757242249E-09
  0.323395798302917758526576E+00  0.000000000000000000000000E+00  0.188640331632138892554034E-09  0.946263788612889067408673E+00
  0.946263788612889067408673E+00  0.000000000000000000000000E+00 -0.118771330603393809304094E-08 -0.323395798302917758526576E+00
     55
 -0.268330377646298226955055E-23  0.100000000000000000000000E+01 -0.313363382774945724553983E-14  0.122260132101831271648412E-23
  0.832047453442644490641135E-09  0.313363382774945763997029E-14  0.999999999999999888977698E+00 -0.421822953732307896945818E-09
 -0.361255184641170179471459E+00 -0.119980740346271846526735E-24 -0.927546047049998690696905E-10 -0.932466992214670442606916E+00
  0.932466992214670331584614E+00  0.349911212166872705118176E-25 -0.928242308278722183644002E-09 -0.361255184641170234982610E+00
     56
  0.000000000000000000000000E+00 -0.100000000000000000000000E+01  0.000000000000000000000000E+00  0.000000000000000000000000E+00
 -0.570914047013700449767469E-09  0.000000000000000000000000E+00 -0.100000000000000000000000E+01  0.233075245539228494374463E-09
 -0.396411251699590516661686E+00  0.000000000000000000000000E+00  0.123366951605319605820914E-10 -0.918073046944502979549441E+00
  0.918073046944502979549441E+00  0.000000000000000000000000E+00 -0.616534550436263681194087E-09 -0.396411251699590516661686E+00
     57
  0.487326859319934642083296E-22 -0.100000000000000000000000E+01  0.352323675513076251772004E-13  0.133697069679318722263652E-22
  0.138530205948561301961869E-08  0.352323675513076251772004E-13  0.100000000000000000000000E+01  0.382858150480862515965849E-09
  0.429157829158484938059104E+00 -0.139842893354550362169775E-24 -0.940322006342021190039575E-09  0.903229515500892365942320E+00
  0.903229515500892365942320E+00 -0.163532353607867981739086E-25 -0.108693913527557930031249E-08 -0.429157829158484938059104E+00
     58
  0.452741248283524350977612E-10  0.000000000000000000000000E+00  0.100000000000000000000000E+01  0.329977777591838148083551E-09
  0.000000000000000000000000E+00 -0.100000000000000000000000E+01  0.000000000000000000000000E+00  0.000000000000000000000000E+00
 -0.460220218884953014004680E+00  0.000000000000000000000000E+00  0.313791920103868894719249E-09 -0.887804792806102027746817E+00
 -0.887804792806102027746817E+00  0.000000000000000000000000E+00 -0.111667860017773080050391E-09  0.460220218884953014004680E+00
     59
 -0.189757506447401881833687E-08  0.298752866941382279929930E-14 -0.100000000000000000000000E+01  0.670351478066070176530150E-09
 -0.544720603414306721597164E-23 -0.100000000000000000000000E+01 -0.298752866941382279929930E-14  0.237050285366069004385076E-23
  0.490557355426956165356245E+00  0.429343734131029261715379E-24 -0.346719211839676373867075E-09  0.871408905759237129018402E+00
  0.871408905759237240040704E+00  0.128942296539918496831801E-25 -0.198240975556178532407503E-08 -0.490557355426956220867396E+00
     60
 -0.245234673426339995359657E-09  0.000000000000000000000000E+00  0.999999999999999888977698E+00  0.108240682998875813023535E-08
  0.000000000000000000000000E+00  0.100000000000000000000000E+01  0.000000000000000000000000E+00  0.000000000000000000000000E+00
  0.521074978113462816686763E+00  0.000000000000000000000000E+00 -0.796060382367704493677502E-09  0.853510906306448102753848E+00
 -0.853510906306447991731545E+00  0.000000000000000000000000E+00 -0.773325583620127427157207E-09  0.521074978113462705664460E+00
     61
 -0.190067739476506971803938E-08 -0.942566253145488723922519E-15 -0.100000000000000000000000E+01  0.145393845851560475702685E-08
  0.552264718802817022869078E+00  0.118735881705119761464566E-20  0.162426073731261656387695E-09  0.833668807360360308855718E+00
 -0.657525966422379956050097E-21  0.100000000000000000000000E+01 -0.942566253145488723922519E-15 -0.988494854896319497174097E-21
  0.833668807360360308855718E+00 -0.231646539627821300997262E-26 -0.238749437081929698223088E-08 -0.552264718802817133891381E+00
     62
  0.000000000000000000000000E+00  0.000000000000000000000000E+00  0.100000000000000000000000E+01  0.000000000000000000000000E+00
  0.553039308151285102788108E+00  0.000000000000000000000000E+00  0.000000000000000000000000E+00  0.833155161803339039394700E+00
  0.000000000000000000000000E+00 -0.100000000000000000000000E+01  0.000000000000000000000000E+00  0.000000000000000000000000E+00
 -0.833155161803339039394700E+00  0.000000000000000000000000E+00  0.000000000000000000000000E+00  0.553039308151285102788108E+00
     63
 -0.374084465655786588509930E-08  0.286547837951185412166591E-14 -0.100000000000000022204460E+01  0.294162539943173073090976E-08
  0.553811593828243631243424E+00 -0.106764604610911095749678E-21  0.377597623813214441410380E-09  0.832642011035607310098783E+00
  0.685315542039550523539403E-22  0.999999999999999888977698E+00  0.264343377458692378777705E-14  0.804747452539328816064379E-22
  0.832642011035607421121085E+00  0.130263541837120334161616E-25 -0.474389085359674188558104E-08 -0.553811593828243742265727E+00
     64
 -0.114463185240168641746574E-08 -0.932242817136112095711093E-15 -0.100000000000000022204460E+01  0.103469855411507600667314E-08
 -0.554581572378477050122569E+00 -0.820247609243708729483773E-23 -0.226211256410383237843015E-09 -0.832129364689298656188043E+00
  0.561483513098144604376523E-23 -0.100000000000000000000000E+01  0.932242817136124717485577E-15  0.586171853499009096207895E-23
  0.832129364689298767210346E+00 -0.142018834578132070178317E-26 -0.152630661960594574913535E-08 -0.554581572378477161144872E+00
     65
 -0.146156841096759255647130E-08  0.000000000000000000000000E+00  0.100000000000000000000000E+01  0.793441201941102631767900E-09
 -0.555349244342592140988302E+00  0.000000000000000000000000E+00 -0.151841599918504830324932E-09 -0.831617229744617381115290E+00
  0.000000000000000000000000E+00 -0.100000000000000000000000E+01  0.000000000000000000000000E+00  0.000000000000000000000000E+00
 -0.831617229744617381115290E+00  0.000000000000000000000000E+00 -0.165610253726744425192106E-08  0.555349244342592140988302E+00
     66
  0.111443325322377022481803E-08 -0.925448776445111436570989E-15 -0.100000000000000000000000E+01 -0.542386833208164965441746E-09
  0.556114629725756759448529E+00 -0.258216073471717635392868E-23  0.168971901442273741916006E-09  0.831105600152582613127095E+00
 -0.246677551533454145313758E-23 -0.100000000000000000000000E+01  0.925448776445109858849178E-15 -0.164446686628367398546971E-23
 -0.831105600152582502104792E+00 -0.665061299907381825229055E-27 -0.122784097066822353764930E-08  0.556114629725756870470832E+00
     67
 -0.114888706442201685806141E-08  0.000000000000000000000000E+00  0.999999999999999888977698E+00  0.469323962435915640162352E-09
 -0.556877738264676125368169E+00  0.000000000000000000000000E+00 -0.249971615351011481174130E-09 -0.830594476640206580420056E+00
  0.000000000000000000000000E+00  0.100000000000000000000000E+01  0.000000000000000000000000E+00  0.000000000000000000000000E+00
 -0.830594476640206469397754E+00  0.000000000000000000000000E+00 -0.121561513227801467319611E-08  0.556877738264676236390471E+00
     68
 -0.118818593388007230579448E-08  0.000000000000000000000000E+00  0.100000000000000000000000E+01  0.389382927332842324487356E-09
  0.557638562486356681446864E+00  0.000000000000000000000000E+00  0.339357684520892626773095E-09  0.830083871442006460128482E+00
  0.000000000000000000000000E+00 -0.100000000000000000000000E+01  0.000000000000000000000000E+00  0.000000000000000000000000E+00
 -0.830083871442006571150785E+00  0.000000000000000000000000E+00 -0.120342873152707278884232E-08  0.557638562486356903491469E+00
     69
 -0.778440088968937812518354E-09  0.000000000000000000000000E+00  0.999999999999999888977698E+00  0.260568661099685067917312E-09
 -0.558397130732735447189441E+00  0.000000000000000000000000E+00 -0.218517660896739941265422E-09 -0.829573772722744684493534E+00
  0.000000000000000000000000E+00  0.100000000000000000000000E+01  0.000000000000000000000000E+00  0.000000000000000000000000E+00
 -0.829573772722744573471232E+00  0.000000000000000000000000E+00 -0.791274089959144845695475E-09  0.558397130732735558211743E+00
     70
 -0.804296599958125176370937E-09  0.000000000000000000000000E+00  0.100000000000000000000000E+01  0.208055818164802404793829E-09
 -0.559153436114753099595021E+00  0.000000000000000000000000E+00 -0.277233640769538237211749E-09 -0.829064192255982490564747E+00
  0.000000000000000000000000E+00 -0.100000000000000000000000E+01  0.000000000000000000000000E+00  0.000000000000000000000000E+00
 -0.829064192255982379542445E+00  0.000000000000000000000000E+00 -0.783148728653646153317384E-09  0.559153436114753099595021E+00
     71
 -0.177502963747501119325480E-08 -0.908775900493967833199175E-15 -0.999999999999999888977698E+00  0.148264315354947371022285E-08
 -0.559907483232290670294162E+00 -0.351316086918943818331457E-23 -0.234599344234137019176991E-09 -0.828555134086128242110192E+00
  0.357908960368309746555115E-23 -0.100000000000000000000000E+01  0.908775900493967833199175E-15  0.156417315671962568421771E-23
  0.828555134086128020065587E+00 -0.127886960223569091307848E-26 -0.230085273194423253875817E-08 -0.559907483232290781316465E+00
     72
 -0.870673355955383689088442E-09  0.000000000000000000000000E+00  0.100000000000000000000000E+01  0.820951428246135672269252E-10
  0.560659280871580234517637E+00  0.000000000000000000000000E+00  0.420172493781077668350386E-09  0.828046599396774496426588E+00
  0.000000000000000000000000E+00  0.100000000000000000000000E+01  0.000000000000000000000000E+00  0.000000000000000000000000E+00
 -0.828046599396774496426588E+00  0.000000000000000000000000E+00 -0.766985515323328805259995E-09  0.560659280871580123495335E+00
     73
 -0.318197208538793489298447E-09  0.000000000000000000000000E+00  0.100000000000000000000000E+01  0.198959096842329855565367E-09
  0.561408836990202164685115E+00  0.000000000000000000000000E+00  0.139924566624477188197292E-10  0.827538589885274511459556E+00
  0.000000000000000000000000E+00 -0.100000000000000000000000E+01  0.000000000000000000000000E+00  0.000000000000000000000000E+00
 -0.827538589885274622481859E+00  0.000000000000000000000000E+00 -0.375017956301736511277428E-09  0.561408836990202164685115E+00
     74
  0.169020087252450452680141E-08  0.148317891845931833513707E-14  0.100000000000000000000000E+01 -0.155594262805546736910920E-08
 -0.562156171477636301681002E+00 -0.282524715821041318142662E-23 -0.336656027870415344260380E-09 -0.827031099094590493869816E+00
 -0.413750850803443785283932E-23  0.100000000000000000000000E+01 -0.148317891845931833513707E-14  0.000000000000000000000000E+00
  0.827031099094590493869816E+00  0.512774913220410191094740E-25 -0.227253152793996851719857E-08 -0.562156171477636301681002E+00
     75
  0.164856529786316001538315E-08  0.000000000000000000000000E+00  0.100000000000000000000000E+01 -0.159970703168759222880175E-08
  0.562901272103729199969280E+00  0.000000000000000000000000E+00  0.394216979040971138789853E-09  0.826524142335844591578109E+00
  0.000000000000000000000000E+00 -0.100000000000000000000000E+01  0.000000000000000000000000E+00  0.000000000000000000000000E+00
  0.826524142335844591578109E+00  0.000000000000000000000000E+00 -0.226305614203126856298002E-08 -0.562901272103729310991582E+00
     76
  0.112382251090419460849213E-08  0.000000000000000000000000E+00 -0.100000000000000000000000E+01  0.342943126884989747209232E-09
 -0.563644152370164297494171E+00  0.000000000000000000000000E+00 -0.916713148026088360336710E-09 -0.826017717424341268994681E+00
  0.000000000000000000000000E+00  0.100000000000000000000000E+01  0.000000000000000000000000E+00  0.000000000000000000000000E+00
 -0.826017717424341268994681E+00  0.000000000000000000000000E+00 -0.734999508889304198442239E-09  0.563644152370164297494171E+00
     77
  0.124147076212970173155875E-08  0.000000000000000000000000E+00 -0.100000000000000000000000E+01  0.527611458067246891153216E-09
