      1
  0.000000000000000000000000E+00 -0.100000000000000000000000E+01  0.000000000000000000000000E+00  0.000000000000000000000000E+00
 -0.301590110744408624211971E-11  0.000000000000000000000000E+00  0.100000000000000000000000E+01  0.387650989245257099341845E-11
  0.668683646514383611680898E+00  0.000000000000000000000000E+00  0.489905115448004379054551E-11 -0.743547026679702960372254E+00
  0.743547026679702960372254E+00  0.000000000000000000000000E+00 -0.349694469434192116135414E-12  0.668683646514383611680898E+00
      2
  0.000000000000000000000000E+00  0.708299822045474480880500E+00  0.705911724006868412928384E+00  0.000000000000000000000000E+00
  0.000000000000000000000000E+00  0.705911724006868412928384E+00 -0.708299822045474480880500E+00  0.000000000000000000000000E+00
 -0.628293009415795578043173E+00  0.000000000000000000000000E+00  0.000000000000000000000000E+00  0.777976795488941830214458E+00
  0.777976795488941830214458E+00  0.000000000000000000000000E+00  0.000000000000000000000000E+00  0.628293009415795578043173E+00
      3
  0.334885980744596101358706E-11 -0.708097430484898704428076E+00 -0.706114742050244936777403E+00 -0.423513217605337815183451E-11
 -0.335826301802080413745601E-11 -0.706114742050245047799706E+00  0.708097430484898593405774E+00  0.424702393681779618197467E-11
 -0.610090880170978566710005E+00  0.000000000000000000000000E+00 -0.764582943277585441651800E-11  0.792331444492896830311679E+00
  0.792331444492896719289377E+00  0.000000000000000000000000E+00  0.987313199790091196519066E-13  0.610090880170978677732307E+00
      4
 -0.443240883280751205174331E-11 -0.708097430484815104634322E+00 -0.706114742050328758615763E+00  0.555593031030728224206353E-11
 -0.444485452358038497385899E-11  0.706114742050328869638065E+00 -0.708097430484814993612019E+00  0.557153071929615811684587E-11
 -0.577410653659844230745080E+00 -0.320784647041491328142407E-26  0.100487513509241206286570E-10  0.816453879309854912982303E+00
 -0.816453879309854801960000E+00 -0.950753708159891602943800E-27  0.581962138106047222733390E-12 -0.577410653659844341767382E+00
      5
  0.000000000000000000000000E+00  0.707894980733817957840870E+00  0.706317702066051600340302E+00  0.000000000000000000000000E+00
  0.000000000000000000000000E+00  0.706317702066051600340302E+00 -0.707894980733817957840870E+00  0.000000000000000000000000E+00
  0.562808144557119249817845E+00  0.000000000000000000000000E+00  0.000000000000000000000000E+00 -0.826587558834617763814379E+00
  0.826587558834617763814379E+00  0.000000000000000000000000E+00  0.000000000000000000000000E+00  0.562808144557119249817845E+00
      6
  0.000000000000000000000000E+00  0.707769827694942899043440E+00  0.706443112362680536442383E+00  0.000000000000000000000000E+00
  0.000000000000000000000000E+00 -0.706443112362680536442383E+00  0.707769827694942899043440E+00  0.000000000000000000000000E+00
  0.525143810897071405818792E+00  0.000000000000000000000000E+00  0.000000000000000000000000E+00 -0.851013500407896694710530E+00
  0.851013500407896694710530E+00  0.000000000000000000000000E+00  0.000000000000000000000000E+00  0.525143810897071405818792E+00
      7
  0.860364585226916243359725E-11  0.707769827694664788175771E+00 -0.706443112362959091399262E+00 -0.105076098158229951412273E-10
  0.861980368389214532474975E-11 -0.706443112362959202421564E+00 -0.707769827694664677153469E+00 -0.105273433326458955139846E-10
  0.514405638721375901845079E+00  0.648345842157702477886168E-26  0.190200931366209737659710E-10 -0.857546989296594341922741E+00
  0.857546989296594230900439E+00  0.288895527696564489823020E-26  0.279285244735303290470735E-11  0.514405638721376012867381E+00
      8
  0.125555433537041333115909E-10  0.707832408520189471090589E+00 -0.706380408454614028279650E+00 -0.151108952195673934157872E-10
  0.125813518975916929179012E-10 -0.706380408454614139301952E+00 -0.707832408520189360068287E+00 -0.151419564163207328940750E-10
 -0.486658059944924836770497E+00  0.000000000000000000000000E+00 -0.273380997903491588792617E-10  0.873592543861634651669590E+00
  0.873592543861634540647287E+00  0.000000000000000000000000E+00  0.511725280639807546234620E-11  0.486658059944924892281648E+00
      9
  0.000000000000000000000000E+00 -0.707176810573201586329617E+00  0.707036744863740573840971E+00  0.000000000000000000000000E+00
  0.000000000000000000000000E+00 -0.707036744863740573840971E+00 -0.707176810573201586329617E+00  0.000000000000000000000000E+00
  0.478660536624000210181862E+00  0.000000000000000000000000E+00  0.000000000000000000000000E+00 -0.878000051639419853977131E+00
  0.878000051639419853977131E+00  0.000000000000000000000000E+00  0.000000000000000000000000E+00  0.478660536624000210181862E+00
     10
  0.253448964815998252681051E-10 -0.710540484828641183412401E+00  0.703656321949486462941081E+00 -0.300522192187202706818927E-10
  0.255928561603407931080806E-10  0.703656321949486573963384E+00  0.710540484828641072390099E+00 -0.303462325964563715023927E-10
 -0.444781902138073115260397E+00  0.000000000000000000000000E+00  0.542721730399366268001370E-10  0.895638911353474842513833E+00
 -0.895638911353474731491531E+00  0.000000000000000000000000E+00  0.132640493829527311547093E-10 -0.444781902138073170771548E+00
     11
 -0.283463838222972067489585E-10  0.709156520729660289070750E+00 -0.705051082622105251829225E+00  0.335546257685629082993335E-10
 -0.285114418262117983679380E-10 -0.705051082622105251829225E+00 -0.709156520729660289070750E+00  0.337500108161294980422267E-10
 -0.438725635901394905857842E+00 -0.130686278650954521177549E-25  0.604057570879478860096484E-10  0.898621063854457391428809E+00
 -0.898621063854457391428809E+00 -0.107313674912437809948750E-25  0.152489840569735904130398E-10 -0.438725635901394905857842E+00
     12
  0.631621161065737933873351E-10  0.708627175177918844362068E+00  0.705583111050259614849267E+00 -0.745927924198487875176725E-10
  0.634346134621027186697735E-10 -0.705583111050259725871570E+00  0.708627175177918733339766E+00 -0.749146046061540994745518E-10
 -0.432761862754275639098012E+00  0.000000000000000000000000E+00  0.134045502186802708088949E-09  0.901508275139751402704746E+00
 -0.901508275139751291682444E+00  0.000000000000000000000000E+00  0.349503770763220267586249E-10 -0.432761862754275694609163E+00
     13
  0.350818724029931320523819E-10  0.708299822045474480880500E+00  0.705911724006868301906081E+00 -0.412728417908931702820922E-10
  0.352005543115477502816023E-10 -0.705911724006868412928384E+00  0.708299822045474369858198E+00 -0.414124677372778913509918E-10
 -0.426850528098012049760257E+00  0.000000000000000000000000E+00  0.740867840007427736291806E-10  0.904322191844504019719864E+00
 -0.904322191844503908697561E+00  0.000000000000000000000000E+00  0.199856762511799185916737E-10 -0.426850528098012105271408E+00
     14
  0.000000000000000000000000E+00  0.708097430484898704428076E+00 -0.706114742050245047799706E+00  0.000000000000000000000000E+00
  0.000000000000000000000000E+00 -0.706114742050245047799706E+00 -0.708097430484898704428076E+00  0.000000000000000000000000E+00
  0.420975833308876667970821E+00  0.000000000000000000000000E+00  0.000000000000000000000000E+00 -0.907071853697322572074313E+00
  0.907071853697322572074313E+00  0.000000000000000000000000E+00  0.000000000000000000000000E+00  0.420975833308876667970821E+00
     15
  0.000000000000000000000000E+00  0.707769827694942899043440E+00 -0.706443112362680536442383E+00  0.000000000000000000000000E+00
  0.000000000000000000000000E+00  0.706443112362680536442383E+00  0.707769827694942899043440E+00  0.000000000000000000000000E+00
  0.415157285054825075931717E+00  0.000000000000000000000000E+00  0.000000000000000000000000E+00 -0.909749651643740220308132E+00
  0.909749651643740220308132E+00  0.000000000000000000000000E+00  0.000000000000000000000000E+00  0.415157285054825075931717E+00
     16
  0.291517161209814003279820E-16  0.707567290069680443487243E+00 -0.706645972197852856311329E+00  0.000000000000000000000000E+00
 -0.291897238336315756976695E-16  0.706645972197852967333631E+00  0.707567290069680332464941E+00  0.000000000000000000000000E+00
 -0.409463909557649552439784E+00  0.000000000000000000000000E+00  0.740273767152040168780877E-16  0.912326315947186050614448E+00
 -0.912326315947185939592146E+00  0.000000000000000000000000E+00  0.164940358115512575614010E-15 -0.409463909557649607950935E+00
     17
  0.000000000000000000000000E+00  0.708097430484898704428076E+00 -0.706114742050245047799706E+00  0.000000000000000000000000E+00
  0.000000000000000000000000E+00 -0.706114742050245047799706E+00 -0.708097430484898704428076E+00  0.000000000000000000000000E+00
  0.404031251571328131610983E+00  0.000000000000000000000000E+00  0.000000000000000000000000E+00 -0.914745181869631940330123E+00
  0.914745181869631940330123E+00  0.000000000000000000000000E+00  0.000000000000000000000000E+00  0.404031251571328131610983E+00
     18
  0.000000000000000000000000E+00  0.707769827694942899043440E+00 -0.706443112362680536442383E+00  0.000000000000000000000000E+00
  0.000000000000000000000000E+00 -0.706443112362680536442383E+00 -0.707769827694942899043440E+00  0.000000000000000000000000E+00
  0.399080958054192913575520E+00  0.000000000000000000000000E+00  0.000000000000000000000000E+00 -0.916915693462898140353445E+00
  0.916915693462898140353445E+00  0.000000000000000000000000E+00  0.000000000000000000000000E+00  0.399080958054192913575520E+00
     19
  0.000000000000000000000000E+00 -0.707239440929191665041742E+00 -0.706974096551043595937358E+00  0.000000000000000000000000E+00
  0.000000000000000000000000E+00  0.706974096551043595937358E+00 -0.707239440929191665041742E+00  0.000000000000000000000000E+00
  0.394941172659683925605378E+00  0.000000000000000000000000E+00  0.000000000000000000000000E+00 -0.918706411286104973612510E+00
  0.918706411286104973612510E+00  0.000000000000000000000000E+00  0.000000000000000000000000E+00  0.394941172659683925605378E+00
     20
  0.000000000000000000000000E+00 -0.708034876249770128708860E+00  0.706177466373696161028306E+00  0.000000000000000000000000E+00
  0.000000000000000000000000E+00  0.706177466373696161028306E+00  0.708034876249770128708860E+00  0.000000000000000000000000E+00
  0.392063839532210245408805E+00  0.000000000000000000000000E+00  0.000000000000000000000000E+00 -0.919938011896052287852399E+00
  0.919938011896052287852399E+00  0.000000000000000000000000E+00  0.000000000000000000000000E+00  0.392063839532210245408805E+00
     21
 -0.268529509463804819039941E-09  0.709545887807304542782560E+00  0.704659231895633286768543E+00  0.311935755878152227885592E-09
 -0.270391702216675511931611E-09 -0.704659231895633397790846E+00  0.709545887807304431760258E+00  0.314098961349005020803509E-09
 -0.391029939079203858742773E+00  0.000000000000000000000000E+00 -0.556441916010143393579687E-09  0.920377958636404036596446E+00
 -0.920377958636403925574143E+00  0.000000000000000000000000E+00 -0.177635600980060094300286E-09 -0.391029939079203914253924E+00
     22
  0.148707297938923827339495E-09  0.707106781186547572737311E+00 -0.707106781186547461715008E+00 -0.240463565739912565753857E-09
  0.148707297938923801490101E-09 -0.707106781186547572737311E+00 -0.707106781186547461715008E+00 -0.240463565739912565753857E-09
 -0.392519706482917618561856E+00  0.000000000000000000000000E+00 -0.395322797571043583763821E-09  0.919743594716790791032679E+00
 -0.919743594716790680010376E+00  0.000000000000000000000000E+00 -0.599429139401315791366133E-10 -0.392519706482917674073008E+00
     23
  0.363940650655216069854453E-10 -0.707106781186548460915731E+00  0.707106781186546462514286E+00 -0.910524996766485138397124E-10
 -0.363940650655216069854453E-10 -0.707106781186546573536589E+00 -0.707106781186548349893428E+00  0.910524996766487335595626E-10
  0.397188415048547127650380E+00  0.473547855110507820145615E-25 -0.138617846571371175142625E-09 -0.917737088141926782292046E+00
 -0.917737088141926671269744E+00 -0.583304538768884079743854E-25 -0.390983471555676073747565E-11 -0.397188415048547183161531E+00
     24
 -0.249200525702731330325724E-10  0.707106781186547572737311E+00  0.707106781186547239670404E+00 -0.120520466466799176004949E-09
 -0.249200525702731491884437E-10 -0.707106781186547239670404E+00  0.707106781186547572737311E+00 -0.120520466466799227703737E-09
  0.405300946656730887163178E+00  0.000000000000000000000000E+00 -0.141531166316883860680827E-09 -0.914183320039891000874377E+00
  0.914183320039891000874377E+00  0.000000000000000000000000E+00  0.101298176199338929879667E-09  0.405300946656730887163178E+00
     25
 -0.329757860232047981442525E-09 -0.707106781186551347495595E+00  0.707106781186543575934422E+00 -0.376175480076338962395823E-09
 -0.329757860232049894297692E-09  0.707106781186543464912120E+00  0.707106781186551236473292E+00 -0.376175480076343356792827E-09
 -0.415819984339355408486938E+00  0.202760108244039649889077E-24  0.289902087282559596279019E-09  0.909446942170909711222748E+00
 -0.909446942170909711222748E+00  0.241377677660779894911521E-24 -0.645331896143516345283497E-09 -0.415819984339355408486938E+00
     26
 -0.172032578936309952352668E-08 -0.710540484828677931794516E+00 -0.703656321949449381492059E+00 -0.889171626440407591351793E-09
  0.173715645309749643364774E-08 -0.703656321949449381492059E+00  0.710540484828677931794516E+00  0.897870762812899117228220E-09
 -0.424647580291994231060926E+00 -0.485316551522965495065050E-24 -0.105857281188732757349878E-09  0.905358731416533113467437E+00
  0.905358731416533113467437E+00  0.564598823896136584985023E-24 -0.275005911667788975786865E-08  0.424647580291994231060926E+00
     27
  0.163017800015216631843836E-08  0.707106781186547572737311E+00 -0.707106781186547572737311E+00  0.109486857562661611990180E-08
  0.163017800015216631843836E-08 -0.707106781186547572737311E+00 -0.707106781186547572737311E+00  0.109486857562661611990180E-08
 -0.423123900198392521865287E+00  0.000000000000000000000000E+00  0.427463354173067329375545E-09  0.906071832186003178755129E+00
  0.906071832186003178755129E+00  0.000000000000000000000000E+00  0.274403191031022386626571E-08  0.423123900198392521865287E+00
     28
  0.272596421077456272513695E-08  0.707106781186547572737311E+00  0.707106781186547572737311E+00  0.151598165381491115895014E-08
  0.272596421077456313872726E-08 -0.707106781186547461715008E+00  0.707106781186547683759613E+00  0.151598165381491115895014E-08
  0.402015045676250903916582E+00  0.000000000000000000000000E+00  0.413239189032764859651444E-09 -0.915633061356961874821536E+00
  0.915633061356962096866141E+00  0.000000000000000000000000E+00 -0.439174197681378931097878E-08  0.402015045676250792894280E+00
     29
  0.295924899962497304361933E-08 -0.707106781186548349893428E+00 -0.707106781186546129447379E+00  0.229826542555852926012595E-08
  0.295924899962499785903771E-08  0.707106781186546462514286E+00 -0.707106781186548349893428E+00  0.229826542555853256884840E-08
  0.363707548398864655148088E+00 -0.348130147679558222275644E-23 -0.150552005501384878693143E-08 -0.931513187903256323352252E+00
 -0.931513187903256101307647E+00  0.469050118044418895926151E-23 -0.508052790489068322788906E-08 -0.363707548398864655148088E+00
     30
 -0.133588513296477955627450E-08  0.707106781186547683759613E+00  0.707106781186547350692706E+00 -0.114157013419865813168497E-08
  0.133588513296477893588904E-08  0.707106781186547350692706E+00 -0.707106781186547683759613E+00  0.114157013419865895886558E-08
 -0.323832209997681419455517E+00 -0.556197047493012562393314E-24  0.915637383166195266654685E-09  0.946114527828432305689432E+00
 -0.946114527828432305689432E+00 -0.839501230253425112645414E-24 -0.231022768165287622717431E-08 -0.323832209997681419455517E+00
     31
 -0.414690182329825299211238E-09  0.707106781186547461715008E+00  0.707106781186547683759613E+00 -0.348302452551613994886534E-09
  0.414690182329824730524567E-09  0.707106781186547683759613E+00 -0.707106781186547461715008E+00  0.348302452551613994886534E-09
 -0.293872097144832367110467E+00 -0.165994388885772256689596E-24  0.298479951765658605790711E-09  0.955844752310592626898256E+00
 -0.955844752310592626898256E+00 -0.275484693583004348465090E-24 -0.705318941998863166619660E-09 -0.293872097144832367110467E+00
     32
  0.143062437623385663692310E-08  0.707106781186547128648101E+00  0.707106781186548127848823E+00  0.763506075566671321039348E-09
 -0.143062437623385415538126E-08  0.707106781186548016826521E+00 -0.707106781186547239670404E+00 -0.763506075566670597256312E-09
  0.274450698292589834181854E+00 -0.359653799246496441996546E-24  0.483028116360012741593839E-09 -0.961601172111759661120800E+00
  0.961601172111759883165405E+00 -0.639040347458447132169396E-24 -0.224186073489226139747702E-08  0.274450698292589778670703E+00
     33
 -0.503842142954960059045113E-09  0.707106781186548016826521E+00  0.707106781186546684558891E+00 -0.243868942461386072157741E-09
 -0.503842142954962954177257E-09 -0.707106781186546795581194E+00  0.707106781186548238871126E+00 -0.243868942461386330651683E-09
 -0.261840157760008962473108E+00  0.228831508117642345804460E-24  0.146278549891405339075672E-09  0.965111253578681216325208E+00
 -0.965111253578681216325208E+00  0.426758149789220580012784E-24 -0.777984908639643258929319E-09 -0.261840157760008962473108E+00
     34
  0.950688432322423087763469E-09 -0.707106781186547683759613E+00  0.707106781186547350692706E+00  0.249234560115681593783416E-09
 -0.950688432322423501353775E-09 -0.707106781186547350692706E+00 -0.707106781186547683759613E+00 -0.249234560115681748879781E-09
 -0.252498963397472464542659E+00  0.000000000000000000000000E+00 -0.157089465100129550996750E-11  0.967597164879683724336701E+00
  0.967597164879683724336701E+00  0.000000000000000000000000E+00 -0.138991026812496226369925E-08  0.252498963397472464542659E+00
     35
  0.476627153547077189169376E-09 -0.707106781186547461715008E+00 -0.707106781186547461715008E+00  0.154586793686953552297086E-09
  0.476627153547077395964529E-09  0.707106781186547461715008E+00 -0.707106781186547461715008E+00  0.154586793686953474748903E-09
  0.243969256283095237147762E+00 -0.718339690983163653134203E-25 -0.475645955044356349956288E-10 -0.969782966435621340828277E+00
 -0.969782966435621340828277E+00  0.144146494455477281682122E-24 -0.707021074286937675711222E-09 -0.243969256283095237147762E+00
     36
  0.859008326812910963253443E-09 -0.707106781186547683759613E+00  0.707106781186547461715008E+00  0.235274980818893566214977E-09
 -0.859008326812911273446173E-09 -0.707106781186547461715008E+00 -0.707106781186547683759613E+00 -0.235274980818893669612554E-09
 -0.234639427234810155065148E+00  0.000000000000000000000000E+00 -0.383951141297669715123124E-10  0.972082475506538590259709E+00
  0.972082475506538590259709E+00  0.000000000000000000000000E+00 -0.125897789068036043663801E-08  0.234639427234810155065148E+00
     37
  0.558826391579180712443414E-09  0.707106781186547128648101E+00  0.707106781186548016826521E+00  0.178307447394183675519753E-09
  0.558826391579180092057955E-09 -0.707106781186548016826521E+00  0.707106781186547128648101E+00  0.178307447394183417025812E-09
  0.223438053903065980687614E+00  0.000000000000000000000000E+00  0.692065496642799319232520E-10 -0.974718131599084602889604E+00
  0.974718131599084602889604E+00  0.000000000000000000000000E+00 -0.826662819368840168323884E-09  0.223438053903065980687614E+00
     38
 -0.464730612200422991679490E-09  0.707106781186547461715008E+00 -0.707106781186547461715008E+00 -0.206887262370463673314948E-09
  0.464730612200422939980702E-09  0.707106781186547572737311E+00  0.707106781186547350692706E+00  0.206887262370463621616160E-09
  0.209651654000116233200757E+00  0.000000000000000000000000E+00  0.148291493500067556034311E-09 -0.977776142056562713733570E+00
 -0.977776142056562602711267E+00  0.000000000000000000000000E+00  0.703962430518992127097550E-09 -0.209651654000116260956332E+00
     39
  0.491816164068249738466024E-09  0.707106781186547794781916E+00  0.707106781186547239670404E+00  0.345910103529945627329564E-09
 -0.491816164068250875839367E-09  0.707106781186547239670404E+00 -0.707106781186547794781916E+00 -0.345910103529945885823505E-09
 -0.192841969371252919263071E+00 -0.155883636465008218291958E-24 -0.345880572809245933961936E-09  0.981229827741195825829834E+00
  0.981229827741195825829834E+00  0.388963962989393997739285E-24 -0.776814431970945180696692E-09  0.192841969371252919263071E+00
     40
 -0.182257620434939290446374E-09 -0.707106781186548571938033E+00  0.707106781186546351491984E+00 -0.232201860716413578377411E-09
 -0.182257620434939393843951E-09  0.707106781186546462514286E+00  0.707106781186548460915731E+00 -0.232201860716414379708629E-09
  0.172813917286185031452206E+00 -0.103301881774961880041387E-24 -0.278899375095477731507526E-09 -0.984954491330540360394252E+00
 -0.984954491330540249371950E+00  0.283945303427755362449788E-24 -0.310622138232962846111906E-09 -0.172813917286185059207781E+00
     41
 -0.568563140347451557554909E-10 -0.707106781186547683759613E+00  0.707106781186547239670404E+00 -0.250779721747439186001310E-09
 -0.568563140347446969287449E-10  0.707106781186547350692706E+00  0.707106781186547461715008E+00 -0.250779721747439392796463E-09
  0.149594121803458102171192E+00 -0.109903781841697243090150E-24 -0.338636902362834776776055E-09 -0.988747489868799567247493E+00
 -0.988747489868799456225190E+00  0.342791101850274073188651E-24 -0.132556655543149428097129E-09 -0.149594121803458129926767E+00
     42
 -0.861846845676090447753919E-10  0.707106781186547239670404E+00 -0.707106781186547794781916E+00  0.267532103663793246703515E-09
 -0.861846845676128575610279E-10 -0.707106781186547572737311E+00 -0.707106781186547128648101E+00  0.267532103663793401799880E-09
 -0.123394940861951213362246E+00  0.345358026174401743110610E-24  0.390495875318118385663380E-09  0.992357641462832451573206E+00
 -0.992357641462832451573206E+00  0.127527963874466791061503E-23  0.742659009850591259220534E-10 -0.123394940861951213362246E+00
     43
  0.242003397428950488865482E-09 -0.707106781186547350692706E+00  0.707106781186547683759613E+00 -0.283610244146523182744603E-09
  0.242003397428951212648518E-09  0.707106781186547683759613E+00  0.707106781186547350692706E+00 -0.283610244146523079347026E-09
 -0.945530547747598787422518E-01  0.119929284923104311864797E-24  0.431648792450069363133931E-09  0.995519823927560554288618E+00
 -0.995519823927560554288618E+00  0.560701322086753548450238E-24  0.302787426875623717411919E-09 -0.945530547747598787422518E-01
     44
  0.565435658971097917776501E-09 -0.707106781186546684558891E+00 -0.707106781186547905804218E+00 -0.623241953114773734280549E-09
 -0.565435658971083855706088E-09 -0.707106781186548016826521E+00  0.707106781186547017625799E+00  0.623241953114772183316901E-09
  0.634470161890014205940957E-01  0.517085907576312976053851E-24  0.930356578946434370676380E-09 -0.997985208375711585482293E+00
  0.997985208375711696504595E+00  0.347008451486159717366991E-23  0.742113410479421191829676E-09  0.634470161890014344718836E-01
     45
  0.757778623752730873616057E-09 -0.707106781186547239670404E+00 -0.707106781186547905804218E+00 -0.703643607461268978207507E-09
  0.757778623752735940097309E-09  0.707106781186547683759613E+00 -0.707106781186547350692706E+00 -0.703643607461268874809931E-09
  0.304127618504252301978585E-01 -0.285491687771664795456952E-24  0.102723417803577773114290E-08 -0.999537424970485699482481E+00
  0.999537424970486032549388E+00 -0.381966648626395678463551E-23  0.104090094028258314013495E-08  0.304127618504252267284116E-01
     46
 -0.720463392607497474247956E-09  0.707106781186547572737311E+00 -0.707106781186547683759613E+00  0.349329343737598463647264E-09
 -0.720463392607497681043110E-09 -0.707106781186547461715008E+00 -0.707106781186547905804218E+00  0.349329343737598567044840E-09
 -0.431948649148221428678562E-02  0.000000000000000000000000E+00 -0.489620606758832500001956E-09 -0.999990670974709616736220E+00
 -0.999990670974710060825430E+00  0.000000000000000000000000E+00  0.102101409079347899344701E-08  0.431948649148221255206215E-02
     47
 -0.857719651858843274691225E-09  0.707106781186547572737311E+00 -0.707106781186547461715008E+00  0.382607419592784381552883E-09
 -0.857719651858841413534846E-09 -0.707106781186547572737311E+00 -0.707106781186547239670404E+00  0.382607419592784433251671E-09
 -0.406422469280486517440032E-01 -0.148565426257590806934595E-24 -0.491342538880019499219692E-09 -0.999173762548156374485586E+00
  0.999173762548156041418679E+00  0.132281167902235667090003E-23 -0.123398759593098840278411E-08 -0.406422469280486517440032E-01
     48
  0.970088379001896914753553E-09  0.707106781186547572737311E+00  0.707106781186547350692706E+00 -0.420407507040030049525897E-09
 -0.970088379001897948729319E-09  0.707106781186547461715008E+00 -0.707106781186547461715008E+00  0.420407507040029997827109E-09
  0.785290301791603112535611E-01  0.159757817043647046885353E-24  0.484974998718404070899059E-09  0.996911827304260977911099E+00
  0.996911827304260866888796E+00  0.683399945978917965203116E-24 -0.141436467197963716326881E-08 -0.785290301791602973757733E-01
     49
 -0.104984659046106422559317E-08  0.707106781186547461715008E+00 -0.707106781186547461715008E+00  0.458410324861171457331402E-09
 -0.104984659046106050328041E-08 -0.707106781186547461715008E+00 -0.707106781186547239670404E+00  0.458410324861171870921708E-09
 -0.117935795210761820706047E+00 -0.340134740624195108450140E-24 -0.468665704743967636015992E-09 -0.993021222435857664478931E+00
  0.993021222435857553456628E+00  0.887371122027327012174303E-24 -0.155080234279217560156786E-08 -0.117935795210761834583835E+00
     50
  0.109055958852246211323454E-08 -0.707106781186547461715008E+00  0.707106781186547350692706E+00 -0.490113075493914428422402E-09
  0.109055958852246149284908E-08  0.707106781186547461715008E+00  0.707106781186547350692706E+00 -0.490113075493914635217555E-09
 -0.158669317954086730448893E+00 -0.179469646667765215379905E-24 -0.439630711899533029470108E-09 -0.987331781895014803929200E+00
  0.987331781895014692906898E+00  0.313414345060752390361512E-24 -0.163272387910122901400698E-08 -0.158669317954086702693317E+00
     51
 -0.648872459445852592944048E-23  0.100000000000000000000000E+01 -0.405112691961376401963551E-14  0.277520625001236824396494E-23
 -0.153837025911538229563396E-08 -0.405112691961376401963551E-14 -0.100000000000000000000000E+01  0.718438490987374112991196E-09
  0.200272062375961484859133E+00  0.183926640775691325580047E-24  0.395790552680543144847382E-09  0.979740323265138934871743E+00
  0.979740323265138934871743E+00  0.224300309511195490818940E-24 -0.165108664202052167424719E-08 -0.200272062375961484859133E+00
     52
  0.000000000000000000000000E+00  0.100000000000000000000000E+01  0.000000000000000000000000E+00  0.000000000000000000000000E+00
 -0.154789808441494347623555E-08  0.000000000000000000000000E+00  0.100000000000000000000000E+01  0.212976964198032025208601E-08
  0.241989876289181116142402E+00  0.000000000000000000000000E+00 -0.169189458484819735463430E-08  0.970278774256938314479726E+00
 -0.970278774256938425502028E+00  0.000000000000000000000000E+00 -0.201727545593065098675531E-08  0.241989876289181116142402E+00
     53
 -0.437614537500693880343114E-23  0.999999999999999888977698E+00 -0.282697004093924328952104E-14  0.162270733749623694269092E-23
  0.133958040336596806708337E-08  0.260492543601421198143632E-14  0.999999999999999888977698E+00 -0.673837222550654995165910E-09
 -0.282869538877981163693676E+00 -0.168834914822199442050059E-24 -0.267390136925980894958959E-09 -0.959158393579995882660683E+00
  0.959158393579995882660683E+00  0.103761764304368332196462E-24 -0.147547781218546837901488E-08 -0.282869538877981163693676E+00
     54
  0.319689095160434873715885E-23  0.100000000000000000000000E+01  0.267607942847383182217701E-14 -0.145785679344401743755368E-23
  0.115144276670961411783354E-08 -0.267607942847383221660746E-14  0.999999999999999888977698E+00 -0.592610303099416365830490E-09
 -0.321976194306596241734297E+00  0.158399034056014521480879E-24 -0.190315391408588090171856E-09 -0.946747764877129638350084E+00
  0.946747764877129527327781E+00 -0.681680324737138653736072E-25 -0.128093206564486053187522E-08 -0.321976194306596297245449E+00
     55
  0.000000000000000000000000E+00 -0.100000000000000000000000E+01  0.000000000000000000000000E+00  0.000000000000000000000000E+00
 -0.915127126298184528733365E-09  0.000000000000000000000000E+00 -0.100000000000000000000000E+01  0.467672544405663247729189E-09
  0.358648731999585745899850E+00  0.000000000000000000000000E+00  0.108350320526813996798636E-09  0.933472595760094669969931E+00
  0.933472595760094669969931E+00  0.000000000000000000000000E+00 -0.102197625907815364088397E-08 -0.358648731999585745899850E+00
     56
 -0.329841371734557261565899E-23  0.100000000000000000000000E+01 -0.503718439171803604325171E-14  0.139935313923397258884469E-23
  0.644412256927646671721895E-09  0.503718439171803604325171E-14  0.100000000000000000000000E+01 -0.293222903814667617437528E-09
  0.392687112928573667236520E+00  0.919990730334234146092785E-25  0.166165009501575111353051E-10  0.919672132523227880973593E+00
  0.919672132523227880973593E+00  0.176840245138420253501284E-25 -0.707792952200387079272255E-09 -0.392687112928573667236520E+00
     57
 -0.443514748003757295639804E-22 -0.100000000000000000000000E+01 -0.324326978769243013608215E-13 -0.160330659519959664250186E-22
  0.137047275957981418446500E-08 -0.324326978769243076717087E-13  0.999999999999999888977698E+00  0.499144140736452993829004E-09
  0.424406847955777710712510E+00  0.181844304869600856451152E-24 -0.103359877608963866233277E-08  0.905471604970714216698013E+00
  0.905471604970714105675711E+00  0.215116534585536410585644E-25 -0.102908377668473973392138E-08 -0.424406847955777766223662E+00
     58
 -0.940380405368883735899650E-10  0.629257235088409217688456E-14 -0.100000000000000000000000E+01 -0.255743320521359213332625E-09
  0.651371417776050933739434E-24  0.100000000000000000000000E+01  0.629257235088409217688456E-14  0.170929212388416349150479E-23
  0.454555826907580617923799E+00 -0.116184916980421568527388E-24 -0.270540782086425461545922E-09  0.890718249630244041092908E+00
 -0.890718249630244041092908E+00  0.765417454163045362906161E-26 -0.324882176700014656447770E-10  0.454555826907580617923799E+00
     59
 -0.189351795177736180354318E-08  0.300698709936654243212070E-14 -0.999999999999999888977698E+00  0.601419438323890609181154E-09
 -0.549786512512586617355808E-23 -0.100000000000000000000000E+01 -0.300698709936654164325980E-14  0.213839045500715126707732E-23
  0.484119778488430629881378E+00  0.383537518640162487226780E-24 -0.390446330572063759582454E-09  0.875001737184739947217338E+00
  0.875001737184739836195035E+00  0.117037821598972067831285E-25 -0.194799034816626560936323E-08 -0.484119778488430685392530E+00
     60
  0.203166243501347620261730E-09 -0.109554041039466688835249E-14 -0.100000000000000000000000E+01 -0.103698490916594512826479E-08
  0.974199330121497695566332E-25 -0.100000000000000000000000E+01  0.109554041039466708556772E-14  0.165919573429030577469801E-23
 -0.514033069221010552318774E+00 -0.613220216034008570197145E-24  0.785060759151537943543984E-09 -0.857770367725085081112013E+00
 -0.857770367725085081112013E+00 -0.557409444244490185828512E-26 -0.707314518991918279920781E-09  0.514033069221010552318774E+00
     61
 -0.192087097402806702610103E-08  0.000000000000000000000000E+00 -0.100000000000000000000000E+01  0.138973524788298046228889E-08
  0.544803392972735056609679E+00  0.271050543121376108501863E-19  0.118884780851815215065668E-09  0.838563809739840571033653E+00
 -0.135525271560688054250932E-19  0.100000000000000000000000E+01 -0.157772181044202361082346E-29 -0.135525271560688054250932E-19
  0.838563809739840571033653E+00  0.000000000000000000000000E+00 -0.236790517418152386818229E-08 -0.544803392972735278654284E+00
     62
 -0.626549842827822512262884E-15  0.000000000000000000000000E+00  0.100000000000000000000000E+01 -0.876513243701671349333983E-15
  0.545576472333171191841927E+00  0.000000000000000000000000E+00  0.107640245675587445903865E-14  0.838061043621819101723247E+00
  0.000000000000000000000000E+00 -0.100000000000000000000000E+01  0.000000000000000000000000E+00  0.000000000000000000000000E+00
  0.838061043621819101723247E+00  0.000000000000000000000000E+00  0.468820117093118139388112E-16 -0.545576472333171191841927E+00
     63
  0.374461792909126095242465E-08  0.000000000000000000000000E+00  0.100000000000000000000000E+01 -0.282824212286049403843282E-08
 -0.546347252597345622859848E+00  0.000000000000000000000000E+00 -0.322957192439194205302744E-09 -0.837558761866492695880027E+00
  0.000000000000000000000000E+00 -0.100000000000000000000000E+01  0.000000000000000000000000E+00  0.000000000000000000000000E+00
  0.837558761866492695880027E+00  0.000000000000000000000000E+00 -0.468153996284536376196162E-08 -0.546347252597345622859848E+00
     64
  0.122399041295487443190861E-08  0.000000000000000000000000E+00  0.999999999999999888977698E+00 -0.961077213275272025252120E-09
  0.547115730349881257410516E+00  0.000000000000000000000000E+00  0.134812096615675666669419E-09  0.837056973929323322458629E+00
  0.000000000000000000000000E+00  0.100000000000000000000000E+01  0.000000000000000000000000E+00  0.000000000000000000000000E+00
  0.837056973929323100414024E+00  0.000000000000000000000000E+00 -0.155036998678626233768305E-08 -0.547115730349881368432818E+00
     65
 -0.130229323757710942077460E-08  0.000000000000000000000000E+00  0.100000000000000000000000E+01  0.830629535574499012385864E-09
 -0.547881905963556015137783E+00  0.000000000000000000000000E+00 -0.186351003452614411647578E-10 -0.836555686800192099816798E+00
  0.000000000000000000000000E+00 -0.100000000000000000000000E+01  0.000000000000000000000000E+00  0.000000000000000000000000E+00
 -0.836555686800192099816798E+00  0.000000000000000000000000E+00 -0.154452779975308654825496E-08  0.547881905963556015137783E+00
     66
 -0.100188797694008007581918E-08  0.000000000000000000000000E+00  0.100000000000000000000000E+01  0.568457528786665605349553E-09
 -0.548645799352979857133050E+00  0.000000000000000000000000E+00 -0.744199915450178555497003E-10 -0.836054894640495316338047E+00
  0.000000000000000000000000E+00  0.100000000000000000000000E+01  0.000000000000000000000000E+00  0.000000000000000000000000E+00
 -0.836054894640495316338047E+00  0.000000000000000000000000E+00 -0.114951527510233663489299E-08  0.548645799352979857133050E+00
     67
 -0.103269133728408341292847E-08  0.000000000000000000000000E+00  0.100000000000000000000000E+01  0.498924834529436285215741E-09
 -0.549407420399442236735865E+00  0.000000000000000000000000E+00 -0.150489344087563062991698E-09 -0.835554598102380530200151E+00
  0.000000000000000000000000E+00  0.100000000000000000000000E+01  0.000000000000000000000000E+00  0.000000000000000000000000E+00
 -0.835554598102380530200151E+00  0.000000000000000000000000E+00 -0.113698300160025375061618E-08  0.549407420399442236735865E+00
     68
  0.106781945899855664111722E-08  0.919631732093692457674757E-15 -0.100000000000000000000000E+01 -0.423150818711455745258705E-09
 -0.550166761420764705015074E+00 -0.143986357616380035417654E-23 -0.234124525130018946465119E-09 -0.835054809355522009717276E+00
 -0.177377811243348674027540E-23  0.100000000000000000000000E+01  0.919631732093692852105209E-15 -0.813477467432448802182959E-24
 -0.835054809355522009717276E+00  0.464193236309243818421299E-27 -0.112449110486376249712072E-08  0.550166761420764927059679E+00
     69
 -0.710706492178452622041350E-09  0.000000000000000000000000E+00  0.100000000000000000000000E+01  0.277934251058404116315258E-09
 -0.550923850848909379962492E+00  0.000000000000000000000000E+00 -0.159593594975048771319272E-09 -0.834555516766744887036111E+00
  0.000000000000000000000000E+00  0.100000000000000000000000E+01  0.000000000000000000000000E+00  0.000000000000000000000000E+00
 -0.834555516766744887036111E+00  0.000000000000000000000000E+00 -0.746244631725372661491416E-09  0.550923850848909379962492E+00
     70
  0.733600982353458557122977E-09  0.279595829562319744224487E-14 -0.999999999999999555910790E+00 -0.228601975689946412125959E-09
  0.551678681459739084225191E+00  0.184582841702867505865578E-23  0.214044760863786146029950E-09  0.834056732136875367267237E+00
 -0.287040585625280047931215E-23  0.999999999999999888977698E+00  0.257391369069816416200788E-14 -0.900730865142122479429268E-24
 -0.834056732136874923178027E+00  0.664948435193445815557109E-27 -0.737979304166258682022618E-09  0.551678681459739084225191E+00
     71
 -0.175067871555101081506905E-08  0.909657791704376069109657E-15 -0.100000000000000000000000E+01  0.144091986039531894172200E-08
 -0.552431258141095282709898E+00  0.341304133056285955556818E-23 -0.233961232004748765779880E-09 -0.833558459274840846120469E+00
 -0.347693661442579524309279E-23 -0.100000000000000000000000E+01 -0.909657791704376069109657E-15 -0.153492311727078670555097E-23
  0.833558459274840957142771E+00  0.126282237899750085391988E-26 -0.225530231672221519355283E-08 -0.552431258141095282709898E+00
     72
  0.792383654009363074646651E-09 -0.906366190543105558263058E-15 -0.100000000000000000000000E+01 -0.111062005043346709678466E-09
 -0.553181589400638107356656E+00  0.238736421100659653132932E-24 -0.345810657524251902391762E-09 -0.833060699558071493520117E+00
 -0.850180040256071850221422E-24 -0.100000000000000000000000E+01  0.906366190543105558263058E-15 -0.982684257077522696709116E-25
 -0.833060699558071493520117E+00 -0.891970409160285848997326E-28 -0.721541137599320116829083E-09  0.553181589400638107356656E+00
     73
 -0.306044834017852931838590E-09 -0.341526117286897074522048E-15  0.100000000000000000000000E+01  0.197682490404697506149217E-09
  0.553929683241550674388520E+00  0.388858724489040540715928E-24  0.494397783235990014465148E-11  0.832563454653106549407937E+00
  0.705048449043838480658536E-24 -0.100000000000000000000000E+01 -0.341526117286897074522048E-15  0.000000000000000000000000E+00
 -0.832563454653106549407937E+00 -0.462578261070257419740632E-24 -0.364303758714691063636578E-09  0.553929683241550785410823E+00
     74
  0.166036913211788778135011E-08 -0.158272838201527266159998E-14  0.999999999999999777955395E+00 -0.152201685903353515361006E-08
 -0.554675559387721839321728E+00  0.293143449177532086220682E-23 -0.345453519213964278056483E-09 -0.832066718369337099403538E+00
  0.369607771299170295576291E-23  0.999999999999999888977698E+00  0.136068377709024115630003E-14  0.000000000000000000000000E+00
  0.832066718369336877358933E+00 -0.544639050283848531514680E-25 -0.222576326296913091454949E-08 -0.554675559387721839321728E+00
     75
 -0.161612860345717970825972E-08  0.184921954414576913402132E-14 -0.100000000000000000000000E+01  0.156990805930428118778166E-08
 -0.555419205725760312120087E+00  0.544120790480467213738727E-23 -0.407860250130468099107457E-09 -0.831570505676437199404916E+00
  0.540905423478046583298771E-23  0.999999999999999888977698E+00  0.162717493922073782593659E-14  0.162269369356200003081942E-23
  0.831570505676437199404916E+00  0.189109494154163113545910E-26 -0.221588215202203956044101E-08 -0.555419205725760312120087E+00
     76
  0.101643261101000843390084E-08 -0.148165905037168372082299E-14 -0.100000000000000000000000E+01  0.279982693403865889492736E-09
 -0.556160635540986825198218E+00 -0.904224952085185959948995E-24 -0.797986495430266217092863E-09 -0.831074814607352885253988E+00
  0.317293754434865726554368E-24  0.999999999999999888977698E+00 -0.125961444544665260995349E-14  0.000000000000000000000000E+00
 -0.831074814607352885253988E+00 -0.605292196670488456789176E-24 -0.689016375587722007046884E-09  0.556160635540986714175915E+00
     77
  0.112037111197768473508011E-08  0.120717371267734911816639E-14 -0.100000000000000022204460E+01  0.448195218848442960197815E-09
