      1
  0.275083182600582018159016E-24  0.100000000000000000000000E+01 -0.963939570356514333506838E-13 -0.351393955369350137870010E-24
  0.286575395714810170051849E-11 -0.963939570356514459724583E-13 -0.999999999999999888977698E+00 -0.365500814237506035748349E-11
 -0.649022834653516622616110E+00 -0.145672293381287110388306E-26 -0.464070049090022333317744E-11  0.760768926874852091657431E+00
  0.760768926874851980635128E+00  0.279631257504299887641427E-27 -0.191838257943216218416533E-12  0.649022834653516733638412E+00
      2
  0.000000000000000000000000E+00  0.708424877806783537259605E+00  0.705786222948878383398608E+00  0.000000000000000000000000E+00
  0.000000000000000000000000E+00  0.705786222948878383398608E+00 -0.708424877806783537259605E+00  0.000000000000000000000000E+00
 -0.612370577154898287908225E+00  0.000000000000000000000000E+00  0.000000000000000000000000E+00  0.790570854658187438523953E+00
  0.790570854658187438523953E+00  0.000000000000000000000000E+00  0.000000000000000000000000E+00  0.612370577154898287908225E+00
      3
  0.318608587046249292404961E-11  0.708299822045332483355651E+00 -0.705911724007010854542443E+00 -0.397410452425627293115599E-11
 -0.319686439298651601389418E-11  0.705911724007010743520141E+00  0.708299822045332261311046E+00  0.398754891240808408427549E-11
  0.595937934603703367564265E+00  0.448193002616718064926845E-26  0.721071742878821651712690E-11 -0.803030496370014668094939E+00
  0.803030496370014557072636E+00  0.114589956223009580410189E-26  0.269623438174068775793621E-12  0.595937934603703478586567E+00
      4
 -0.422668396495767414803574E-11  0.708097430484898704428076E+00 -0.706114742050245047799706E+00  0.520834899938752601472664E-11
 -0.423855200412355421350822E-11 -0.706114742050245047799706E+00 -0.708097430484898704428076E+00  0.522297344030309403686351E-11
  0.566548328316265670245855E+00  0.000000000000000000000000E+00 -0.946935168209430361097436E-11 -0.824028513876822410466616E+00
 -0.824028513876822410466616E+00  0.000000000000000000000000E+00  0.753598042487127265031923E-12 -0.566548328316265670245855E+00
      5
 -0.454617036339980206995462E-17  0.708097430484898704428076E+00 -0.706114742050244936777403E+00  0.624888344580266178720051E-16
  0.455893548337917842269888E-17  0.706114742050245047799706E+00  0.708097430484898593405774E+00 -0.626642958696028352634931E-16
  0.553456493823458850478403E+00  0.000000000000000000000000E+00 -0.200162315089754236794327E-15 -0.832878087984456172421233E+00
 -0.832878087984456061398930E+00  0.000000000000000000000000E+00  0.141319314234452347312695E-15 -0.553456493823458961500705E+00
      6
  0.000000000000000000000000E+00  0.707769827694942899043440E+00  0.706443112362680536442383E+00  0.000000000000000000000000E+00
  0.000000000000000000000000E+00 -0.706443112362680536442383E+00  0.707769827694942899043440E+00  0.000000000000000000000000E+00
  0.519763691930117066597461E+00  0.000000000000000000000000E+00  0.000000000000000000000000E+00 -0.854310075178312811061687E+00
  0.854310075178312811061687E+00  0.000000000000000000000000E+00  0.000000000000000000000000E+00  0.519763691930117066597461E+00
      7
  0.823196519600495893598291E-11 -0.707769827694715636390299E+00 -0.706443112362908243184734E+00 -0.985006330708321182723359E-11
  0.824742500337702186989879E-11  0.706443112362908243184734E+00 -0.707769827694715636390299E+00 -0.986856193744719737708741E-11
 -0.510163488483490246139240E+00  0.605932872051650567263353E-26 -0.179369366762737367770660E-10  0.860077447104826475765549E+00
  0.860077447104826475765549E+00 -0.272996152906852629728764E-26  0.290882232308024046858270E-11  0.510163488483490246139240E+00
      8
  0.120144827846037586640810E-10 -0.707567290069186838330495E+00 -0.706645972198347016579589E+00 -0.141823166461570054903227E-10
  0.120301471457320149740096E-10  0.706645972198347016579589E+00 -0.707567290069186838330495E+00 -0.142008074071463583046441E-10
  0.485293668863817140302075E+00  0.927887764511658202723449E-26  0.257991143069950883678590E-10 -0.874351219453999517483567E+00
  0.874351219453999517483567E+00  0.511560303291822825336167E-26  0.512593397861725962970283E-11  0.485293668863817140302075E+00
      9
  0.000000000000000000000000E+00  0.710012178703578578087274E+00 -0.704189396464188210877921E+00  0.000000000000000000000000E+00
  0.000000000000000000000000E+00  0.704189396464188210877921E+00  0.710012178703578578087274E+00  0.000000000000000000000000E+00
 -0.478084034723718853676644E+00  0.000000000000000000000000E+00  0.000000000000000000000000E+00  0.878314098567414380802632E+00
  0.878314098567414380802632E+00  0.000000000000000000000000E+00  0.000000000000000000000000E+00  0.478084034723718853676644E+00
     10
 -0.240508653672048306936983E-10 -0.711394449238829218451485E+00 -0.702792954996122820610083E+00  0.281462769114559382610145E-10
 -0.243452242939945697955561E-10  0.702792954996122931632385E+00 -0.711394449238829440496090E+00  0.284907596457895867282791E-10
 -0.446985039979087617201259E+00  0.321917663119462183914762E-25  0.511223929838126169831223E-10  0.894541432262862534763315E+00
 -0.894541432262862423741012E+00  0.249465915069209325012974E-25  0.127116676015753851915247E-10 -0.446985039979087672712410E+00
     11
 -0.268461293368194162026623E-10  0.710012178703548046954097E+00 -0.704189396464218742011099E+00  0.313969164843596139172203E-10
 -0.270681138851270794210588E-10 -0.704189396464218853033401E+00 -0.710012178703547935931795E+00  0.316565304583739395761128E-10
 -0.441278867295461230124687E+00 -0.122527871339127947108360E-25  0.568332191124928049170842E-10  0.897370024726943271708990E+00
 -0.897370024726943160686687E+00 -0.998246169894805910839878E-26  0.145362261481027739711540E-10 -0.441278867295461285635838E+00
     12
  0.597040020495672807643284E-10  0.709281423997113136259429E+00  0.704925429795682179090477E+00 -0.697173998946703146846087E-10
  0.600729350965783773862905E-10 -0.704925429795682290112779E+00  0.709281423997113025237127E+00 -0.701482094198253916497557E-10
 -0.435608920651265330015178E+00  0.000000000000000000000000E+00  0.125918010219981618696696E-09  0.900136027636400881668521E+00
 -0.900136027636400770646219E+00  0.000000000000000000000000E+00  0.331557663065563826528304E-10 -0.435608920651265385526330E+00
     13
 -0.330795300002023075650827E-10  0.708954375852422713499834E+00 -0.705254346289125422231336E+00  0.384974339524155125220478E-10
 -0.332530776565687310781992E-10 -0.705254346289125533253639E+00 -0.708954375852422602477532E+00  0.386994059707157245324742E-10
 -0.429943306168162175939784E+00 -0.158047555531990558801396E-25  0.694501564944810119739716E-10  0.902855887437851278853884E+00
 -0.902855887437851167831582E+00 -0.141675140348128754578444E-25  0.188789701719409968147247E-10 -0.429943306168162231450935E+00
     14
  0.000000000000000000000000E+00  0.708627175177918844362068E+00 -0.705583111050259725871570E+00  0.000000000000000000000000E+00
  0.000000000000000000000000E+00 -0.705583111050259725871570E+00 -0.708627175177918844362068E+00  0.000000000000000000000000E+00
  0.424276888118654438297739E+00  0.000000000000000000000000E+00  0.000000000000000000000000E+00 -0.905532507538161612892225E+00
  0.905532507538161612892225E+00  0.000000000000000000000000E+00  0.000000000000000000000000E+00  0.424276888118654438297739E+00
     15
  0.000000000000000000000000E+00  0.708424877806783537259605E+00 -0.705786222948878383398608E+00  0.000000000000000000000000E+00
  0.000000000000000000000000E+00  0.705786222948878383398608E+00  0.708424877806783537259605E+00  0.000000000000000000000000E+00
  0.418643291470704004275660E+00  0.000000000000000000000000E+00  0.000000000000000000000000E+00 -0.908150755385126240426530E+00
  0.908150755385126240426530E+00  0.000000000000000000000000E+00  0.000000000000000000000000E+00  0.418643291470704004275660E+00
     16
  0.000000000000000000000000E+00  0.708299822045474480880500E+00 -0.705911724006868412928384E+00  0.000000000000000000000000E+00
  0.000000000000000000000000E+00  0.705911724006868412928384E+00  0.708299822045474480880500E+00  0.000000000000000000000000E+00
  0.413130295864250818294039E+00  0.000000000000000000000000E+00  0.000000000000000000000000E+00 -0.910671927007260184616655E+00
  0.910671927007260184616655E+00  0.000000000000000000000000E+00  0.000000000000000000000000E+00  0.413130295864250818294039E+00
     17
  0.000000000000000000000000E+00 -0.708829414315015449155055E+00 -0.705379941167759816345040E+00  0.000000000000000000000000E+00
  0.000000000000000000000000E+00  0.705379941167759816345040E+00 -0.708829414315015449155055E+00  0.000000000000000000000000E+00
  0.407898331543333048099242E+00  0.000000000000000000000000E+00  0.000000000000000000000000E+00 -0.913027355079882196875474E+00
  0.913027355079882196875474E+00  0.000000000000000000000000E+00  0.000000000000000000000000E+00  0.407898331543333048099242E+00
     18
  0.000000000000000000000000E+00  0.708424877806783537259605E+00 -0.705786222948878383398608E+00  0.000000000000000000000000E+00
  0.000000000000000000000000E+00 -0.705786222948878383398608E+00 -0.708424877806783537259605E+00  0.000000000000000000000000E+00
  0.403201828567385456292271E+00  0.000000000000000000000000E+00  0.000000000000000000000000E+00 -0.915111078197568650338667E+00
  0.915111078197568650338667E+00  0.000000000000000000000000E+00  0.000000000000000000000000E+00  0.403201828567385456292271E+00
     19
  0.000000000000000000000000E+00  0.707972313402312591890109E+00 -0.706240188219119824353243E+00  0.000000000000000000000000E+00
  0.000000000000000000000000E+00 -0.706240188219119824353243E+00 -0.707972313402312591890109E+00  0.000000000000000000000000E+00
  0.399411566553300567683493E+00  0.000000000000000000000000E+00  0.000000000000000000000000E+00 -0.916771727587319507080110E+00
  0.916771727587319507080110E+00  0.000000000000000000000000E+00  0.000000000000000000000000E+00  0.399411566553300567683493E+00
     20
  0.000000000000000000000000E+00  0.707036744863740684863274E+00 -0.707176810573201475307314E+00  0.000000000000000000000000E+00
  0.000000000000000000000000E+00 -0.707176810573201475307314E+00 -0.707036744863740684863274E+00  0.000000000000000000000000E+00
  0.397033810694074784652940E+00  0.000000000000000000000000E+00  0.000000000000000000000000E+00 -0.917803984065084343946239E+00
  0.917803984065084343946239E+00  0.000000000000000000000000E+00  0.000000000000000000000000E+00  0.397033810694074784652940E+00
     21
  0.241754017271814810485342E-09 -0.708689679812538053660376E+00 -0.705520331193369876210397E+00 -0.270869446270656877074728E-09
  0.242840028159017719603355E-09  0.705520331193369876210397E+00 -0.708689679812538053660376E+00 -0.272086249908421264985729E-09
 -0.396716217830764383833753E+00  0.135913561858199679647741E-24 -0.488362909641399930999405E-09  0.917941306680363666714584E+00
  0.917941306680363666714584E+00 -0.162952931904981667929199E-24  0.162231503895498609703668E-09  0.396716217830764383833753E+00
     22
 -0.130274684469292928923318E-09 -0.710602803669153182397622E+00  0.703593387843816198135016E+00  0.201051846544549139317514E-09
 -0.131572521331800954612439E-09  0.703593387843816087112714E+00  0.710602803669153071375320E+00  0.203054787474965495425592E-09
 -0.399214635257623906561264E+00 -0.207527045740386820011574E-24 -0.335909145944661039910983E-09  0.916857499830874611568277E+00
  0.916857499830874611568277E+00  0.251424725522507229997341E-24  0.556862565574813214321787E-10  0.399214635257623906561264E+00
     23
  0.351680256731965635742102E-10 -0.707106781186546906603496E+00  0.707106781186548127848823E+00 -0.762345269588729294987058E-10
 -0.351680256731964214025424E-10 -0.707106781186548127848823E+00 -0.707106781186546906603496E+00  0.762345269588727614776439E-10
  0.405253420379018902686141E+00  0.400697469142457316108124E-25 -0.118717432899131905664073E-09 -0.914204389221089930295250E+00
 -0.914204389221089930295250E+00 -0.484604968738704992089747E-25  0.177690366299140821648976E-11 -0.405253420379018902686141E+00
     24
 -0.184854533729647532910828E-10  0.707106781186548238871126E+00  0.707106781186546795581194E+00 -0.101424650758516614458567E-09
 -0.184854533729647888339997E-10 -0.707106781186546795581194E+00  0.707106781186548238871126E+00 -0.101424650758516821253721E-09
  0.415113156893133827818332E+00  0.000000000000000000000000E+00 -0.119641800012321596961497E-09 -0.909769787899233461914150E+00
  0.909769787899233461914150E+00  0.000000000000000000000000E+00  0.833257656766136716618695E-10  0.415113156893133827818332E+00
     25
  0.281452634453077637154200E-09  0.707106781186547683759613E+00 -0.707106781186547461715008E+00  0.325132002591347644198766E-09
  0.281452634453077688852988E-09 -0.707106781186547461715008E+00 -0.707106781186547683759613E+00  0.325132002591347747596343E-09
  0.427606135198422443455257E+00  0.000000000000000000000000E+00 -0.245446841949028344474982E-09 -0.903965150401644823574543E+00
  0.903965150401644823574543E+00  0.000000000000000000000000E+00  0.556424888800388239380171E-09  0.427606135198422443455257E+00
     26
 -0.151724555954271716477556E-08  0.709218983273201875050518E+00 -0.704988250799207127883506E+00 -0.802366082838163080619054E-09
  0.152635076101593917686411E-08  0.704988250799207127883506E+00  0.709218983273201875050518E+00  0.807181193216027272534649E-09
 -0.438130353614758383251626E+00 -0.445353689753984620996261E-24 -0.801498327343247120720680E-10  0.898911449054581090933880E+00
  0.898911449054581090933880E+00  0.502962912558461398876446E-24 -0.243324680732643945869479E-08  0.438130353614758383251626E+00
     27
  0.140729296057117871768634E-08  0.707106781186547239670404E+00 -0.707106781186547794781916E+00  0.100169388605372937568684E-08
  0.140729296057117768371057E-08 -0.707106781186547683759613E+00 -0.707106781186547461715008E+00  0.100169388605372875530138E-08
 -0.437115572326362888944118E+00  0.000000000000000000000000E+00  0.404152678580901339992417E-09  0.899405346009126471784612E+00
  0.899405346009126693829216E+00  0.000000000000000000000000E+00  0.240923011202524650899912E-08  0.437115572326362777921815E+00
     28
 -0.237382390159934955815696E-08 -0.707106781186547683759613E+00 -0.707106781186547350692706E+00 -0.141954917251077083137793E-08
 -0.237382390159934997174727E-08  0.707106781186547350692706E+00 -0.707106781186547683759613E+00 -0.141954917251077124496823E-08
 -0.414710613526143911933275E+00  0.000000000000000000000000E+00 -0.434550396240549715722822E-09  0.909953354314807394409570E+00
  0.909953354314807394409570E+00  0.000000000000000000000000E+00 -0.388734951303745592102979E-08  0.414710613526143911933275E+00
     29
 -0.252022201008858842633661E-08  0.707106781186547572737311E+00  0.707106781186547461715008E+00 -0.214834372006179005459162E-08
 -0.252022201008858883992692E-08 -0.707106781186547572737311E+00  0.707106781186547461715008E+00 -0.214834372006179005459162E-08
  0.374325744692793560552957E+00  0.000000000000000000000000E+00 -0.148318380573905416899781E-08 -0.927297275343881066689278E+00
 -0.927297275343880955666975E+00  0.000000000000000000000000E+00 -0.444229270155906009567779E-08 -0.374325744692793616064108E+00
     30
 -0.113174610309523534684112E-08  0.707106781186547572737311E+00  0.707106781186547572737311E+00 -0.106959578447703682116303E-08
  0.113174610309523514004596E-08  0.707106781186547572737311E+00 -0.707106781186547572737311E+00  0.106959578447703682116303E-08
 -0.333605570737754097976335E+00  0.000000000000000000000000E+00  0.892036025971810585963479E-09  0.942712746902648612845610E+00
 -0.942712746902648612845610E+00  0.000000000000000000000000E+00 -0.201346497541712456706128E-08 -0.333605570737754097976335E+00
     31
 -0.353391956523804392677938E-09  0.707106781186547794781916E+00  0.707106781186547239670404E+00 -0.326357151482613010786217E-09
  0.353391956523804289280361E-09  0.707106781186547239670404E+00 -0.707106781186547794781916E+00  0.326357151482613269280158E-09
 -0.304696304941489748419059E+00 -0.156072806169274650858784E-24  0.287313750829989841540168E-09  0.952449558640772631079585E+00
 -0.952449558640772631079585E+00 -0.248702281474871895179828E-24 -0.616636472407477785756898E-09 -0.304696304941489748419059E+00
     32
  0.127392510272321656443649E-08  0.707106781186547683759613E+00  0.707106781186547239670404E+00  0.711291390978250179457397E-09
 -0.127392510272321615084618E-08  0.707106781186547350692706E+00 -0.707106781186547572737311E+00 -0.711291390978250799842856E-09
  0.287691641253174423820127E+00 -0.335904775440251941342281E-24  0.445084885803929365383285E-09 -0.957723091270673343444741E+00
  0.957723091270673232422439E+00 -0.565947492747414174345570E-24 -0.201483038118778069180904E-08  0.287691641253174479331278E+00
     33
  0.445383117294381457154809E-09 -0.707106781186547461715008E+00 -0.707106781186547461715008E+00  0.229533257334781650053172E-09
  0.445383117294381146962079E-09  0.707106781186547461715008E+00 -0.707106781186547461715008E+00  0.229533257334781727601355E-09
 -0.278254997703819839660611E+00 -0.107790950026204981505299E-24  0.136525740608761467334901E-09  0.960507239042396432360249E+00
 -0.960507239042396432360249E+00 -0.187860647671649487672943E-24 -0.695315753408752081853068E-09 -0.278254997703819839660611E+00
     34
 -0.870402453068397601663216E-09  0.707106781186547128648101E+00 -0.707106781186547794781916E+00 -0.229077653644982664810269E-09
  0.870402453068396774482604E-09  0.707106781186547794781916E+00  0.707106781186547128648101E+00  0.229077653644982458015116E-09
 -0.272430820041702159706176E+00  0.000000000000000000000000E+00  0.236337694100253012245163E-10  0.962175372939572559616295E+00
  0.962175372939572559616295E+00  0.000000000000000000000000E+00 -0.127263338070313840779580E-08  0.272430820041702159706176E+00
     35
  0.422762032517915959371538E-09 -0.707106781186547461715008E+00 -0.707106781186547350692706E+00  0.150389845205891527540379E-09
  0.422762032517916011070327E-09  0.707106781186547461715008E+00 -0.707106781186547350692706E+00  0.150389845205891527540379E-09
  0.267467826418376131147880E+00  0.000000000000000000000000E+00 -0.450221402807116356870202E-10 -0.963566791577537329338554E+00
 -0.963566791577537218316252E+00  0.000000000000000000000000E+00 -0.632979008130494530886035E-09 -0.267467826418376186659032E+00
     36
 -0.775880430729765170306030E-09  0.707106781186547239670404E+00 -0.707106781186547683759613E+00 -0.221164319801083743456890E-09
  0.775880430729764963510877E-09  0.707106781186547683759613E+00  0.707106781186547239670404E+00  0.221164319801083536661737E-09
 -0.261510068524801519984635E+00  0.102975973499180047150959E-24 -0.149445629159933298892084E-10  0.965200748062367330781797E+00
  0.965200748062367330781797E+00 -0.191238714178409675612823E-24 -0.114087032653366369434438E-08  0.261510068524801519984635E+00
     37
  0.502093931217174352888073E-09  0.707106781186547683759613E+00  0.707106781186547572737311E+00  0.165246975261024380498093E-09
  0.502093931217174146092920E-09 -0.707106781186547572737311E+00  0.707106781186547683759613E+00  0.165246975261024406347487E-09
  0.253260890253368176061599E+00 -0.765477544764563162218952E-25  0.462431430242242412288172E-10 -0.967398016055476150931725E+00
  0.967398016055476150931725E+00 -0.146473097561535419360986E-24 -0.746104100591404982151854E-09  0.253260890253368176061599E+00
     38
 -0.406761503152471818881017E-09  0.707106781186547794781916E+00 -0.707106781186547239670404E+00 -0.194654929112629212584478E-09
  0.406761503152472077374958E-09  0.707106781186547350692706E+00  0.707106781186547683759613E+00  0.194654929112629341831449E-09
  0.241797126538688539332256E+00  0.000000000000000000000000E+00  0.128021930052928395838386E-09 -0.970326826176434953374894E+00
 -0.970326826176434842352592E+00  0.000000000000000000000000E+00  0.624740789218782566440642E-09 -0.241797126538688567087831E+00
     39
 -0.403257087806776229027585E-09 -0.707106781186547683759613E+00 -0.707106781186547239670404E+00 -0.340937877443105865010125E-09
  0.403257087806776435822738E-09 -0.707106781186547239670404E+00  0.707106781186547683759613E+00  0.340937877443106020106490E-09
  0.226498526388565019074051E+00  0.000000000000000000000000E+00  0.340458143794542857767821E-09 -0.974011507911384355473672E+00
 -0.974011507911384355473672E+00  0.000000000000000000000000E+00  0.664679027228777076891823E-09 -0.226498526388565019074051E+00
     40
  0.123679099056274166371029E-09 -0.707106781186549127049545E+00 -0.707106781186545352291262E+00  0.250746888392763966543272E-09
  0.123679099056276932256202E-09  0.707106781186545574335867E+00 -0.707106781186549238071848E+00  0.250746888392765103916614E-09
  0.207037519021263743956851E+00 -0.224675716305217469154249E-24 -0.310713715334147115749774E-09 -0.978333003489875063785064E+00
 -0.978333003489874952762761E+00  0.514032879078800674383211E-24 -0.244536198940571570222516E-09 -0.207037519021263771712427E+00
     41
  0.314843329995068504231368E-11 -0.707106781186547350692706E+00 -0.707106781186547905804218E+00  0.275782341084995319138264E-09
  0.314843329995021813763199E-11  0.707106781186547905804218E+00 -0.707106781186547350692706E+00  0.275782341084995164041899E-09
  0.183383138738759776664722E+00  0.122180874437164061290871E-24 -0.382584538288211498175119E-09 -0.983041517142750564950404E+00
 -0.983041517142750564950404E+00 -0.310636073493132358365989E-24 -0.758992466097376887071318E-10 -0.183383138738759776664722E+00
     42
 -0.131936091921139526062642E-09  0.707106781186547128648101E+00 -0.707106781186547905804218E+00  0.299116780594627700645010E-09
 -0.131936091921138828129001E-09 -0.707106781186547905804218E+00 -0.707106781186547128648101E+00  0.299116780594627287054704E-09
 -0.155784726075810231460395E+00 -0.130197575628589295063413E-24  0.446917649734891166454457E-09  0.987791030087581289897969E+00
 -0.987791030087581289897969E+00 -0.381312089277882880067953E-24  0.118408512890235222483977E-09 -0.155784726075810231460395E+00
     43
  0.276472324826688130037096E-09 -0.707106781186547905804218E+00  0.707106781186547017625799E+00 -0.321370527408951372113716E-09
  0.276472324826692214241371E-09  0.707106781186547017625799E+00  0.707106781186547683759613E+00 -0.321370527408952044197964E-09
 -0.124713396967066111886702E+00  0.273961132010061727421300E-24  0.499700127105285066524588E-09  0.992192808186460717401189E+00
 -0.992192808186460606378887E+00  0.974071259991898714843271E-24  0.331258028084183179798415E-09 -0.124713396967066125764489E+00
     44
 -0.611101017351466199468409E-09  0.707106781186547461715008E+00  0.707106781186547572737311E+00  0.629642982069889044673343E-09
  0.611101017351466199468409E-09  0.707106781186547572737311E+00 -0.707106781186547461715008E+00 -0.629642982069888941275766E-09
 -0.907585644406828373487173E-01  0.000000000000000000000000E+00 -0.965210695442756605434402E-09  0.995872925116787377497474E+00
 -0.995872925116787488519776E+00  0.000000000000000000000000E+00 -0.779844352590748092185362E-09 -0.907585644406828373487173E-01
     45
  0.785276135846160633374991E-09 -0.707106781186546018425076E+00 -0.707106781186548571938033E+00 -0.706208912000857659113960E-09
 -0.785276135846141504823325E-09 -0.707106781186548905004940E+00  0.707106781186546129447379E+00  0.706208912000854453789086E-09
 -0.545011992970013056658551E-01 -0.576539839454476587180464E-24 -0.105777202631826552331804E-08  0.998513705101331194846637E+00
  0.998513705101331083824334E+00  0.432534469039883103103449E-23  0.105446567548097889712052E-08  0.545011992970013056658551E-01
     46
  0.702088449117573777244414E-09 -0.707106781186547683759613E+00  0.707106781186547461715008E+00 -0.396968110323047305160975E-09
 -0.702088449117573984039567E-09 -0.707106781186547461715008E+00 -0.707106781186547683759613E+00  0.396968110323047460257340E-09
  0.164006350728711398911930E-01  0.000000000000000000000000E+00 -0.577606421280450162991687E-09 -0.999865500539550811076595E+00
  0.999865500539550922098897E+00  0.000000000000000000000000E+00 -0.983562405253824635692407E-09  0.164006350728711433606399E-01
     47
 -0.817129508440199828008915E-09  0.707106781186547461715008E+00 -0.707106781186547683759613E+00  0.428748923409919974625341E-09
 -0.817129508440196105696159E-09 -0.707106781186547572737311E+00 -0.707106781186547683759613E+00  0.428748923409920078022917E-09
 -0.232637545819859466178503E-01 -0.166622516858841328691180E-24 -0.579294931868208829374313E-09 -0.999729362238975793886198E+00
  0.999729362238976015930803E+00  0.260294459726043797438119E-23 -0.116938946627999109466470E-08 -0.232637545819859362095094E-01
     48
  0.906591111572152139881176E-09  0.707106781186547350692706E+00  0.707106781186547461715008E+00 -0.461984305623876408009110E-09
 -0.906591111572159584506689E-09  0.707106781186547572737311E+00 -0.707106781186547683759613E+00  0.461984305623875994418803E-09
  0.643715558967651313437841E-01  0.350131188777321972281715E-24  0.569457768704851890991764E-09  0.997926000659081768873193E+00
  0.997926000659081879895496E+00  0.183364354365490653243816E-23 -0.132151158634958926650015E-08 -0.643715558967651313437841E-01
     49
  0.964098637590052247897832E-09 -0.707106781186547461715008E+00  0.707106781186547683759613E+00 -0.492183629745352230619970E-09
  0.964098637590052868283291E-09  0.707106781186547683759613E+00  0.707106781186547461715008E+00 -0.492183629745351920427240E-09
  0.106859960746085544402995E+00 -0.182939533945870513317120E-24  0.546369919832225025950281E-09  0.994274081322320757436728E+00
  0.994274081322320757436728E+00 -0.528243879126777226602019E-24 -0.143001469580978504000065E-08 -0.106859960746085544402995E+00
     50
 -0.984718688194466599738728E-09  0.707106781186547461715008E+00 -0.707106781186547239670404E+00  0.512841925047360383866046E-09
 -0.984718688194467013329034E-09 -0.707106781186547350692706E+00 -0.707106781186547239670404E+00  0.512841925047360487263623E-09
  0.150569640953616273870708E+00  0.000000000000000000000000E+00  0.507315890237902473871930E-09  0.988599404826393413081576E+00
  0.988599404826393191036971E+00  0.000000000000000000000000E+00 -0.148592915006195396082079E-08 -0.150569640953616273870708E+00
     51
  0.518921165394498988769128E-23  0.100000000000000000000000E+01  0.360544399889250056285453E-14 -0.249688996391025627874989E-23
 -0.136550042211973851680275E-08  0.360544399889250056285453E-14 -0.100000000000000000000000E+01  0.730614409314411741895838E-09
  0.195095227792024566992879E+00 -0.186551787598680971055741E-24  0.450172507785494264941654E-09  0.980784304570978648918356E+00
  0.980784304570978648918356E+00 -0.234078978386643139525862E-24 -0.148180087540234753715072E-08 -0.195095227792024566992879E+00
     52
 -0.620326427660380681803314E-23 -0.999999999999999888977698E+00  0.298327353038617286786991E-14  0.501605146285948526977438E-23
  0.133828342784470546676351E-08 -0.276122892546114155978518E-14 -0.999999999999999888977698E+00 -0.194926079371034009413832E-08
 -0.239718019773827450968895E+00  0.481461851658700886419735E-24  0.157161470713599942528559E-08 -0.970842557264418148932350E+00
 -0.970842557264418148932350E+00  0.421828243801408578745091E-24 -0.176653533513916939917230E-08  0.239718019773827478724471E+00
     53
 -0.305520037185497246416569E-23  0.100000000000000000000000E+01 -0.254602445710462872179372E-14  0.148875733033594036351147E-23
  0.114369526543551058271344E-08  0.254602445710462872179372E-14  0.100000000000000000000000E+01 -0.635333667130458889230289E-09
 -0.283481603030888540395438E+00 -0.164163111450584275048306E-24 -0.285054204122434502553793E-09 -0.958977674788645928494191E+00
  0.958977674788645928494191E+00  0.100927305330829573481709E-24 -0.127688373919967334338152E-08 -0.283481603030888540395438E+00
     54
  0.000000000000000000000000E+00 -0.100000000000000000000000E+01  0.000000000000000000000000E+00  0.000000000000000000000000E+00
 -0.958281766635260826236844E-09  0.000000000000000000000000E+00 -0.100000000000000000000000E+01  0.525381578311393090626548E-09
  0.325409433364724554049729E+00  0.000000000000000000000000E+00  0.184952784113252421934470E-09  0.945573212753644476435966E+00
  0.945573212753644476435966E+00  0.000000000000000000000000E+00 -0.107708979547883259156400E-08 -0.325409433364724554049729E+00
     55
  0.000000000000000000000000E+00 -0.100000000000000000000000E+01  0.000000000000000000000000E+00  0.000000000000000000000000E+00
 -0.734437390773394386935160E-09  0.000000000000000000000000E+00 -0.100000000000000000000000E+01  0.371591394675015901668800E-09
  0.364778447512867698421246E+00  0.000000000000000000000000E+00  0.780797160164301796035419E-10  0.931094347652321463471026E+00
  0.931094347652321463471026E+00  0.000000000000000000000000E+00 -0.819379035312319886646780E-09 -0.364778447512867698421246E+00
     56
  0.000000000000000000000000E+00 -0.100000000000000000000000E+01  0.000000000000000000000000E+00  0.000000000000000000000000E+00
 -0.484612439108944455836891E-09  0.000000000000000000000000E+00 -0.100000000000000000000000E+01  0.170730548962238754282248E-09
 -0.401326997658682016467679E+00  0.000000000000000000000000E+00  0.381099962531635466335115E-10 -0.915934845363068350643232E+00
  0.915934845363068350643232E+00  0.000000000000000000000000E+00 -0.512392198099904305340982E-09 -0.401326997658682016467679E+00
     57
 -0.111631039159313669288998E-21 -0.999999999999999888977698E+00 -0.807296590640707070455962E-13 -0.201392006537802152654806E-22
  0.138488912060451845039409E-08 -0.805076144591456757375115E-13  0.999999999999999777955395E+00  0.252102215208701526230434E-09
  0.435318201772202484356455E+00  0.184619898135159721475668E-24 -0.829829085075168978828028E-09  0.900276659258594680323995E+00
  0.900276659258594569301692E+00  0.212756841996832391955677E-25 -0.113703846805239295230221E-08 -0.435318201772202539867607E+00
     58
  0.122278396940585260015870E-10  0.121718453318882277378267E-13 -0.100000000000000000000000E+01 -0.407179340843138364455906E-09
  0.149158802714345550611676E-24  0.999999999999999888977698E+00  0.119498007269631980074638E-13  0.527712120458952347338308E-23
  0.467452561790462295387982E+00 -0.375802418604253461505493E-24 -0.354237891806394042204984E-09  0.884018157322310926815589E+00
 -0.884018157322310926815589E+00  0.240001168507549676098240E-25 -0.201146854591113894282640E-09  0.467452561790462295387982E+00
     59
 -0.188367342611042072275718E-08 -0.296337522133263704275065E-14 -0.100000000000000000000000E+01  0.747526119677786460602619E-09
  0.532967420328061836289913E-23 -0.100000000000000000000000E+01  0.296337522133263704275065E-14 -0.262543088329361362325278E-23
  0.498666671381758797032546E+00 -0.481427272135794740917892E-24 -0.291374125995048511251070E-09  0.866793834111109218198976E+00
  0.866793834111109218198976E+00 -0.141731712270405314443064E-25 -0.200552287310210481297603E-08 -0.498666671381758797032546E+00
     60
 -0.292406717667041819082668E-09  0.000000000000000000000000E+00  0.100000000000000000000000E+01  0.113870765688147574637856E-08
  0.000000000000000000000000E+00  0.100000000000000000000000E+01  0.000000000000000000000000E+00  0.000000000000000000000000E+00
  0.529850111531393164199244E+00  0.000000000000000000000000E+00 -0.810796270396122487372888E-09  0.848091303640221227944096E+00
 -0.848091303640221116921794E+00  0.000000000000000000000000E+00 -0.851332067536748070668004E-09  0.529850111531393164199244E+00
     61
 -0.185456038393214024141958E-08  0.941212044273653748480800E-15 -0.999999999999999888977698E+00  0.154038601310554176859383E-08
  0.561502492620369553222304E+00 -0.392850612629566565416092E-21  0.233290645515739053861658E-09  0.827475045412918608356279E+00
  0.222330137326704096528893E-21  0.100000000000000000000000E+01  0.941212044260729051409659E-15  0.323625602724923896553312E-21
  0.827475045412918497333976E+00  0.241150695754581207974357E-26 -0.239953311573974163041078E-08 -0.561502492620369442200001E+00
     62
 -0.177063996830345672519538E-14  0.000000000000000000000000E+00  0.999999999999999888977698E+00 -0.268365895948135047769181E-14
  0.562280296161654535858077E+00  0.000000000000000000000000E+00  0.333969023125321953646903E-14  0.826946714455267684051876E+00
  0.000000000000000000000000E+00 -0.100000000000000000000000E+01  0.000000000000000000000000E+00  0.000000000000000000000000E+00
  0.826946714455267573029573E+00  0.000000000000000000000000E+00  0.138875406242944664050616E-15 -0.562280296161654646880379E+00
     63
  0.369817903114468537475405E-08  0.000000000000000000000000E+00  0.100000000000000000000000E+01 -0.309338698889710627312473E-08
 -0.563055785736200631319548E+00  0.000000000000000000000000E+00 -0.474152279767627682374258E-09 -0.826418890242103354459857E+00
  0.000000000000000000000000E+00 -0.100000000000000000000000E+01  0.000000000000000000000000E+00  0.000000000000000000000000E+00
  0.826418890242103465482160E+00  0.000000000000000000000000E+00 -0.479799454420577030711102E-08 -0.563055785736200742341850E+00
     64
 -0.102725496181977657853619E-08  0.191991728048229885123894E-14 -0.100000000000000000000000E+01  0.113198573468540052920414E-08
 -0.563828957845199707499262E+00  0.182363771780519529551710E-22 -0.355701270199305129453491E-09 -0.825891582651861022590367E+00
 -0.118379454960748235313542E-22 -0.999999999999999888977698E+00 -0.169787267555728016492869E-14 -0.128897263589566648673152E-22
  0.825891582651861133612670E+00  0.314798095606547903016841E-26 -0.148664774667240266988122E-08 -0.563828957845199707499262E+00
     65
  0.165985960470167926906861E-08 -0.927461554773924300941242E-15 -0.100000000000000000000000E+01 -0.745616301864445884365370E-09
  0.564599813269356154421530E+00 -0.439545630146849345553568E-23  0.321750974006849682797007E-09  0.825364798653424602825623E+00
  0.402034438579745627709103E-23  0.100000000000000000000000E+01 -0.927461554773924300941242E-15  0.293686170590988277410451E-23
 -0.825364798653424602825623E+00 -0.951568239335870280699397E-27 -0.179096451323080970554149E-08  0.564599813269356265443832E+00
     66
  0.125400817556462659184709E-08  0.190590314308714788313320E-14 -0.100000000000000022204460E+01 -0.508918735294380951370436E-09
  0.565368372138384644998155E+00  0.496610791620362486329407E-23  0.289200903903311270589736E-09  0.824838531947673314626002E+00
  0.483505121556621115879314E-23 -0.999999999999999888977698E+00 -0.168385853816212288593572E-14  0.312700198281878526345953E-23
 -0.824838531947673425648304E+00  0.126401994227322204693920E-26 -0.132208100265816760130052E-08  0.565368372138384867042760E+00
     67
 -0.129329075997265450705283E-08  0.000000000000000000000000E+00  0.100000000000000022204460E+01  0.431303021288683867522773E-09
 -0.566134644179023593935085E+00  0.000000000000000000000000E+00 -0.376648173160007011295435E-09 -0.824312783268760562727095E+00
  0.000000000000000000000000E+00  0.100000000000000000000000E+01  0.000000000000000000000000E+00  0.000000000000000000000000E+00
 -0.824312783268760673749398E+00  0.000000000000000000000000E+00 -0.131025177993654301285156E-08  0.566134644179023704957388E+00
     68
 -0.133809856433906602148991E-08  0.000000000000000000000000E+00  0.100000000000000000000000E+01  0.346007820912793325485662E-09
  0.566898622075185043556189E+00  0.000000000000000000000000E+00  0.473529354993751724431524E-09  0.823787565024658996470919E+00
  0.000000000000000000000000E+00 -0.100000000000000000000000E+01  0.000000000000000000000000E+00  0.000000000000000000000000E+00
 -0.823787565024658996470919E+00  0.000000000000000000000000E+00 -0.129846040644136317515467E-08  0.566898622075185043556189E+00
     69
  0.861903022685417149230480E-09 -0.914032858434532613143689E-15 -0.100000000000000000000000E+01 -0.238316835752852410891091E-09
  0.567660334218357043312153E+00 -0.706603695275938435184839E-24  0.293070819955034446410955E-09  0.823262865040749303169321E+00
 -0.118872452039408315007142E-23 -0.100000000000000000000000E+01  0.914032858434532613143689E-15 -0.364024968383387138491038E-24
 -0.823262865040749303169321E+00 -0.235712010025003010786960E-27 -0.844855857877142783834691E-09  0.567660334218357043312153E+00
     70
  0.891672951069661777135255E-09  0.910725884438829261365056E-15 -0.100000000000000000000000E+01 -0.181737470856134348367744E-09
  0.568419774064123028978202E+00  0.478908808806118243661849E-24  0.357321961544411092746764E-09  0.822738695123118146668162E+00
 -0.108415367239792351679981E-23  0.100000000000000000000000E+01  0.910725884438829261365056E-15 -0.228598580338512282173745E-24
 -0.822738695123118035645859E+00  0.166761931681827211912456E-27 -0.836916829677972573499415E-09  0.568419774064123140000504E+00
     71
 -0.179082222142350027516535E-08  0.187159284265814924528464E-14 -0.999999999999999666933093E+00  0.153566938073082612846394E-08
 -0.569176945994042782217548E+00  0.750878969178088340546476E-23 -0.243355894899492478419838E-09 -0.822215059548835003333522E+00
 -0.697753393223445972420575E-23 -0.999999999999999888977698E+00 -0.164954823773311754276946E-14 -0.330121772611072099974037E-23
  0.822215059548834670266615E+00  0.268033380350828260500616E-26 -0.234650842504161246909028E-08 -0.569176945994042782217548E+00
     72
  0.968106265227198894968367E-09  0.904172051600157293984044E-15 -0.100000000000000000000000E+01 -0.449830346423463254733377E-10
 -0.569931859112848715476218E+00 -0.968902176941698850355628E-25 -0.514792405689481199297694E-09 -0.821691959293853524393114E+00
  0.930526803664407194764290E-24 -0.100000000000000000000000E+01 -0.904172051600157293984044E-15  0.389613793413878430025775E-25
 -0.821691959293853524393114E+00  0.348624968246730224092448E-28 -0.821122398441442206399912E-09  0.569931859112848715476218E+00
     73
 -0.331634101417794275714081E-09 -0.361456220722319403767319E-15  0.100000000000000000000000E+01  0.200366951470310707277078E-09
  0.570684521440198988528891E+00  0.395323510785380042383287E-24  0.247233032948247091225300E-10  0.821169396037486842843123E+00
  0.708377158428084444624699E-24 -0.100000000000000000000000E+01 -0.361456220722319354463513E-15  0.000000000000000000000000E+00
 -0.821169396037486953865425E+00 -0.441931887198322897661136E-24 -0.386674183747066424067626E-09  0.570684521440198988528891E+00
     74
  0.171499477610883102177738E-08  0.147499330508888167667646E-14  0.100000000000000000000000E+01 -0.159662181302673100800199E-08
 -0.571434953079097973649425E+00 -0.290537826919249549355133E-23 -0.330255521152615958474959E-09 -0.820647363000386986797707E+00
 -0.423189651506846662714469E-23  0.100000000000000000000000E+01 -0.147499330508888147946123E-14  0.000000000000000000000000E+00
  0.820647363000387097820010E+00  0.512473554521022085916130E-25 -0.231977145138515466458757E-08 -0.571434953079097973649425E+00
     75
  0.167768552429610201813829E-08  0.000000000000000000000000E+00  0.999999999999999888977698E+00 -0.163393682208015673087617E-08
  0.572183141704791786708029E+00  0.000000000000000000000000E+00  0.380090620367527253291253E-09  0.820125875917126490044495E+00
  0.000000000000000000000000E+00 -0.100000000000000000000000E+01  0.000000000000000000000000E+00  0.000000000000000000000000E+00
  0.820125875917126379022193E+00  0.000000000000000000000000E+00 -0.231082423222726125700780E-08 -0.572183141704791897730331E+00
     76
  0.125959345304147988876050E-08  0.127776297016031008234104E-14 -0.999999999999999888977698E+00  0.423286409397117709773977E-09
 -0.572929101138274776694459E+00  0.666279416455755495193550E-24 -0.106858524655709506507398E-08 -0.819604932311225331531546E+00
 -0.122025465841619746861688E-23  0.100000000000000000000000E+01  0.127776297016030988512581E-14  0.000000000000000000000000E+00
 -0.819604932311225220509243E+00  0.912189015088516370713764E-26 -0.789855722770963194207645E-09  0.572929101138274887716761E+00
     77
  0.139529570303999815026653E-08  0.119753388218102630866723E-14 -0.999999999999999888977698E+00  0.628859332501807298614852E-09
