      1
  0.189724758353076781213980E-11  0.711192949681465624856003E+00 -0.702996862242909470452901E+00 -0.243273645814599668249132E-11
  0.191936718024930120744572E-11 -0.702996862242909470452901E+00 -0.711192949681465624856003E+00 -0.246109920312655452681237E-11
 -0.627162123187432585247336E+00  0.000000000000000000000000E+00 -0.438794684022491458044994E-11  0.778888741245520543898806E+00
  0.778888741245520543898806E+00  0.000000000000000000000000E+00 -0.682440884954561868443828E-13  0.627162123187432585247336E+00
      2
  0.000000000000000000000000E+00  0.708627175177918844362068E+00  0.705583111050259725871570E+00  0.000000000000000000000000E+00
  0.000000000000000000000000E+00  0.705583111050259725871570E+00 -0.708627175177918844362068E+00  0.000000000000000000000000E+00
 -0.593581839699854674208268E+00  0.000000000000000000000000E+00  0.000000000000000000000000E+00  0.804773632507015168613407E+00
  0.804773632507015168613407E+00  0.000000000000000000000000E+00  0.000000000000000000000000E+00  0.593581839699854674208268E+00
      3
  0.301363381069887493529681E-11  0.708424877806643538136200E+00 -0.705786222949018937633525E+00 -0.375584610215731588182967E-11
 -0.302490059267215004209158E-11  0.705786222949018715588920E+00  0.708424877806643316091595E+00  0.376988772161616900870458E-11
  0.578595248730658484603850E+00  0.417260529644558181231104E-26  0.681084129825425109948309E-11 -0.815614822171782050119759E+00
  0.815614822171782050119759E+00  0.111667961781298928022966E-26  0.403592030660568040115707E-12  0.578595248730658484603850E+00
      4
 -0.400957727262368378385520E-11  0.708299822045474480880500E+00 -0.705911724006868301906081E+00  0.492098246174826620362063E-11
 -0.402314166501830362534946E-11 -0.705911724006868412928384E+00 -0.708299822045474369858198E+00  0.493763013618864924231139E-11
  0.551882956160319126936997E+00  0.000000000000000000000000E+00 -0.894816890067297766695964E-11 -0.833921580665560657763535E+00
 -0.833921580665560546741233E+00  0.000000000000000000000000E+00  0.889625939815978683873819E-12 -0.551882956160319237959300E+00
      5
  0.000000000000000000000000E+00  0.708097430484898704428076E+00  0.706114742050245047799706E+00  0.000000000000000000000000E+00
  0.000000000000000000000000E+00  0.706114742050245047799706E+00 -0.708097430484898704428076E+00  0.000000000000000000000000E+00
  0.540016072155286797062956E+00  0.000000000000000000000000E+00  0.000000000000000000000000E+00 -0.841654704622968319327470E+00
  0.841654704622968319327470E+00  0.000000000000000000000000E+00  0.000000000000000000000000E+00  0.540016072155286797062956E+00
      6
  0.000000000000000000000000E+00  0.707769827694942899043440E+00  0.706443112362680536442383E+00  0.000000000000000000000000E+00
  0.000000000000000000000000E+00 -0.706443112362680536442383E+00  0.707769827694942899043440E+00  0.000000000000000000000000E+00
  0.509538026172886127085349E+00  0.000000000000000000000000E+00  0.000000000000000000000000E+00 -0.860448138985633104169892E+00
  0.860448138985633104169892E+00  0.000000000000000000000000E+00  0.000000000000000000000000E+00  0.509538026172886127085349E+00
      7
  0.785285027284956200563809E-11 -0.707769827694750275348667E+00 -0.706443112362873382181760E+00 -0.931875650732034906435635E-11
  0.786759809425740424982328E-11  0.706443112362873493204063E+00 -0.707769827694750164326365E+00 -0.933625733210854675008528E-11
 -0.500859911079091224550552E+00  0.569650982977643274978487E-26 -0.169849550836698455385148E-10  0.865528364338133626709748E+00
  0.865528364338133515687446E+00 -0.263098187955455622572004E-26  0.301455110477691769449369E-11  0.500859911079091335572855E+00
      8
  0.114100611407681027554452E-10  0.711394449238075265995462E+00 -0.702792954996886432006420E+00 -0.133532527804458443974110E-10
  0.115497090619604192743077E-10 -0.702792954996886432006420E+00 -0.711394449238075265995462E+00 -0.135166834552633620406008E-10
 -0.478335553376635413957985E+00  0.874400475490019975821938E-26 -0.244514716193965613447361E-10  0.878177145213804744017239E+00
  0.878177145213804744017239E+00 -0.491106591439373921033827E-26  0.516887771141453827538457E-11  0.478335553376635413957985E+00
      9
  0.000000000000000000000000E+00  0.723634940022078176902198E+00 -0.690182927620818009728509E+00  0.000000000000000000000000E+00
  0.000000000000000000000000E+00  0.690182927620818009728509E+00  0.723634940022078176902198E+00  0.000000000000000000000000E+00
 -0.471775040107405230216386E+00  0.000000000000000000000000E+00  0.000000000000000000000000E+00  0.881718952689379498188771E+00
  0.881718952689379498188771E+00  0.000000000000000000000000E+00  0.000000000000000000000000E+00  0.471775040107405230216386E+00
     10
 -0.228656975409332123153085E-10 -0.711394449238896831033685E+00 -0.702792954996054652916371E+00  0.265891188262566842787427E-10
 -0.231455511797022539325467E-10  0.702792954996054763938673E+00 -0.711394449238896720011383E+00  0.269145434778278887088432E-10
 -0.443028153072831720749036E+00  0.100996900670305375652719E-25  0.483322526206380246665795E-10  0.896507699679637726219994E+00
 -0.896507699679637615197692E+00  0.790657507810384499839387E-26  0.124071898243176095843287E-10 -0.443028153072831776260188E+00
     11
 -0.254648950310482083500670E-10 -0.710338735881185234788404E+00 -0.703859986294660511241261E+00  0.296036478751864062063530E-10
 -0.256992892022835895872823E-10  0.703859986294660622263564E+00 -0.710338735881185123766102E+00  0.298761376105962137280576E-10
 -0.437629931006497052692339E+00  0.115247187314085548587068E-25  0.536506447533106054192217E-10  0.899155183206574615262241E+00
 -0.899155183206574504239939E+00  0.947689246807317804262170E-26  0.141243865269311017818715E-10 -0.437629931006497108203490E+00
     12
 -0.564894658121313715079130E-10 -0.709810278883675205285897E+00 -0.704392907396914846884783E+00  0.655859824398811922600539E-10
 -0.569239171221591006988532E-10  0.704392907396915068929388E+00 -0.709810278883675427330502E+00  0.660903935823981869862308E-10
 -0.432220150635198918642743E+00  0.262415064588869235778690E-25  0.118625887053831485082473E-09  0.901768119521246913627976E+00
 -0.901768119521246913627976E+00  0.226346574382270222000921E-25  0.320741675720928913594300E-10 -0.432220150635198918642743E+00
     13
  0.312136285797577228983298E-10  0.709483474571013128517905E+00  0.704722072387861664388709E+00 -0.361186789433138946030680E-10
  0.314245211359680834425649E-10 -0.704722072387861664388709E+00  0.709483474571013128517905E+00 -0.363627121068992576811351E-10
 -0.426770753030759786295079E+00  0.000000000000000000000000E+00  0.652531662746188318984576E-10  0.904359842295951454893554E+00
 -0.904359842295951454893554E+00  0.000000000000000000000000E+00  0.181829928575123213215938E-10 -0.426770753030759786295079E+00
     14
  0.000000000000000000000000E+00  0.709156520729690931226230E+00 -0.705051082622074609673746E+00  0.000000000000000000000000E+00
  0.000000000000000000000000E+00 -0.705051082622074609673746E+00 -0.709156520729690931226230E+00  0.000000000000000000000000E+00
  0.421281565019907988656200E+00  0.000000000000000000000000E+00  0.000000000000000000000000E+00 -0.906929899702494823898746E+00
  0.906929899702494823898746E+00  0.000000000000000000000000E+00  0.000000000000000000000000E+00  0.421281565019907988656200E+00
     15
  0.000000000000000000000000E+00  0.708954375852447249428678E+00 -0.705254346289100886302492E+00  0.000000000000000000000000E+00
  0.000000000000000000000000E+00  0.705254346289100886302492E+00  0.708954375852447249428678E+00  0.000000000000000000000000E+00
  0.415792821287677749619860E+00  0.000000000000000000000000E+00  0.000000000000000000000000E+00 -0.909459361250206321791723E+00
  0.909459361250206321791723E+00  0.000000000000000000000000E+00  0.000000000000000000000000E+00  0.415792821287677749619860E+00
     16
  0.928845626427541769867511E-16  0.708752172714276151843649E+00 -0.705457551999263077213698E+00  0.000000000000000000000000E+00
 -0.933183511865446394969053E-16  0.705457551999263188236000E+00  0.708752172714276040821346E+00  0.000000000000000000000000E+00
 -0.410401177536982963989232E+00  0.000000000000000000000000E+00  0.370916088669969306272055E-16  0.911905079203015334066151E+00
 -0.911905079203015223043849E+00  0.000000000000000000000000E+00  0.824169821456666491868738E-16 -0.410401177536983019500383E+00
     17
  0.000000000000000000000000E+00  0.709281423997113136259429E+00 -0.704925429795682290112779E+00  0.000000000000000000000000E+00
  0.000000000000000000000000E+00 -0.704925429795682290112779E+00 -0.709281423997113136259429E+00  0.000000000000000000000000E+00
  0.405278984065823633109460E+00  0.000000000000000000000000E+00  0.000000000000000000000000E+00 -0.914193056785367441641199E+00
  0.914193056785367441641199E+00  0.000000000000000000000000E+00  0.000000000000000000000000E+00  0.405278984065823633109460E+00
     18
  0.000000000000000000000000E+00  0.709156520729690931226230E+00 -0.705051082622074609673746E+00  0.000000000000000000000000E+00
  0.000000000000000000000000E+00 -0.705051082622074609673746E+00 -0.709156520729690931226230E+00  0.000000000000000000000000E+00
  0.400696513959081457301181E+00  0.000000000000000000000000E+00  0.000000000000000000000000E+00 -0.916210840200572862457307E+00
  0.916210840200572862457307E+00  0.000000000000000000000000E+00  0.000000000000000000000000E+00  0.400696513959081457301181E+00
     19
  0.000000000000000000000000E+00  0.708627175177918844362068E+00 -0.705583111050259725871570E+00  0.000000000000000000000000E+00
  0.000000000000000000000000E+00 -0.705583111050259725871570E+00 -0.708627175177918844362068E+00  0.000000000000000000000000E+00
  0.397045245675749169933511E+00  0.000000000000000000000000E+00  0.000000000000000000000000E+00 -0.917799037309521281713387E+00
  0.917799037309521281713387E+00  0.000000000000000000000000E+00  0.000000000000000000000000E+00  0.397045245675749169933511E+00
     20
  0.000000000000000000000000E+00  0.707894980733817957840870E+00 -0.706317702066051600340302E+00  0.000000000000000000000000E+00
  0.000000000000000000000000E+00 -0.706317702066051600340302E+00 -0.707894980733817957840870E+00  0.000000000000000000000000E+00
  0.394857802634985433076764E+00  0.000000000000000000000000E+00  0.000000000000000000000000E+00 -0.918742246605799062209030E+00
  0.918742246605799062209030E+00  0.000000000000000000000000E+00  0.000000000000000000000000E+00  0.394857802634985433076764E+00
     21
  0.214451549764664346376809E-09  0.706911442752809815459614E+00 -0.707302065672892665837423E+00 -0.232523790960324294523570E-09
  0.214333114240931138457133E-09 -0.707302065672892665837423E+00 -0.706911442752809815459614E+00 -0.232395374649073580935661E-09
 -0.394813913036005770251791E+00  0.116336320792556148014796E-24 -0.421746642458547551055821E-09  0.918761108272001858487954E+00
  0.918761108272001858487954E+00 -0.140363541667773423638718E-24  0.148771113299821083490659E-09  0.394813913036005770251791E+00
     22
 -0.111905739247047293678242E-09  0.709218983273244507614663E+00  0.704988250799164273274755E+00  0.165390256479758321428822E-09
 -0.112577301141208997484344E-09 -0.704988250799164273274755E+00  0.709218983273244507614663E+00  0.166382786395245835230669E-09
 -0.397704773965886104747369E+00  0.000000000000000000000000E+00 -0.278378015083345914405506E-09  0.917513440100330868176570E+00
 -0.917513440100330868176570E+00  0.000000000000000000000000E+00 -0.523392058977708071633769E-10 -0.397704773965886104747369E+00
     23
 -0.325943359638482421219131E-10  0.707106781186546684558891E+00 -0.707106781186548460915731E+00  0.621870189069752153393032E-10
  0.325943359638482356595646E-10  0.707106781186548460915731E+00  0.707106781186546684558891E+00 -0.621870189069750990170295E-10
  0.404283686900434313660213E+00 -0.327589169327985424652719E-25 -0.990737181653608370564149E-10 -0.914633642780644406933277E+00
 -0.914633642780644406933277E+00  0.398210590424370880053146E-25  0.660533752446012206368912E-11 -0.404283686900434313660213E+00
     24
  0.132367631602324229296200E-10 -0.707106781186547572737311E+00 -0.707106781186547461715008E+00  0.835976492794699177410678E-10
  0.132367631602325182492609E-10  0.707106781186547461715008E+00 -0.707106781186547572737311E+00  0.835976492794698918916737E-10
 -0.414825216556724607475104E+00  0.451455592548394302102285E-25  0.998076288518246524226336E-10  0.909901115346423927654484E+00
 -0.909901115346423927654484E+00  0.539934990648288928942775E-25 -0.660756759405691194676150E-10 -0.414825216556724607475104E+00
     25
 -0.233278695709002168957600E-09 -0.707106781186548016826521E+00  0.707106781186547128648101E+00 -0.278579617839792959535730E-09
 -0.233278695709002479150330E-09  0.707106781186547128648101E+00  0.707106781186548016826521E+00 -0.278579617839793269728460E-09
 -0.428032691824192124130377E+00  0.000000000000000000000000E+00  0.214846070194777517351806E-09  0.903763251482232021771779E+00
  0.903763251482232021771779E+00  0.000000000000000000000000E+00  0.466789323803338063333314E-09  0.428032691824192124130377E+00
     26
  0.128872950247467272388075E-08 -0.712309521080525143155171E+00  0.701865475841370045628764E+00  0.722557142921995158056759E-09
 -0.130790632437027107223964E-08 -0.701865475841370045628764E+00 -0.712309521080525143155171E+00 -0.733309088627125549092580E-09
 -0.438982205506934286542986E+00  0.000000000000000000000000E+00 -0.118947541416845141666741E-09  0.898495755832083853320569E+00
 -0.898495755832083853320569E+00  0.000000000000000000000000E+00  0.210169589099492786085862E-08 -0.438982205506934286542986E+00
     27
  0.117286735479064245685137E-08  0.707106781186547683759613E+00 -0.707106781186547572737311E+00  0.917579536156236520054848E-09
  0.117286735479064307723683E-08 -0.707106781186547461715008E+00 -0.707106781186547794781916E+00  0.917579536156236830247577E-09
 -0.437568676500620590275048E+00  0.000000000000000000000000E+00  0.441041872977949327841014E-09  0.899184993950352451363983E+00
  0.899184993950352673408588E+00  0.000000000000000000000000E+00  0.205927718114748706980842E-08  0.437568676500620479252746E+00
     28
 -0.199783962552237374274317E-08 -0.707106781186547350692706E+00 -0.707106781186548016826521E+00 -0.133042603226829924771366E-08
 -0.199783962552237415633348E-08  0.707106781186547683759613E+00 -0.707106781186547683759613E+00 -0.133042603226829821373790E-08
 -0.413762250296786315839626E+00 -0.714195111720593927129868E-24 -0.543862772167711225124514E-09  0.910384973639909889087107E+00
  0.910384973639910333176317E+00  0.853025601158680930806749E-24 -0.335067310289904483879253E-08  0.413762250296786149306172E+00
     29
 -0.207091400350440595159348E-08  0.707106781186547461715008E+00  0.707106781186547572737311E+00 -0.199639137041302086676049E-08
 -0.207091400350440388364195E-08 -0.707106781186547572737311E+00  0.707106781186547461715008E+00 -0.199639137041302128035079E-08
  0.372082584655939574425076E+00  0.102240803188305603554257E-23 -0.153088416789521882757954E-08 -0.928199628418238331661883E+00
 -0.928199628418238331661883E+00 -0.135254809750220423066533E-23 -0.376894187979193482913606E-08 -0.372082584655939463402774E+00
     30
 -0.922933942731382034012704E-09  0.707106781186547572737311E+00  0.707106781186547461715008E+00 -0.994829123366857298405801E-09
  0.922933942731382447603010E-09  0.707106781186547461715008E+00 -0.707106781186547572737311E+00  0.994829123366857505200954E-09
 -0.331629524098905836826390E+00  0.000000000000000000000000E+00  0.894432444488277654870520E-09  0.943409698246701955426374E+00
 -0.943409698246701955426374E+00  0.000000000000000000000000E+00 -0.169793264783163553061362E-08 -0.331629524098905836826390E+00
     31
 -0.287627174018814277974939E-09  0.707106781186547683759613E+00  0.707106781186547683759613E+00 -0.305673324765589179355291E-09
  0.287627174018813916083421E-09  0.707106781186547683759613E+00 -0.707106781186547683759613E+00  0.305673324765589179355291E-09
 -0.304604875274369080173642E+00 -0.146106561730527766609190E-24  0.287841531836081227612054E-09  0.952478802892267051305453E+00
 -0.952478802892267051305453E+00 -0.232617535207402400486005E-24 -0.519113174832924879217371E-09 -0.304604875274369080173642E+00
     32
  0.107452823440280900154265E-08  0.707106781186548016826521E+00  0.707106781186546684558891E+00  0.684834087499088511062545E-09
 -0.107452823440281499860209E-08  0.707106781186546795581194E+00 -0.707106781186548127848823E+00 -0.684834087499089441640734E-09
  0.290439294759665900258483E+00  0.325747900185928404680689E-24  0.485397737698091353340827E-09 -0.956893419383531895761053E+00
  0.956893419383531895761053E+00  0.542189242586097168715433E-24 -0.173539793899696797439934E-08  0.290439294759665900258483E+00
     33
  0.366702703893646126390924E-09 -0.707106781186547794781916E+00 -0.707106781186547239670404E+00  0.230065358317248304785348E-09
  0.366702703893646384884865E-09  0.707106781186547239670404E+00 -0.707106781186547794781916E+00  0.230065358317248511580502E-09
 -0.284309546208374619435943E+00  0.000000000000000000000000E+00  0.164492929419448990439605E-09  0.958732539311558218386722E+00
 -0.958732539311558218386722E+00  0.000000000000000000000000E+00 -0.589698194377528974310058E-09 -0.284309546208374619435943E+00
     34
 -0.743466711039367270699641E-09  0.707106781186547461715008E+00 -0.707106781186547794781916E+00 -0.243748125341333166932122E-09
  0.743466711039366857109335E-09  0.707106781186547794781916E+00  0.707106781186547461715008E+00  0.243748125341333218630910E-09
 -0.281989179803383893663238E+00 -0.114332451610840798027164E-24 -0.342334006102827074996204E-10  0.959417585034699427204430E+00
  0.959417585034699427204430E+00  0.196042101984199550064375E-24 -0.110595654179758430939265E-08  0.281989179803383893663238E+00
     35
  0.343937814354178674393292E-09 -0.707106781186547461715008E+00 -0.707106781186547461715008E+00  0.165855361003914025179381E-09
  0.343937814354178519296927E-09  0.707106781186547461715008E+00 -0.707106781186547461715008E+00  0.165855361003914076878169E-09
  0.280541312120147490194455E+00  0.777300360283640184431000E-25 -0.886799127704030244356221E-10 -0.959841951674287874318736E+00
 -0.959841951674287874318736E+00 -0.134008724702428843629407E-24 -0.532670925529045350508895E-09 -0.280541312120147490194455E+00
     36
 -0.645500206545042459531220E-09  0.707106781186547239670404E+00 -0.707106781186547683759613E+00 -0.244700998039235515761093E-09
  0.645500206545042356133643E-09  0.707106781186547683759613E+00  0.707106781186547239670404E+00  0.244700998039235360664728E-09
 -0.277943759549084901117055E+00  0.114477254265188145741327E-24 -0.786958284516777785899256E-10  0.960597348803191475319352E+00
  0.960597348803191475319352E+00 -0.199062523300025503772159E-24 -0.973090622432206374955562E-09  0.277943759549084901117055E+00
     37
  0.412780937347811158910713E-09  0.707106781186547128648101E+00  0.707106781186547683759613E+00  0.179307809166011033373357E-09
  0.412780937347810745320407E-09 -0.707106781186547794781916E+00  0.707106781186547017625799E+00  0.179307809166010826578204E-09
  0.272734121382547101131166E+00  0.000000000000000000000000E+00  0.847548752792726872886613E-10 -0.962089444404048199643853E+00
  0.962089444404048088621551E+00  0.000000000000000000000000E+00 -0.630789296997066612383439E-09  0.272734121382547156642318E+00
     38
  0.319324850573811297787036E-09 -0.707106781186547128648101E+00  0.707106781186548127848823E+00  0.207964176483221703233115E-09
 -0.319324850573810935895518E-09 -0.707106781186548127848823E+00 -0.707106781186547128648101E+00 -0.207964176483221418889779E-09
  0.263825115756215089479753E+00  0.000000000000000000000000E+00  0.164544031344632616008196E-09 -0.964570530493348510248097E+00
 -0.964570530493348510248097E+00  0.000000000000000000000000E+00  0.513186301003367728010932E-09 -0.263825115756215089479753E+00
     39
  0.279328131723616404478905E-09  0.707106781186547905804218E+00  0.707106781186547239670404E+00  0.365348390491708052660799E-09
 -0.279328131723616662972847E-09  0.707106781186547239670404E+00 -0.707106781186547905804218E+00 -0.365348390491708362853529E-09
  0.250444527632649405202159E+00  0.000000000000000000000000E+00  0.401281490537309852628922E-09 -0.968130951152197716247372E+00
 -0.968130951152197716247372E+00  0.000000000000000000000000E+00  0.511840362105746564965732E-09 -0.250444527632649405202159E+00
     40
 -0.487035194269368843294888E-10  0.707106781186547683759613E+00  0.707106781186547350692706E+00 -0.277087617249423166624160E-09
  0.487035194269369166412315E-10  0.707106781186547350692706E+00 -0.707106781186547683759613E+00  0.277087617249423321720525E-09
 -0.232142219935026261623534E+00  0.000000000000000000000000E+00  0.365166821875716040225005E-09  0.972681854320125438562172E+00
  0.972681854320125438562172E+00  0.000000000000000000000000E+00  0.157963186755879822011044E-09  0.232142219935026261623534E+00
     41
  0.637650693179311401116150E-10  0.707106781186547461715008E+00  0.707106781186547572737311E+00 -0.303359396811520235468122E-09
  0.637650693179311401116150E-10 -0.707106781186547572737311E+00  0.707106781186547461715008E+00 -0.303359396811520235468122E-09
 -0.208816519501633129918261E+00  0.000000000000000000000000E+00  0.438387803985131606189450E-09  0.977954835962900781431983E+00
  0.977954835962900781431983E+00  0.000000000000000000000000E+00  0.139596383683323409858246E-11  0.208816519501633129918261E+00
     42
 -0.187955396499204528336839E-09  0.707106781186547683759613E+00 -0.707106781186547239670404E+00  0.327570856697350960200075E-09
 -0.187955396499204683433204E-09 -0.707106781186547239670404E+00 -0.707106781186547683759613E+00  0.327570856697351218694016E-09
  0.180720164802992550034944E+00  0.000000000000000000000000E+00 -0.503664505378360585522828E-09 -0.983534555586929704062982E+00
  0.983534555586929704062982E+00  0.000000000000000000000000E+00 -0.177712859644965107442825E-09  0.180720164802992550034944E+00
     43
  0.318903430095090028389646E-09 -0.707106781186548349893428E+00  0.707106781186546684558891E+00 -0.350126407147066364236828E-09
  0.318903430095090752172682E-09  0.707106781186546684558891E+00  0.707106781186548349893428E+00 -0.350126407147067243116229E-09
  0.148413204294466138932762E+00  0.000000000000000000000000E+00 -0.556603880890746586040004E-09 -0.988925437427437770132599E+00
  0.988925437427437770132599E+00  0.000000000000000000000000E+00 -0.372515525920804731971779E-09  0.148413204294466138932762E+00
     44
  0.666509096478002811268907E-09 -0.707106781186549127049545E+00 -0.707106781186546018425076E+00 -0.636022972449808746577035E-09
 -0.666509096478004362232556E-09 -0.707106781186546018425076E+00  0.707106781186549127049545E+00  0.636022972449811124721296E-09
  0.112649147839685673244681E+00  0.267329519254422280434684E-24  0.999928549373765166424375E-09 -0.993634827032040313099515E+00
  0.993634827032040424121817E+00  0.101840769367154720092327E-23  0.835261689825955976971807E-09  0.112649147839685673244681E+00
     45
  0.820776724247073243588309E-09 -0.707106781186548349893428E+00 -0.707106781186547017625799E+00 -0.703628249466795282110086E-09
 -0.820776724247072623202849E-09 -0.707106781186546906603496E+00  0.707106781186548460915731E+00  0.703628249466796522881005E-09
 -0.742134005207161218109491E-01 -0.288433226352030208748982E-24 -0.107848002415047288589615E-08  0.997242383366828133439697E+00
  0.997242383366828355484301E+00  0.159592409415403960993265E-23  0.108370423492587162658814E-08  0.742134005207161218109491E-01
     46
 -0.691844650165682203569336E-09  0.707106781186547683759613E+00 -0.707106781186547350692706E+00  0.420721035691531811888109E-09
  0.691844650165679515232345E-09  0.707106781186547461715008E+00  0.707106781186547461715008E+00 -0.420721035691531708490532E-09
 -0.337617730144168029515761E-01 -0.168046100272309332286138E-24  0.627683262058182107254919E-09  0.999429908839495895200855E+00
 -0.999429908839495784178553E+00 -0.193680253779359902773333E-23  0.957770515027730000686334E-09 -0.337617730144168029515761E-01
     47
  0.787784507913806006698105E-09 -0.707106781186547572737311E+00  0.707106781186547461715008E+00 -0.448291826311616738468026E-09
 -0.787784507913795149952566E-09 -0.707106781186547683759613E+00 -0.707106781186547461715008E+00  0.448291826311616790166814E-09
 -0.828095672641436519878511E-02 -0.174476450296116530958441E-24 -0.624732866937771517296227E-09 -0.999965712290024177910652E+00
  0.999965712290024066888350E+00  0.768894772007902196442412E-23 -0.111930718861372349134985E-08 -0.828095672641436519878511E-02
     48
 -0.859024943203171081506214E-09 -0.707106781186547461715008E+00 -0.707106781186547461715008E+00  0.476020696654985922731697E-09
  0.859024943203171184903790E-09 -0.707106781186547461715008E+00  0.707106781186547461715008E+00 -0.476020696654985922731697E-09
 -0.517226141350222573533912E-01  0.000000000000000000000000E+00 -0.609458907690563000994871E-09 -0.998661489788726930427742E+00
 -0.998661489788726930427742E+00  0.000000000000000000000000E+00  0.124803793350408332616510E-08  0.517226141350222642922851E-01
     49
  0.900336874222011871879284E-09 -0.707106781186547683759613E+00  0.707106781186547572737311E+00 -0.499569416215744302837882E-09
  0.900336874222011148096248E-09  0.707106781186547572737311E+00  0.707106781186547683759613E+00 -0.499569416215744613030612E-09
  0.964992298763902300873241E-01  0.185456271557560735220801E-24  0.580331229739006525601629E-09  0.995333059148174492669625E+00
  0.995333059148174492669625E+00  0.594948326954036759973757E-24 -0.133550273622752452391344E-08 -0.964992298763902300873241E-01
     50
 -0.907908002972820124229379E-09  0.707106781186547461715008E+00 -0.707106781186547683759613E+00  0.512653918351840428559431E-09
 -0.907908002972819710639072E-09 -0.707106781186547683759613E+00 -0.707106781186547461715008E+00  0.512653918351840325161854E-09
  0.142496102856071643616431E+00  0.000000000000000000000000E+00  0.534642223040083749497452E-09  0.989795363027546115652910E+00
  0.989795363027546115652910E+00  0.000000000000000000000000E+00 -0.137418306162977523349204E-08 -0.142496102856071643616431E+00
     51
  0.000000000000000000000000E+00 -0.100000000000000000000000E+01  0.000000000000000000000000E+00  0.000000000000000000000000E+00
  0.124425626214560051552217E-08  0.000000000000000000000000E+00  0.100000000000000000000000E+01 -0.718660503441737985476576E-09
 -0.189360430865149920176549E+00  0.000000000000000000000000E+00 -0.470045342014449766965542E-09 -0.981907646992610461111894E+00
  0.981907646992610461111894E+00  0.000000000000000000000000E+00 -0.135783060119670063742404E-08 -0.189360430865149920176549E+00
     52
  0.000000000000000000000000E+00  0.100000000000000000000000E+01  0.000000000000000000000000E+00  0.000000000000000000000000E+00
 -0.122020341133329818007515E-08  0.000000000000000000000000E+00  0.100000000000000000000000E+01  0.177880270801023355396677E-08
  0.236395864605847355610635E+00  0.000000000000000000000000E+00 -0.143993483869822684998031E-08  0.971656829954513190372722E+00
 -0.971656829954513190372722E+00  0.000000000000000000000000E+00 -0.160612025905236260877623E-08  0.236395864605847383366211E+00
     53
 -0.575930608165247462910758E-23  0.999999999999999888977698E+00 -0.500846673474074530845800E-14  0.262459344324528102981876E-23
  0.101818599113877034713988E-08  0.478642212981571400037328E-14  0.999999999999999777955395E+00 -0.598155362960744668252771E-09
 -0.282615554180244643589504E+00 -0.303995629225123202011101E-24 -0.286015383858917815589745E-09 -0.959233260753292071854048E+00
  0.959233260753291960831746E+00  0.188142849152857699330637E-24 -0.114572566472983118598398E-08 -0.282615554180244699100655E+00
     54
  0.220657038126356131412153E-23  0.100000000000000000000000E+01  0.251250438468068143384816E-14 -0.109127333577185104836058E-23
  0.841324397500468951357648E-09 -0.251250438468068143384816E-14  0.100000000000000000000000E+01 -0.475082733835107972316185E-09
 -0.326964013156431143602987E+00  0.127069668585155104791375E-24 -0.173887860306090520289107E-09 -0.945036789813307409602317E+00
  0.945036789813307409602317E+00 -0.541692507271103447905752E-25 -0.950417465041513599963240E-09 -0.326964013156431143602987E+00
     55
  0.199734414039419458585108E-23  0.100000000000000000000000E+01  0.307181421377882255605779E-14 -0.874351620796708319045743E-24
  0.632031159687987199760836E-09 -0.307181421377882255605779E-14  0.100000000000000000000000E+01 -0.308214528729505824686610E-09
 -0.368617781996867510674321E+00  0.879176438881225701542884E-25 -0.535324613819545967967444E-10 -0.929581051224534049559622E+00
  0.929581051224534049559622E+00 -0.252305418599024935873199E-25 -0.701137545788900599926929E-09 -0.368617781996867510674321E+00
     56
  0.000000000000000000000000E+00 -0.100000000000000000000000E+01  0.000000000000000000000000E+00  0.000000000000000000000000E+00
 -0.400889082980354995444984E-09  0.000000000000000000000000E+00 -0.100000000000000000000000E+01  0.950066836245591750425395E-10
 -0.407224286784480804524122E+00  0.000000000000000000000000E+00  0.764794886282471444573144E-10 -0.913328188688420472551854E+00
  0.913328188688420472551854E+00  0.000000000000000000000000E+00 -0.404832329002179446157574E-09 -0.407224286784480804524122E+00
     57
  0.000000000000000000000000E+00  0.100000000000000000000000E+01  0.000000000000000000000000E+00  0.000000000000000000000000E+00
 -0.132757612830326273303072E-08  0.000000000000000000000000E+00 -0.100000000000000000000000E+01 -0.728430578821881276247244E-10
 -0.442982449054664939591675E+00  0.000000000000000000000000E+00  0.653398981161596647523326E-09 -0.896530283832917218589387E+00
  0.896530283832917218589387E+00  0.000000000000000000000000E+00 -0.115794410647510355594558E-08 -0.442982449054664939591675E+00
     58
 -0.580767714690079936843540E-10  0.000000000000000000000000E+00  0.100000000000000000000000E+01  0.499064000955292034314048E-09
  0.000000000000000000000000E+00 -0.100000000000000000000000E+01  0.000000000000000000000000E+00  0.000000000000000000000000E+00
 -0.476556739794820383160356E+00  0.000000000000000000000000E+00  0.411072103558693645325304E-09 -0.879143716212617887251213E+00
 -0.879143716212617887251213E+00  0.000000000000000000000000E+00 -0.288890141939107423827149E-09  0.476556739794820383160356E+00
     59
 -0.181610984616079566423623E-08  0.292799350211305173162581E-14 -0.100000000000000022204460E+01  0.865682913723783266457570E-09
 -0.501782833481201354235100E-23 -0.100000000000000000000000E+01 -0.292799350211305291491717E-14  0.301006758942926013765319E-23
  0.508872903368829065939849E+00  0.561728438309360152502574E-24 -0.178953227939467945924115E-09  0.860841662686569919493706E+00
  0.860841662686570030516009E+00  0.161250473399327536105358E-25 -0.200390569286654229179336E-08 -0.508872903368829176962151E+00
     60
  0.339750552582634020375876E-09  0.108427658656712776658718E-14 -0.100000000000000022204460E+01 -0.120894795006706968112785E-08
 -0.324675734892013189377869E-25 -0.100000000000000000000000E+01 -0.108427658656712835823286E-14 -0.192279190218869137649797E-23
 -0.540841787271398755088114E+00  0.731529773741695761844481E-24  0.833124254677911943015270E-09 -0.841124343448148681368082E+00
 -0.841124343448148681368082E+00  0.619322540796140023579622E-26 -0.939622030509579915632653E-09  0.540841787271398866110417E+00
     61
  0.177539430641915909206630E-08  0.000000000000000000000000E+00  0.999999999999999888977698E+00 -0.168769373626061847863087E-08
 -0.573041094043763354903831E+00  0.000000000000000000000000E+00 -0.365736199154301655917912E-09 -0.819526634428147660038633E+00
  0.000000000000000000000000E+00 -0.100000000000000000000000E+01  0.000000000000000000000000E+00  0.000000000000000000000000E+00
  0.819526634428147660038633E+00  0.000000000000000000000000E+00 -0.242210060378872122081629E-08 -0.573041094043763465926133E+00
     62
  0.000000000000000000000000E+00  0.000000000000000000000000E+00  0.100000000000000000000000E+01  0.000000000000000000000000E+00
  0.573829929397412397129585E+00  0.000000000000000000000000E+00  0.000000000000000000000000E+00  0.818974488081137153017153E+00
  0.000000000000000000000000E+00 -0.100000000000000000000000E+01  0.000000000000000000000000E+00  0.000000000000000000000000E+00
 -0.818974488081137153017153E+00  0.000000000000000000000000E+00  0.000000000000000000000000E+00  0.573829929397412397129585E+00
     63
 -0.361893685808890464734053E-08  0.192210637962964779992541E-14 -0.100000000000000000000000E+01  0.334519181919609536681891E-08
  0.574616422811885518839858E+00 -0.765507140567847792016365E-22  0.658281008970587869239360E-09  0.818422853196849597878781E+00
  0.495667023012770909901201E-22  0.999999999999999888977698E+00  0.170006177470466697893862E-14  0.562265485452760980769265E-22
  0.818422853196849597878781E+00  0.958773402336777851257846E-26 -0.488402260397600228411692E-08 -0.574616422811885740884463E+00
     64
 -0.843227378047578825463867E-09 -0.928496945531566582960489E-15 -0.100000000000000022204460E+01  0.130308609116095755352434E-08
 -0.575400570796919863525432E+00 -0.992702844613333174032520E-23 -0.580563774136085405781573E-09 -0.817871740021978488321963E+00
  0.649354641961825120814127E-23 -0.100000000000000000000000E+01  0.928496945531579204734972E-15  0.691011336161978731037781E-23
  0.817871740021978488321963E+00 -0.171843510574810983343996E-26 -0.143944832356949857222984E-08 -0.575400570796919974547734E+00
     65
 -0.196010963843291399717914E-08  0.000000000000000000000000E+00  0.100000000000000022204460E+01  0.646644500247195108904179E-09
 -0.576182374577782763225287E+00  0.000000000000000000000000E+00 -0.600864651642463539816978E-09 -0.817321155498808571415736E+00
  0.000000000000000000000000E+00 -0.100000000000000000000000E+01  0.000000000000000000000000E+00  0.000000000000000000000000E+00
 -0.817321155498808793460341E+00  0.000000000000000000000000E+00 -0.197462460121193971373242E-08  0.576182374577782652202984E+00
     66
  0.146543173677851188405761E-08 -0.921701928110176826792065E-15 -0.100000000000000000000000E+01 -0.440542783755622273129333E-09
  0.576961854607696555952145E+00 -0.205978855242351691674683E-23  0.485675601660205530589849E-09  0.816771092979940771527936E+00
  0.253868704435060985252869E-23  0.100000000000000000000000E+01 -0.921701928110175249070254E-15  0.127662586799986466153409E-23
 -0.816771092979940771527936E+00 -0.518671952957841631445156E-27 -0.145109866288576340382824E-08  0.576961854607696555952145E+00
     67
  0.151236316679911004939356E-08 -0.918340014586011956370755E-15 -0.100000000000000000000000E+01 -0.356151033144287209096140E-09
  0.577739021208508951588101E+00 -0.139474121245646397489578E-23  0.583053130510182308865615E-09  0.816221552872156141944515E+00
 -0.219433827955886267260818E-23 -0.100000000000000000000000E+01  0.918340014586011956370755E-15 -0.811577839087729594955327E-24
 -0.816221552872156141944515E+00 -0.394201821078466877127370E-27 -0.144018585242139721238159E-08  0.577739021208508951588101E+00
     68
  0.156583957416543836326853E-08 -0.915001775479689902260015E-15 -0.100000000000000000000000E+01 -0.262906791970036709859373E-09
 -0.578513866966097745070385E+00  0.885387054094616070501110E-24 -0.691414054179356765395951E-09 -0.815672548102442940276546E+00
  0.194473241553084620433609E-23  0.100000000000000000000000E+01 -0.915001775479689902260015E-15  0.481783372814838386064650E-24
 -0.815672548102442940276546E+00 -0.272490932062220408209210E-27 -0.142930758025340458176414E-08  0.578513866966097745070385E+00
     69
  0.988784030260085368826586E-09  0.911686967000613559579513E-15 -0.999999999999999888977698E+00 -0.195672470582959723265598E-09
  0.579286420985480332568329E+00  0.577817356183569810913545E-24  0.413291822252393594446178E-09  0.815124065686833265687028E+00
  0.123602915715558382685398E-23 -0.100000000000000000000000E+01 -0.911686967000612770718608E-15  0.292710309338752966639711E-24
 -0.815124065686833043642423E+00  0.189056689939937770560941E-27 -0.919332064001203776277372E-09  0.579286420985480332568329E+00
     70
  0.102474927986731929979105E-08  0.908395554345766038614583E-15 -0.100000000000000022204460E+01 -0.132977890202882588191653E-09
  0.580056676956182348803281E+00  0.349523728369310581690787E-24  0.486092048452382664703828E-09  0.814576117694688628390054E+00
 -0.113352420270991639472080E-23  0.100000000000000000000000E+01  0.908395554345766433045036E-15 -0.163986273365099554932742E-24
 -0.814576117694688739412356E+00  0.119153795099293176495156E-27 -0.911871003104477064629060E-09  0.580056676956182459825584E+00
     71
 -0.181650308979805832492209E-08  0.905127395213833619699369E-15 -0.100000000000000000000000E+01  0.161627913934214658913768E-08
 -0.580824639477919069108225E+00  0.382658760331943572500904E-23 -0.260627868045496632790309E-09 -0.814028708446664972520068E+00
 -0.386565629514631807653068E-23 -0.100000000000000000000000E+01 -0.905127395213833619699369E-15 -0.165278907495622831916232E-23
  0.814028708446665083542371E+00  0.133506354000280060014584E-26 -0.241746041248176725539144E-08 -0.580824639477919069108225E+00
     72
  0.111698007300036575657629E-08  0.000000000000000000000000E+00 -0.999999999999999888977698E+00  0.199797279104205948996811E-10
 -0.581590318049672316824683E+00  0.000000000000000000000000E+00 -0.665877812570420786591446E-09 -0.813481838734510964705748E+00
  0.000000000000000000000000E+00 -0.100000000000000000000000E+01  0.000000000000000000000000E+00  0.000000000000000000000000E+00
 -0.813481838734510853683446E+00  0.000000000000000000000000E+00 -0.897022806674924785141654E-09  0.581590318049672427846986E+00
     73
 -0.352869045356643861514790E-09  0.000000000000000000000000E+00  0.100000000000000022204460E+01  0.201225301447647588492136E-09
  0.582353721211460562123818E+00  0.000000000000000000000000E+00  0.419116672269739914965991E-10  0.812935509982904314085772E+00
  0.000000000000000000000000E+00 -0.100000000000000000000000E+01  0.000000000000000000000000E+00  0.000000000000000000000000E+00
 -0.812935509982904536130377E+00  0.000000000000000000000000E+00 -0.404044441460007603990810E-09  0.582353721211460451101516E+00
     74
  0.176035160471859237047126E-08  0.000000000000000000000000E+00  0.100000000000000022204460E+01 -0.165324266220156956292287E-08
 -0.583114869477594721658420E+00  0.000000000000000000000000E+00 -0.316590138907219129963294E-09 -0.812389714973132726072436E+00
  0.000000000000000000000000E+00  0.100000000000000000000000E+01  0.000000000000000000000000E+00  0.000000000000000000000000E+00
  0.812389714973132837094738E+00  0.000000000000000000000000E+00 -0.239412191759423645963433E-08 -0.583114869477594832680722E+00
     75
  0.173247622274571056126623E-08 -0.135826568122562209689355E-14  0.100000000000000000000000E+01 -0.167811728282865874452372E-08
  0.583873750553026593657080E+00 -0.283837647601764883827603E-23  0.350822846101129949589397E-09  0.811844469966472082056441E+00
 -0.404516531481592090645710E-23 -0.100000000000000000000000E+01 -0.135826568122562209689355E-14  0.000000000000000000000000E+00
  0.811844469966472082056441E+00 -0.428022862415414681699823E-25 -0.238630987257753019536137E-08 -0.583873750553026593657080E+00
     76
  0.146829165505673521546694E-08  0.000000000000000000000000E+00 -0.100000000000000000000000E+01  0.553528460617106945148739E-09
 -0.584630378914986148508603E+00  0.000000000000000000000000E+00 -0.130748542054855295883782E-08 -0.811299772001520813624609E+00
  0.000000000000000000000000E+00  0.100000000000000000000000E+01  0.000000000000000000000000E+00  0.000000000000000000000000E+00
 -0.811299772001520702602306E+00  0.000000000000000000000000E+00 -0.867615131308461555722047E-09  0.584630378914986148508603E+00
     77
  0.163219380197493331105009E-08  0.118902017472605415652765E-14 -0.100000000000000000000000E+01  0.790912217620520747947454E-09
