      1
  0.218833318276449686326996E-11  0.715386320246421014701355E+00 -0.698729141230194361611439E+00 -0.291858349107709233807274E-11
 -0.224050140564450843563458E-11  0.698729141230194472633741E+00  0.715386320246420903679052E+00  0.298816033397086446644023E-11
 -0.678100791714588035929978E+00  0.172261946875864117685780E-26 -0.519383494755560851108872E-11  0.734968921979731515392587E+00
  0.734968921979731404370284E+00 -0.305748491192100062982112E-27 -0.530424228969842203902923E-12  0.678100791714588146952281E+00
      2
  0.000000000000000000000000E+00  0.708097430484898704428076E+00  0.706114742050245047799706E+00  0.000000000000000000000000E+00
  0.000000000000000000000000E+00  0.706114742050245047799706E+00 -0.708097430484898704428076E+00  0.000000000000000000000000E+00
 -0.633220234583209640177870E+00  0.000000000000000000000000E+00  0.000000000000000000000000E+00  0.773971662604248766825776E+00
  0.773971662604248766825776E+00  0.000000000000000000000000E+00  0.000000000000000000000000E+00  0.633220234583209640177870E+00
      3
  0.348520901451651415029187E-11 -0.708097430484898704428076E+00 -0.706114742050245158822008E+00 -0.459013826795388518754124E-11
 -0.349499507787693733678840E-11 -0.706114742050245047799706E+00  0.708097430484898815450379E+00  0.460302684471820604365012E-11
 -0.612888933912346112187208E+00  0.000000000000000000000000E+00 -0.816133523212838736522302E-11  0.790169067154484427994987E+00
  0.790169067154484650039592E+00  0.000000000000000000000000E+00 -0.843890797850016233399105E-13  0.612888933912346001164906E+00
      4
 -0.461002132644367264590000E-11  0.707972313402312591890109E+00 -0.706240188219119824353243E+00  0.603239178987818033786477E-11
 -0.462132786799680140455663E-11 -0.706240188219119824353243E+00 -0.707972313402312591890109E+00  0.604718683823202858514133E-11
  0.576229501859559567478186E+00  0.000000000000000000000000E+00 -0.107422820456799916112576E-10 -0.817287930405608986639265E+00
 -0.817287930405608986639265E+00  0.000000000000000000000000E+00  0.412993593082205635708195E-12 -0.576229501859559567478186E+00
      5
  0.000000000000000000000000E+00  0.707972313402312591890109E+00  0.706240188219119824353243E+00  0.000000000000000000000000E+00
  0.000000000000000000000000E+00  0.706240188219119824353243E+00 -0.707972313402312591890109E+00  0.000000000000000000000000E+00
  0.559788822223051263371474E+00  0.000000000000000000000000E+00  0.000000000000000000000000E+00 -0.828635308512815638160021E+00
  0.828635308512815638160021E+00  0.000000000000000000000000E+00  0.000000000000000000000000E+00  0.559788822223051263371474E+00
      6
  0.000000000000000000000000E+00 -0.708097430484898371361169E+00  0.706114742050245380866613E+00  0.000000000000000000000000E+00
  0.000000000000000000000000E+00  0.706114742050245380866613E+00  0.708097430484898371361169E+00  0.000000000000000000000000E+00
 -0.517250983373266914888688E+00  0.000000000000000000000000E+00  0.000000000000000000000000E+00  0.855833757338064105013586E+00
  0.855833757338064105013586E+00  0.000000000000000000000000E+00  0.000000000000000000000000E+00  0.517250983373266914888688E+00
      7
  0.893053158875067166335269E-11 -0.708097430484435186315295E+00 -0.706114742050709676135511E+00 -0.114000599304391379841175E-10
  0.895560748737391494400528E-11  0.706114742050709787157814E+00 -0.708097430484435075292993E+00 -0.114320699786959122071128E-10
 -0.505104719096235887931812E+00  0.699475650174834360845760E-26 -0.203222587617365724512320E-10  0.863058064527939206023177E+00
  0.863058064527939095000875E+00 -0.319657811653383143047203E-26  0.276085236752091447007554E-11  0.505104719096235998954114E+00
      8
  0.130401479849395088378208E-10 -0.708891902878392321518675E+00 -0.705317141457268093063249E+00 -0.163589942768195622730060E-10
  0.131062394141737520722434E-10  0.705317141457268204085551E+00 -0.708891902878392210496372E+00 -0.164419066267283501014531E-10
  0.473771021742190656667049E+00 -0.106547417885797096599737E-25  0.291849352871150128013995E-10 -0.880648067594178463046717E+00
  0.880648067594178352024414E+00 -0.606728224671138344413212E-26  0.529336576607080871914274E-11  0.473771021742190712178200E+00
      9
  0.000000000000000000000000E+00 -0.710074546683156726523123E+00  0.704126507207837981638932E+00  0.000000000000000000000000E+00
  0.000000000000000000000000E+00 -0.704126507207837981638932E+00 -0.710074546683156726523123E+00  0.000000000000000000000000E+00
  0.464783964819081962804859E+00  0.000000000000000000000000E+00  0.000000000000000000000000E+00 -0.885424116481505540932062E+00
  0.885424116481505540932062E+00  0.000000000000000000000000E+00  0.000000000000000000000000E+00  0.464783964819081962804859E+00
     10
 -0.262320690137567486285023E-10 -0.721054416526001107357047E+00 -0.692878436963041965945820E+00  0.320829103830111970514691E-10
 -0.272987990503636866555790E-10  0.692878436963041965945820E+00 -0.721054416526001107357047E+00  0.333875655419076911910415E-10
 -0.427328063511490607861987E+00  0.000000000000000000000000E+00  0.580415675234901304493394E-10  0.904096635396636982839880E+00
 -0.904096635396636982839880E+00  0.000000000000000000000000E+00  0.144417791566787259348307E-10 -0.427328063511490607861987E+00
     11
 -0.296817849344064620369892E-10 -0.713687204762717963824059E+00 -0.700464541399475892902160E+00  0.361736617301649183279527E-10
 -0.302420877434875249933168E-10  0.700464541399476003924462E+00 -0.713687204762717852801757E+00  0.368565116439066355904813E-10
 -0.420784261779502011258103E+00  0.000000000000000000000000E+00  0.646785331895476259155834E-10  0.907160738259036092401288E+00
 -0.907160738259035981378986E+00  0.000000000000000000000000E+00  0.167103154975462374310192E-10 -0.420784261779502066769254E+00
     12
 -0.665326361030782574269254E-10 -0.711130655362350205805910E+00 -0.703059877253647713679641E+00  0.807587863229019570944264E-10
 -0.672963977119365791199252E-10  0.703059877253647824701943E+00 -0.711130655362350094783608E+00  0.816858570686915181474038E-10
 -0.414384715983034224162651E+00  0.000000000000000000000000E+00  0.143755735743067772780324E-09  0.910101811425326090443377E+00
 -0.910101811425325979421075E+00  0.000000000000000000000000E+00  0.385264596312312702889717E-10 -0.414384715983034279673802E+00
     13
  0.371145019302222062117252E-10 -0.710074546683156393456215E+00  0.704126507207838314705839E+00 -0.448169113311926293743332E-10
  0.374280230380457550549197E-10  0.704126507207838314705839E+00  0.710074546683156393456215E+00 -0.451954977855172066356974E-10
 -0.408072801947472252326321E+00  0.000000000000000000000000E+00  0.796177365473498740735627E-10  0.912949389786059883888925E+00
 -0.912949389786059883888925E+00  0.000000000000000000000000E+00  0.221480483685039545506753E-10 -0.408072801947472252326321E+00
     14
  0.000000000000000000000000E+00 -0.709421055710424020013249E+00 -0.704784907411266536847450E+00  0.000000000000000000000000E+00
  0.000000000000000000000000E+00  0.704784907411266536847450E+00 -0.709421055710424020013249E+00  0.000000000000000000000000E+00
  0.401811134017875382085094E+00  0.000000000000000000000000E+00  0.000000000000000000000000E+00 -0.915722563104824360813438E+00
  0.915722563104824360813438E+00  0.000000000000000000000000E+00  0.000000000000000000000000E+00  0.401811134017875382085094E+00
     15
  0.291106526477356265748850E-16 -0.709218983273244507614663E+00 -0.704988250799164162252453E+00  0.000000000000000000000000E+00
 -0.292853497201461730943443E-16 -0.704988250799164273274755E+00  0.709218983273244396592361E+00  0.000000000000000000000000E+00
 -0.395590949826586268933681E+00  0.000000000000000000000000E+00  0.715039387860494485595660E-16  0.918426807326146898979857E+00
 -0.918426807326146787957555E+00  0.000000000000000000000000E+00  0.166007675957459693524675E-15 -0.395590949826586324444833E+00
     16
  0.000000000000000000000000E+00 -0.709218983273244507614663E+00 -0.704988250799164273274755E+00  0.000000000000000000000000E+00
  0.000000000000000000000000E+00 -0.704988250799164273274755E+00  0.709218983273244507614663E+00  0.000000000000000000000000E+00
  0.389444274251890709681589E+00  0.000000000000000000000000E+00  0.000000000000000000000000E+00 -0.921050029722825791544949E+00
  0.921050029722825791544949E+00  0.000000000000000000000000E+00  0.000000000000000000000000E+00  0.389444274251890709681589E+00
     17
  0.000000000000000000000000E+00 -0.708034876249769906664255E+00 -0.706177466373696383072911E+00  0.000000000000000000000000E+00
  0.000000000000000000000000E+00  0.706177466373696383072911E+00 -0.708034876249769906664255E+00  0.000000000000000000000000E+00
  0.383458407213320473516660E+00  0.000000000000000000000000E+00  0.000000000000000000000000E+00 -0.923558146484249942176348E+00
  0.923558146484249942176348E+00  0.000000000000000000000000E+00  0.000000000000000000000000E+00  0.383458407213320473516660E+00
     18
  0.000000000000000000000000E+00 -0.708362352672365802597199E+00 -0.705848976280670781235926E+00  0.000000000000000000000000E+00
  0.000000000000000000000000E+00  0.705848976280670781235926E+00 -0.708362352672365802597199E+00  0.000000000000000000000000E+00
  0.377792676817607642192343E+00  0.000000000000000000000000E+00  0.000000000000000000000000E+00 -0.925890216679594701965073E+00
  0.925890216679594701965073E+00  0.000000000000000000000000E+00  0.000000000000000000000000E+00  0.377792676817607642192343E+00
     19
  0.000000000000000000000000E+00 -0.709218983273244507614663E+00 -0.704988250799164273274755E+00  0.000000000000000000000000E+00
  0.000000000000000000000000E+00  0.704988250799164273274755E+00 -0.709218983273244507614663E+00  0.000000000000000000000000E+00
  0.372696017150517810989641E+00  0.000000000000000000000000E+00  0.000000000000000000000000E+00 -0.927953489567306388785539E+00
  0.927953489567306388785539E+00  0.000000000000000000000000E+00  0.000000000000000000000000E+00  0.372696017150517810989641E+00
     20
  0.000000000000000000000000E+00 -0.710276370122977174226264E+00 -0.703922920528183615473949E+00  0.000000000000000000000000E+00
  0.000000000000000000000000E+00  0.703922920528183615473949E+00 -0.710276370122977174226264E+00  0.000000000000000000000000E+00
  0.368522386813568914032402E+00  0.000000000000000000000000E+00  0.000000000000000000000000E+00 -0.929618873741938633870063E+00
  0.929618873741938633870063E+00  0.000000000000000000000000E+00  0.000000000000000000000000E+00  0.368522386813568914032402E+00
     21
 -0.308821656470939926341231E-09 -0.707106781186551902607107E+00  0.707106781186543020822910E+00  0.370461529394012107642951E-09
  0.308821656470945820003095E-09 -0.707106781186542798778305E+00 -0.707106781186551680562502E+00 -0.370461529394017019027838E-09
 -0.365737539227244390360738E+00 -0.362904743430596577186301E-24 -0.647346214052157554844939E-09  0.930718030554904318663034E+00
  0.930718030554904318663034E+00  0.474240108467213959143272E-24  0.214867400238278062717333E-09  0.365737539227244390360738E+00
     22
 -0.180577152650277384344431E-09 -0.707106781186549793183360E+00  0.707106781186545130246657E+00  0.295158371786584050151048E-09
  0.180577152650279917585057E-09 -0.707106781186545019224354E+00 -0.707106781186549682161058E+00 -0.295158371786586118102580E-09
  0.364900613853497979288676E+00  0.147480034787642321755350E-24  0.481820971135048216018900E-09 -0.931046476825588165127101E+00
  0.931046476825588165127101E+00  0.196269392966636037617703E-24  0.854499664391899364743489E-10  0.364900613853497979288676E+00
     23
  0.409128729584104719858858E-10 -0.707106781186547461715008E+00  0.707106781186547572737311E+00 -0.109833211540940276427551E-09
  0.409128729584104525988402E-10  0.707106781186547683759613E+00  0.707106781186547350692706E+00 -0.109833211540940224728762E-09
 -0.366577310033377123943410E+00  0.000000000000000000000000E+00  0.165724964116989026624937E-09  0.930387594375964077642038E+00
  0.930387594375963966619736E+00  0.000000000000000000000000E+00  0.310757549952757869371655E-11  0.366577310033377179454561E+00
     24
  0.256309475059875700125216E-10 -0.707106781186546462514286E+00 -0.707106781186548571938033E+00  0.145664762639384234340010E-09
  0.256309475059873276744515E-10  0.707106781186548571938033E+00 -0.707106781186546462514286E+00  0.145664762639383898297886E-09
 -0.371075142896386767077388E+00 -0.752447880749947347193333E-25  0.177842595228530055876889E-09  0.928602842082892898645241E+00
 -0.928602842082892898645241E+00 -0.100688241054876860138535E-24 -0.110101536828814444019269E-09 -0.371075142896386767077388E+00
     25
  0.357039329185859789520178E-09  0.707106781186545463313564E+00 -0.707106781186549460116453E+00  0.447617311851778281883435E-09
  0.357039329185857773267434E-09 -0.707106781186549460116453E+00 -0.707106781186545463313564E+00  0.447617311851775748642809E-09
  0.377759523032199673320264E+00  0.000000000000000000000000E+00 -0.395379517731732792383036E-09 -0.925903743786839372731379E+00
  0.925903743786839372731379E+00  0.000000000000000000000000E+00  0.706648227810712145881566E-09  0.377759523032199673320264E+00
     26
  0.186481457857632665432352E-08 -0.707106781186552679763224E+00  0.707106781186542465711398E+00  0.104593231931381865191319E-08
  0.186481457857634774742914E-08  0.707106781186542243666793E+00  0.707106781186552679763224E+00  0.104593231931383416154968E-08
  0.383665386536068797607157E+00  0.548627871405758662188210E-24  0.354153773654544180001196E-09 -0.923472182133348806765127E+00
  0.923472182133349028809732E+00  0.713150491258779979982825E-24 -0.300293055762049099694988E-08  0.383665386536068686584855E+00
     27
 -0.179617043025976248987516E-08 -0.707106781186547461715008E+00  0.707106781186547683759613E+00 -0.124079522775527350465613E-08
 -0.179617043025976083551393E-08  0.707106781186547683759613E+00  0.707106781186547461715008E+00 -0.124079522775527350465613E-08
  0.382125107859771995233444E+00 -0.646912701327072821619280E-24 -0.650920237031057285173304E-09 -0.924110600492796807614582E+00
 -0.924110600492796807614582E+00  0.840764917000939483602988E-24 -0.301793084092981279765272E-08 -0.382125107859771995233444E+00
     28
  0.299850966685314293722894E-08  0.707106781186547017625799E+00  0.707106781186547905804218E+00  0.168279793827118150249642E-08
  0.299850966685314086927741E-08 -0.707106781186548016826521E+00  0.707106781186546906603496E+00  0.168279793827117881415942E-08
  0.365494325394663865935740E+00  0.857724967729028305408738E-24  0.665292606768919027581376E-09 -0.930813567855722445720801E+00
  0.930813567855722334698498E+00  0.116004039837639552548486E-23 -0.481696201482989471352676E-08  0.365494325394663921446892E+00
     29
 -0.332431146296258578712101E-08  0.707106781186547350692706E+00  0.707106781186547461715008E+00 -0.251367949071199524869097E-08
 -0.332431146296258123762764E-08 -0.707106781186547683759613E+00  0.707106781186547128648101E+00 -0.251367949071199442151036E-08
  0.334630008501271170029412E+00  0.124312571341227270824340E-23 -0.177674799163951150441742E-08 -0.942349594052249273090638E+00
 -0.942349594052248940023730E+00 -0.183036397805606729697635E-23 -0.561982437556017900057422E-08 -0.334630008501271170029412E+00
     30
 -0.150786001677492462613803E-08  0.707106781186547239670404E+00  0.707106781186547794781916E+00 -0.123839991640711664825689E-08
 -0.150786001677492359216226E-08 -0.707106781186547794781916E+00  0.707106781186547239670404E+00 -0.123839991640711582107628E-08
 -0.301002938076362691610655E+00  0.000000000000000000000000E+00  0.102826992225950470523159E-08  0.953623212421655153114841E+00
 -0.953623212421655153114841E+00  0.000000000000000000000000E+00 -0.256070553945036280809393E-08 -0.301002938076362691610655E+00
     31
  0.463415993132749661784811E-09 -0.707106781186547572737311E+00 -0.707106781186547572737311E+00  0.378508005380078194056307E-09
 -0.463415993132750075375117E-09 -0.707106781186547572737311E+00  0.707106781186547572737311E+00 -0.378508005380078038959942E-09
 -0.273882495707971407306047E+00  0.179399839067754607767025E-24  0.335329165851690203282576E-09  0.961763161357708118437415E+00
 -0.961763161357708118437415E+00  0.321933723055070393370369E-24 -0.776916814199078876380147E-09 -0.273882495707971407306047E+00
     32
  0.152776908598953646595635E-08  0.707106781186547461715008E+00  0.707106781186547683759613E+00  0.849514389551452533622305E-09
 -0.152776908598953729313696E-08  0.707106781186547683759613E+00 -0.707106781186547461715008E+00 -0.849514389551452016634422E-09
  0.254411182211932040964086E+00  0.398991501040084261146225E-24  0.612185488900915609603449E-09 -0.967096143289552734323422E+00
  0.967096143289552734323422E+00  0.771765899973781180082419E-24 -0.239514843861403492109210E-08  0.254411182211932040964086E+00
     33
  0.534746348081605219154858E-09 -0.707106781186547017625799E+00 -0.707106781186547794781916E+00  0.275982196776273139685341E-09
  0.534746348081604185179093E-09  0.707106781186547905804218E+00 -0.707106781186546906603496E+00  0.275982196776272829492611E-09
 -0.240024732415559133302807E+00 -0.128913789876402683600964E-24  0.197370522951961599735434E-09  0.970766773138038163715180E+00
 -0.970766773138038052692877E+00 -0.264826157153193702730478E-24 -0.827818941724200781621254E-09 -0.240024732415559161058383E+00
     34
 -0.979370158698441221418996E-09  0.707106781186547683759613E+00 -0.707106781186547461715008E+00 -0.300200642474868624978393E-09
  0.979370158698441635009303E-09  0.707106781186547461715008E+00  0.707106781186547683759613E+00  0.300200642474868728375970E-09
 -0.228057290024331754674236E+00  0.000000000000000000000000E+00 -0.974918739676655875629828E-10  0.973647714764820815247504E+00
  0.973647714764820815247504E+00  0.000000000000000000000000E+00 -0.144536085511298567978495E-08  0.228057290024331754674236E+00
     35
  0.500461201831083313595853E-09 -0.707106781186547572737311E+00 -0.707106781186547572737311E+00  0.179425156875830713321776E-09
  0.500461201831083106800700E-09  0.707106781186547572737311E+00 -0.707106781186547572737311E+00  0.179425156875830816719352E-09
  0.216618589082330531558895E+00  0.830084090740195632274791E-25 -0.944068764292581473344289E-10 -0.976256312073822241082155E+00
 -0.976256312073822241082155E+00 -0.189332031998030417494027E-24 -0.745920199886776351615768E-09 -0.216618589082330531558895E+00
     36
  0.892604165733120501975281E-09 -0.707106781186547461715008E+00  0.707106781186547683759613E+00  0.281969410598811417949595E-09
 -0.892604165733120088384974E-09 -0.707106781186547683759613E+00 -0.707106781186547461715008E+00 -0.281969410598811314552019E-09
 -0.204487416193324778035389E+00  0.000000000000000000000000E+00 -0.132207519780424975543853E-09  0.978869192802888199445022E+00
  0.978869192802888199445022E+00  0.000000000000000000000000E+00 -0.131720132948720332850746E-08  0.204487416193324778035389E+00
     37
  0.583597121633722679033431E-09  0.707106781186547461715008E+00  0.707106781186547350692706E+00  0.213164796287699950414642E-09
  0.583597121633723299418891E-09 -0.707106781186547350692706E+00  0.707106781186547461715008E+00  0.213164796287699924565248E-09
  0.190890656005614944845661E+00  0.972027660962365146022352E-25  0.138369111199154272615330E-09 -0.981611306704311403770191E+00
  0.981611306704311403770191E+00  0.250241375071144588188910E-24 -0.867700207777457528518021E-09  0.190890656005614944845661E+00
     38
  0.494603958770990647536314E-09 -0.707106781186548238871126E+00  0.707106781186546684558891E+00  0.239710881342709693862730E-09
 -0.494603958770991267921773E-09 -0.707106781186546684558891E+00 -0.707106781186548238871126E+00 -0.239710881342710210850613E-09
 -0.175355307756250800022002E+00 -0.108238989990373389812794E-24 -0.211092846307350116730145E-09  0.984505213821496472093031E+00
  0.984505213821496472093031E+00  0.301229851729281295461357E-24 -0.748083267805082917579298E-09  0.175355307756250800022002E+00
     39
 -0.546651041931669131011641E-09  0.707106781186547461715008E+00 -0.707106781186547461715008E+00 -0.376241887616211707878624E-09
  0.546651041931669234409218E-09  0.707106781186547461715008E+00  0.707106781186547461715008E+00  0.376241887616211656179835E-09
  0.157628367333420726925652E+00  0.000000000000000000000000E+00  0.403574889218694204600636E-09 -0.987498505220033351292841E+00
 -0.987498505220033351292841E+00  0.000000000000000000000000E+00  0.847288991260029467998499E-09 -0.157628367333420726925652E+00
     40
  0.224979595399094237728515E-09  0.707106781186547683759613E+00 -0.707106781186547239670404E+00  0.221984097602473353075683E-09
  0.224979595399094418674274E-09 -0.707106781186547239670404E+00 -0.707106781186547683759613E+00  0.221984097602473534021442E-09
 -0.137631652221817585290964E+00  0.000000000000000000000000E+00  0.267155221189447817461068E-09  0.990483482096845779807381E+00
  0.990483482096845779807381E+00  0.000000000000000000000000E+00  0.358348438896929617766343E-09  0.137631652221817585290964E+00
     41
 -0.993088672003601688000986E-10 -0.707106781186547461715008E+00  0.707106781186547572737311E+00 -0.227926803983168087854702E-09
 -0.993088672003595613393362E-10  0.707106781186547572737311E+00  0.707106781186547461715008E+00 -0.227926803983168113704096E-09
  0.115424325311780637259851E+00 -0.989084473846276982570790E-25 -0.303972117037975330950608E-09 -0.993316276483135252028944E+00
 -0.993316276483135252028944E+00  0.399521766732305140300388E-24 -0.176710809574999556651257E-09 -0.115424325311780637259851E+00
     42
  0.474448715506641832709297E-10 -0.707106781186547572737311E+00  0.707106781186547572737311E+00 -0.230878440778252891699564E-09
  0.474448715506641768085811E-10  0.707106781186547572737311E+00  0.707106781186547572737311E+00 -0.230878440778252865850170E-09
  0.911592339445544269649346E-01  0.000000000000000000000000E+00 -0.331268453535613394652145E-09 -0.995836328955035599008738E+00
  0.995836328955035599008738E+00  0.000000000000000000000000E+00 -0.370531685403676878537946E-10  0.911592339445544269649346E-01
     43
 -0.211170864296547571878290E-09  0.707106781186547461715008E+00 -0.707106781186547461715008E+00  0.232788619531427550639820E-09
 -0.211170864296547571878290E-09 -0.707106781186547683759613E+00 -0.707106781186547461715008E+00  0.232788619531427550639820E-09
  0.650299464314800235165137E-01  0.000000000000000000000000E+00 -0.347936563876823135658653E-09 -0.997883312851316706115767E+00
  0.997883312851316595093465E+00  0.000000000000000000000000E+00 -0.276599768308367738385368E-09  0.650299464314800373943015E-01
     44
 -0.523930883356238352090053E-09  0.707106781186547350692706E+00  0.707106781186547572737311E+00  0.609377611642013922834457E-09
  0.523930883356238352090053E-09  0.707106781186547461715008E+00 -0.707106781186547572737311E+00 -0.609377611642013922834457E-09
 -0.372142863242435339987679E-01  0.000000000000000000000000E+00 -0.888767051536165504467802E-09  0.999307308535956506645448E+00
 -0.999307308535956728690053E+00  0.000000000000000000000000E+00 -0.708365786346109728795526E-09 -0.372142863242435339987679E-01
     45
  0.733261339724940817829381E-09 -0.707106781186547461715008E+00 -0.707106781186547794781916E+00 -0.686579436784660976290070E-09
  0.733261339724920241711644E-09  0.707106781186547683759613E+00 -0.707106781186547572737311E+00 -0.686579436784660562699764E-09
  0.782747490279139812585640E-02  0.277471572747361625739604E-24  0.979057201302319427403525E-09 -0.999969364849066955081014E+00
  0.999969364849067288147921E+00  0.143542652255407764475363E-22  0.102935578713429057972218E-08  0.782747490279139639113293E-02
     46
  0.742188098801657669250913E-09 -0.707106781186547461715008E+00  0.707106781186547572737311E+00 -0.264185130607899905564696E-09
  0.742188098801660047395174E-09  0.707106781186547572737311E+00  0.707106781186547461715008E+00 -0.264185130607899853865908E-09
  0.231025439743918550861146E-01 -0.104669086488369420654275E-24  0.349265751225499059815463E-09  0.999733100613314329407899E+00
  0.999733100613314329407899E+00 -0.173908334423715665631491E-23 -0.105796410557146384754634E-08 -0.231025439743918516166676E-01
     47
 -0.905887091160431957639483E-09  0.707106781186547461715008E+00 -0.707106781186547461715008E+00  0.292444626377233697448648E-09
 -0.905887091160430820266141E-09 -0.707106781186547461715008E+00 -0.707106781186547461715008E+00  0.292444626377233800846224E-09
 -0.556231777679202579744988E-01 -0.113544690754380084706585E-24 -0.341679017233638040634213E-09 -0.998451832636406355625525E+00
  0.998451832636406355625525E+00  0.736015145656593192881600E-24 -0.130213912332884694993495E-08 -0.556231777679202579744988E-01
     48
  0.104766875746223326895092E-08  0.707106781186547461715008E+00  0.707106781186547350692706E+00 -0.330100738139319628715391E-09
 -0.104766875746223802523945E-08  0.707106781186547572737311E+00 -0.707106781186547461715008E+00  0.330100738139319318522662E-09
  0.898020225353079043495441E-01  0.376946059273132220549529E-24  0.331893641754967595226715E-09  0.995959636104078227525349E+00
  0.995959636104078116503047E+00  0.140621752384305213834298E-23 -0.151756348366071848158070E-08 -0.898020225353079182273319E-01
     49
 -0.115821191140717040038413E-08  0.707106781186547461715008E+00 -0.707106781186547461715008E+00  0.373568972069134550431265E-09
 -0.115821191140716791884230E-08 -0.707106781186547239670404E+00 -0.707106781186547461715008E+00  0.373568972069134860623994E-09
 -0.125631358794934144818001E+00 -0.138900429629565077176364E-24 -0.318341518685946521748781E-09 -0.992076993830286690823073E+00
  0.992076993830286690823073E+00  0.339535546021424600373889E-24 -0.169135327318606215785111E-08 -0.125631358794934144818001E+00
     50
  0.122909502060834312601278E-08 -0.707106781186547350692706E+00  0.707106781186547794781916E+00 -0.416818875125787305465333E-09
  0.122909502060834209203702E-08  0.707106781186547794781916E+00  0.707106781186547350692706E+00 -0.416818875125787305465333E-09
 -0.162913043438252330696869E+00 -0.153013470939525929977974E-24 -0.298419894967433317130820E-09 -0.986640431098222303596401E+00
  0.986640431098222303596401E+00  0.259921152891041745415909E-24 -0.181101381577747829788654E-08 -0.162913043438252330696869E+00
     51
  0.846349915044466952150530E-23  0.100000000000000000000000E+01  0.464518817808165947484020E-14 -0.285190457225913378737792E-23
 -0.177288609066297845794272E-08  0.464518817808166026370110E-14 -0.999999999999999888977698E+00  0.639946013812803169748275E-09
  0.201167703861168611911836E+00 -0.164184555505116253889868E-24  0.270216100027217727862879E-09  0.979556815566726024613331E+00
  0.979556815566725913591029E+00 -0.199152318549582972688566E-24 -0.186537890602089349741820E-08 -0.201167703861168639667412E+00
     52
  0.000000000000000000000000E+00  0.100000000000000000000000E+01  0.000000000000000000000000E+00  0.000000000000000000000000E+00
 -0.187742931957080252145977E-08  0.000000000000000000000000E+00  0.100000000000000022204460E+01  0.226824794846425943973196E-08
  0.239626102302663290810614E+00  0.000000000000000000000000E+00 -0.175228201175320075884958E-08  0.970865248680388925883733E+00
 -0.970865248680389036906035E+00  0.000000000000000000000000E+00 -0.236626240595916008828915E-08  0.239626102302663318566189E+00
     53
  0.000000000000000000000000E+00 -0.100000000000000000000000E+01  0.000000000000000000000000E+00  0.000000000000000000000000E+00
 -0.162586679043078021680944E-08  0.000000000000000000000000E+00 -0.999999999999999888977698E+00  0.670390500861775117505756E-09
  0.277340188615056937315728E+00  0.000000000000000000000000E+00  0.193174136348719829931441E-09  0.960771783400701573363278E+00
  0.960771783400701462340976E+00  0.000000000000000000000000E+00 -0.174801295043471148902529E-08 -0.277340188615056992826879E+00
     54
  0.000000000000000000000000E+00 -0.100000000000000000000000E+01  0.000000000000000000000000E+00  0.000000000000000000000000E+00
 -0.144513810623771073452992E-08  0.000000000000000000000000E+00 -0.100000000000000000000000E+01  0.636472106099057244723164E-09
  0.313399335931836942048534E+00  0.000000000000000000000000E+00  0.151502227357672735156470E-09  0.949621427852954225201643E+00
  0.949621427852954225201643E+00  0.000000000000000000000000E+00 -0.157180404728075120680337E-08 -0.313399335931836942048534E+00
     55
  0.000000000000000000000000E+00 -0.100000000000000000000000E+01  0.000000000000000000000000E+00  0.000000000000000000000000E+00
 -0.120155273773009899827692E-08  0.000000000000000000000000E+00 -0.100000000000000000000000E+01  0.562007985928359302772549E-09
  0.347175210332462347295746E+00  0.000000000000000000000000E+00  0.109901924564692657586613E-09  0.937800284351956614514734E+00
  0.937800284351956614514734E+00  0.000000000000000000000000E+00 -0.132193173983036066312202E-08 -0.347175210332462347295746E+00
     56
  0.000000000000000000000000E+00 -0.100000000000000000000000E+01  0.000000000000000000000000E+00  0.000000000000000000000000E+00
 -0.909049668983362619527140E-09  0.000000000000000000000000E+00 -0.100000000000000000000000E+01  0.436632554518592338349578E-09
 -0.378501640697562646842300E+00  0.000000000000000000000000E+00 -0.600705720465696607426737E-10 -0.925600620132275619944551E+00
  0.925600620132275619944551E+00  0.000000000000000000000000E+00 -0.100668307560929568669224E-08 -0.378501640697562646842300E+00
     57
  0.000000000000000000000000E+00  0.100000000000000000000000E+01  0.000000000000000000000000E+00  0.000000000000000000000000E+00
 -0.125007083147604857012787E-08  0.000000000000000000000000E+00 -0.100000000000000000000000E+01 -0.801820787957387938651921E-09
 -0.407733863205036684007609E+00  0.000000000000000000000000E+00  0.124183942368153381287411E-08 -0.913100814146990180653063E+00
  0.913100814146990180653063E+00  0.000000000000000000000000E+00 -0.814511206490212820383141E-09 -0.407733863205036684007609E+00
     58
  0.284054601662636117136814E-09 -0.659845460775269199104977E-14  0.100000000000000000000000E+01  0.506741815667067313703754E-10
 -0.188566040066025874523927E-23 -0.100000000000000000000000E+01 -0.659845460775269199104977E-14 -0.354185781283979051543792E-24
 -0.435681345235746753097317E+00  0.227752389140104150872161E-25  0.169369219584773111579960E-09 -0.900100975120886270808285E+00
  0.900100975120886270808285E+00 -0.157344428803702212717647E-26 -0.233600128281693174296384E-09 -0.435681345235746753097317E+00
     59
  0.182297778406487294078754E-08  0.000000000000000000000000E+00  0.100000000000000000000000E+01 -0.429901167939588193991636E-09
  0.000000000000000000000000E+00  0.100000000000000000000000E+01  0.000000000000000000000000E+00  0.000000000000000000000000E+00
 -0.463430411670568809245907E+00  0.000000000000000000000000E+00  0.463873597482098799158489E-09 -0.886133315894875428497812E+00
  0.886133315894875428497812E+00  0.000000000000000000000000E+00 -0.181463062383200046228609E-08 -0.463430411670568809245907E+00
     60
 -0.698816789254764699131241E-10  0.000000000000000000000000E+00  0.999999999999999777955395E+00  0.909176711547294258027267E-09
  0.000000000000000000000000E+00  0.100000000000000000000000E+01  0.000000000000000000000000E+00  0.000000000000000000000000E+00
  0.492056948032158714134709E+00  0.000000000000000000000000E+00 -0.757110070367035739757473E-09  0.870563013166351651328512E+00
 -0.870563013166351429283907E+00  0.000000000000000000000000E+00 -0.508202736268723673957479E-09  0.492056948032158880668163E+00
     61
 -0.198245403513330284204402E-08  0.945785757029553634675863E-15 -0.100000000000000000000000E+01  0.123668880933663492858949E-08
  0.522216019634708650265509E+00  0.135525271560688054250932E-19  0.193953397517051636536464E-10  0.852813243821225808183328E+00
 -0.135525271560688054250932E-19  0.100000000000000000000000E+01  0.945785757029553043030184E-15 -0.135525271560688054250932E-19
  0.852813243821225808183328E+00  0.209045821869834013125901E-26 -0.233648176396707525500941E-08 -0.522216019634708539243206E+00
     62
  0.000000000000000000000000E+00  0.000000000000000000000000E+00  0.100000000000000000000000E+01  0.000000000000000000000000E+00
  0.522995994542220787870690E+00  0.000000000000000000000000E+00  0.000000000000000000000000E+00  0.852335139304248978753265E+00
  0.000000000000000000000000E+00 -0.100000000000000000000000E+01  0.000000000000000000000000E+00  0.000000000000000000000000E+00
 -0.852335139304248978753265E+00  0.000000000000000000000000E+00  0.000000000000000000000000E+00  0.522995994542220787870690E+00
     63
 -0.378581690858408863041106E-08  0.938921831808631205060864E-15 -0.100000000000000000000000E+01  0.255301180253564421787934E-08
  0.523773703248765376550011E+00 -0.325449319331561729882854E-22  0.191890770904918827856532E-09  0.851857445694450876594317E+00
  0.205974277712309621035864E-22  0.100000000000000000000000E+01  0.938921831808631205060864E-15  0.253286164098793262823161E-22
  0.851857445694450876594317E+00  0.391837401196222627107480E-26 -0.456217676786520352933526E-08 -0.523773703248765376550011E+00
     64
 -0.143002067619619539449737E-08  0.935505765541557807043782E-15 -0.999999999999999888977698E+00  0.773129765760663487930473E-09
 -0.524549141852370781613502E+00  0.638562634358717279779811E-23  0.918886488746333667329166E-10 -0.851380172297864334929329E+00
 -0.468640818235494738913344E-23 -0.100000000000000000000000E+01 -0.935505765541557807043782E-15 -0.471391929659637477688804E-23
  0.851380172297864223907027E+00  0.112666916612248731490128E-26 -0.162303561581533189087485E-08 -0.524549141852370892635804E+00
     65
 -0.926108563060770115124521E-09  0.000000000000000000000000E+00  0.100000000000000022204460E+01  0.934939795343335888492728E-09
 -0.525322310714478324378263E+00  0.000000000000000000000000E+00  0.309037890965318233577282E-09 -0.850903325804759802508670E+00
  0.000000000000000000000000E+00 -0.100000000000000000000000E+01  0.000000000000000000000000E+00  0.000000000000000000000000E+00
 -0.850903325804759802508670E+00  0.000000000000000000000000E+00 -0.127917359003335720142467E-08  0.525322310714478324378263E+00
     66
  0.737555273260912141289504E-09 -0.928706933740585751583715E-15 -0.100000000000000000000000E+01 -0.641260156986170545952776E-09
  0.526093229204904311302471E+00 -0.310161002547613069340012E-23 -0.157321994296102412453031E-09  0.850426901141277391538154E+00
 -0.231599828567823904634445E-23 -0.100000000000000000000000E+01  0.928706933740585751583715E-15 -0.204258934544856904725981E-23
 -0.850426901141277502560456E+00 -0.835397671634415965898510E-27 -0.964599566625327376222693E-09  0.526093229204904311302471E+00
     67
  0.760329444709698387948213E-09  0.283380662311331056873988E-14 -0.999999999999999777955395E+00 -0.580395729514030547614438E-09
 -0.526861908083036900585228E+00 -0.711549636290725306866170E-23  0.927193667443694416527545E-10 -0.849950898470671289963718E+00
 -0.564651431228835050863968E-23  0.999999999999999888977698E+00  0.261176201818827926065516E-14 -0.440424111980496647423864E-23
 -0.849950898470671289963718E+00  0.217866464269730607066592E-26 -0.952030907432713230082697E-09  0.526861908083037011607530E+00
     68
  0.786197212681308658536799E-09  0.921954118724485251122108E-15 -0.100000000000000000000000E+01 -0.514856578589497496710749E-09
 -0.527628338384987016773664E+00 -0.175723265422591787924008E-23  0.225379745286470846859371E-10 -0.849475330149791818534766E+00
 -0.165150104578110114142734E-23  0.100000000000000000000000E+01  0.921954118724485645552560E-15 -0.101836373399535466250841E-23
 -0.849475330149791818534766E+00  0.591492262844064109704448E-27 -0.939508152183751879811226E-09  0.527628338384987016773664E+00
     69
 -0.554534247439824984951992E-09  0.000000000000000000000000E+00  0.999999999999999888977698E+00  0.324225108188929985401211E-09
 -0.528392549215992213262894E+00  0.000000000000000000000000E+00 -0.177444705091593326582409E-10 -0.849000184883975772542897E+00
  0.000000000000000000000000E+00  0.100000000000000000000000E+01  0.000000000000000000000000E+00  0.000000000000000000000000E+00
 -0.849000184883975772542897E+00  0.000000000000000000000000E+00 -0.642117621520775689728563E-09  0.528392549215992324285196E+00
     70
 -0.571008822558927677795474E-09  0.000000000000000000000000E+00  0.100000000000000000000000E+01  0.282358590350118225609596E-09
 -0.529154532427718260478855E+00  0.000000000000000000000000E+00 -0.625634496679784549202345E-10 -0.848525474462141771070378E+00
  0.000000000000000000000000E+00 -0.100000000000000000000000E+01  0.000000000000000000000000E+00  0.000000000000000000000000E+00
 -0.848525474462141882092681E+00  0.000000000000000000000000E+00 -0.633926859937554247282151E-09  0.529154532427718260478855E+00
     71
 -0.173089609422739590120614E-08  0.188082561000524260920859E-14 -0.999999999999999888977698E+00  0.131473516110163221104546E-08
 -0.529914293414673887028243E+00  0.640418008105459316222937E-23 -0.197736153263652940321549E-09 -0.848051202248323532373320E+00
 -0.606939275041559534200640E-23 -0.999999999999999888977698E+00 -0.165878100508021130112386E-14 -0.295960582247716014878840E-23
  0.848051202248323532373320E+00  0.249241568830557186645357E-26 -0.216458546759906955090733E-08 -0.529914293414673887028243E+00
     72
  0.613109696845153484991216E-09  0.908594298039437536774835E-15 -0.100000000000000022204460E+01 -0.184651622561995913594235E-09
 -0.530671839979803050546536E+00 -0.395251163581990603661462E-24 -0.168853749969913577062869E-09 -0.847577370068627100607728E+00
  0.766684720249900550304183E-24 -0.100000000000000000000000E+01 -0.908594298039437733990062E-15  0.167315123918278241354760E-24
 -0.847577370068627322652333E+00  0.155639606678360023427094E-27 -0.617647697115783458722339E-09  0.530671839979802939524234E+00
     73
 -0.284300029770197924223010E-09  0.000000000000000000000000E+00  0.100000000000000000000000E+01  0.189891032213670863444772E-09
  0.531427180553849520805443E+00  0.000000000000000000000000E+00 -0.977268577197456673254199E-11  0.847103979313393540273580E+00
  0.000000000000000000000000E+00 -0.100000000000000000000000E+01  0.000000000000000000000000E+00  0.000000000000000000000000E+00
 -0.847103979313393540273580E+00  0.000000000000000000000000E+00 -0.341744942399022076054511E-09  0.531427180553849520805443E+00
     74
  0.164516030351264131649145E-08 -0.150606212092639000330542E-14  0.100000000000000000000000E+01 -0.139261016201186548190945E-08
 -0.532180334312586489353691E+00  0.250867038438573121907743E-23 -0.303505007974874835913494E-09 -0.846631024573836210578293E+00
  0.385503344653520826626657E-23  0.100000000000000000000000E+01  0.150606212092639000330542E-14  0.000000000000000000000000E+00
  0.846631024573836210578293E+00 -0.499093294411752703986920E-25 -0.213396349493766563211548E-08 -0.532180334312586489353691E+00
     75
  0.160321923965737610063924E-08  0.000000000000000000000000E+00  0.999999999999999888977698E+00 -0.143949294334670971257952E-08
  0.532931289068126923247348E+00  0.000000000000000000000000E+00  0.363633640916959949457252E-09  0.846158520096668698151632E+00
  0.000000000000000000000000E+00 -0.100000000000000000000000E+01  0.000000000000000000000000E+00  0.000000000000000000000000E+00
  0.846158520096668587129329E+00  0.000000000000000000000000E+00 -0.212372826123622945925038E-08 -0.532931289068127034269651E+00
     76
  0.772356651620044371503283E-09  0.000000000000000000000000E+00 -0.999999999999999888977698E+00  0.126841942106436814015130E-09
 -0.533680057967730991919098E+00  0.000000000000000000000000E+00 -0.519459737639558606500000E-09 -0.845686464197907716844327E+00
  0.000000000000000000000000E+00  0.100000000000000000000000E+01  0.000000000000000000000000E+00  0.000000000000000000000000E+00
 -0.845686464197907605822024E+00  0.000000000000000000000000E+00 -0.585478363012070939096692E-09  0.533680057967731102941400E+00
     77
  0.845682425862600349119149E-09 -0.121795376013630896579344E-14 -0.100000000000000000000000E+01  0.256848552581303903893608E-09
