      1
  0.000000000000000000000000E+00 -0.100000000000000000000000E+01  0.000000000000000000000000E+00  0.000000000000000000000000E+00
 -0.304942172466723502585661E-11  0.000000000000000000000000E+00  0.100000000000000000000000E+01  0.394462551563327833035254E-11
  0.672432474319712647492508E+00  0.000000000000000000000000E+00  0.497017819996990918798043E-11 -0.740158474571675051301156E+00
  0.740158474571675051301156E+00  0.000000000000000000000000E+00 -0.395438963686530797989088E-12  0.672432474319712647492508E+00
      2
 -0.101583190929986280629634E-16 -0.708299822045401428205480E+00 -0.705911724006941576625707E+00  0.719037578693071396220095E-16
  0.101926846674395377243190E-16 -0.705911724006941687648009E+00  0.708299822045401317183178E+00 -0.721470081473318586452424E-16
  0.630913985926477960397563E+00  0.411969498488441098297084E-31 -0.228198035472702808598317E-15 -0.775852783949612212488489E+00
 -0.775852783949612101466187E+00 -0.914603313460101922949329E-32  0.119174188682714042018431E-15 -0.630913985926478071419865E+00
      3
  0.338631298812846707557976E-11 -0.708097430484898704428076E+00 -0.706114742050244936777403E+00 -0.431683314374107902228172E-11
 -0.339582136289796307811954E-11 -0.706114742050245047799706E+00  0.708097430484898593405774E+00  0.432895431136260940389342E-11
 -0.612176090715735199410119E+00  0.000000000000000000000000E+00 -0.777002394496358189979629E-11  0.790721464205949020609410E+00
  0.790721464205948909587107E+00  0.000000000000000000000000E+00  0.496977337227455546321007E-13  0.612176090715735310432422E+00
      4
 -0.448157143252072317260850E-11 -0.707894980733731138400344E+00 -0.706317702066138752847735E+00  0.566789538923176185896154E-11
 -0.449157923353878118130850E-11  0.706317702066138752847735E+00 -0.707894980733731138400344E+00  0.568055237129724293754774E-11
 -0.578494866736850688049287E+00 -0.327460285354203327939264E-26  0.102160672172892308632584E-10  0.815686023638454327233660E+00
 -0.815686023638454327233660E+00 -0.967899740309306680914146E-27  0.533339023601600758007428E-12 -0.578494866736850688049287E+00
      5
  0.000000000000000000000000E+00  0.707972313402312591890109E+00  0.706240188219119824353243E+00  0.000000000000000000000000E+00
  0.000000000000000000000000E+00  0.706240188219119824353243E+00 -0.707972313402312591890109E+00  0.000000000000000000000000E+00
  0.563430442172155321323146E+00  0.000000000000000000000000E+00  0.000000000000000000000000E+00 -0.826163504903048462324477E+00
  0.826163504903048462324477E+00  0.000000000000000000000000E+00  0.000000000000000000000000E+00  0.563430442172155321323146E+00
      6
  0.000000000000000000000000E+00 -0.707769827694942565976532E+00  0.706443112362680869509290E+00  0.000000000000000000000000E+00
  0.000000000000000000000000E+00  0.706443112362680869509290E+00  0.707769827694942565976532E+00  0.000000000000000000000000E+00
 -0.524543410156791845011526E+00  0.000000000000000000000000E+00  0.000000000000000000000000E+00  0.851383703661917401461778E+00
  0.851383703661917401461778E+00  0.000000000000000000000000E+00  0.000000000000000000000000E+00  0.524543410156791845011526E+00
      7
  0.868632724127319347817112E-11  0.708097430484594170252421E+00 -0.706114742050550470153780E+00 -0.107156188801789451922399E-10
  0.871071744236938204543203E-11 -0.706114742050550470153780E+00 -0.708097430484594170252421E+00 -0.107457070972237526559304E-10
  0.513452387598797410639406E+00  0.661087770584047024200337E-26  0.193386159330993740229477E-10 -0.858118083756014615737229E+00
  0.858118083756014615737229E+00  0.295354300501413539050914E-26  0.276433031671877498285102E-11  0.513452387598797410639406E+00
      8
 -0.126780709840133530226593E-10 -0.708159979097349734367128E+00  0.706052012251817684429511E+00  0.154088394519937335683134E-10
 -0.127159222369463716945214E-10  0.706052012251817795451814E+00  0.708159979097349623344826E+00  0.154548436020128503851830E-10
  0.484806149525738749872517E+00  0.100908645729531493362560E-25  0.277932259107108801973791E-10 -0.874621630982236220042125E+00
  0.874621630982235997997520E+00  0.557383026895223542620478E-26  0.512496129641644229618564E-11  0.484806149525738860894819E+00
      9
 -0.105009888083770381871318E-15  0.708362352672571304879057E+00  0.705848976280464390775649E+00 -0.410379375078664890163114E-16
  0.105383805709943522860617E-15  0.705848976280464501797951E+00 -0.708362352672571193856754E+00  0.411840647769837030959064E-16
 -0.476560435048957509174272E+00 -0.155408928255973491000059E-31  0.860324280453460853589329E-16  0.879141713119078627158842E+00
 -0.879141713119078516136540E+00  0.154201309097725120665557E-31  0.367107038106282861801805E-16 -0.476560435048957564685423E+00
     10
  0.257259460665527584890460E-10  0.708627175177918844362068E+00  0.705583111050259725871570E+00 -0.307465350681424347807672E-10
  0.258369343092485342775766E-10 -0.705583111050259725871570E+00  0.708627175177918844362068E+00 -0.308791834025270703373109E-10
 -0.441785591792150267309580E+00  0.000000000000000000000000E+00  0.552007321901895959865070E-10  0.897120666847475822791580E+00
 -0.897120666847475822791580E+00  0.000000000000000000000000E+00  0.134582327030701798405451E-10 -0.441785591792150267309580E+00
     11
 -0.287532801842738693394506E-10  0.708097430484867729205689E+00 -0.706114742050276134044395E+00  0.342940590889988913184952E-10
 -0.288340160656865518578874E-10 -0.706114742050276134044395E+00 -0.708097430484867729205689E+00  0.343903528360087944887789E-10
 -0.435609429374250067823482E+00 -0.133155572716283136454331E-25  0.614553231458620775627238E-10  0.900135781446466221034086E+00
 -0.900135781446466221034086E+00 -0.110325450053616162710493E-25  0.154975390902627167018716E-10 -0.435609429374250067823482E+00
     12
 -0.640905754976072972352175E-10  0.707769827694915254490127E+00 -0.706443112362708292017999E+00  0.762356429558860299986935E-10
 -0.642109389744033576604867E-10 -0.706443112362708292017999E+00 -0.707769827694915254490127E+00  0.763788151301208933122622E-10
 -0.429540786348718894860355E+00 -0.303623170388347061167364E-25  0.136421345402474239664635E-09  0.903047458809848158090006E+00
 -0.903047458809848158090006E+00 -0.264370216772820981721865E-25  0.355733007710333809203931E-10 -0.429540786348718894860355E+00
     13
  0.356158482091776946292787E-10  0.707567290069680443487243E+00  0.706645972197852856311329E+00 -0.421911669594799180534371E-10
  0.356622837918689142971858E-10 -0.706645972197852967333631E+00  0.707567290069680332464941E+00 -0.422461753762577307330205E-10
 -0.423536451684226322722537E+00  0.000000000000000000000000E+00  0.754334889843160959244617E-10  0.905879061516897454708896E+00
 -0.905879061516897343686594E+00  0.000000000000000000000000E+00  0.203698835193978155524955E-10 -0.423536451684226378233689E+00
     14
  0.930746324362508371546141E-16  0.707567290069680443487243E+00 -0.706645972197852856311329E+00  0.000000000000000000000000E+00
  0.931959822007030164782284E-16 -0.706645972197852967333631E+00 -0.707567290069680332464941E+00  0.000000000000000000000000E+00
 -0.417576547054582969398240E+00  0.000000000000000000000000E+00  0.377202583303332237344951E-16  0.908641748628122192243950E+00
 -0.908641748628122081221647E+00  0.000000000000000000000000E+00  0.820788469317419811020710E-16 -0.417576547054583024909391E+00
     15
  0.000000000000000000000000E+00  0.707239440929191776064044E+00 -0.706974096551043484915056E+00  0.000000000000000000000000E+00
  0.000000000000000000000000E+00  0.706974096551043484915056E+00  0.707239440929191776064044E+00  0.000000000000000000000000E+00
  0.411675253153390263705091E+00  0.000000000000000000000000E+00  0.000000000000000000000000E+00 -0.911330612862912614602351E+00
  0.911330612862912614602351E+00  0.000000000000000000000000E+00  0.000000000000000000000000E+00  0.411675253153390263705091E+00
     16
  0.291586789198666754854881E-16 -0.707239440929172791250323E+00 -0.706974096551062358706474E+00  0.000000000000000000000000E+00
 -0.291696228732056644234332E-16 -0.706974096551062469728777E+00  0.707239440929172680228021E+00  0.000000000000000000000000E+00
  0.405894624046338636791376E+00 -0.665655216840625917294084E-32 -0.733858561847254721369098E-16 -0.913919883890421447247832E+00
  0.913919883890421336225529E+00 -0.149880166537161542373284E-31 -0.165236958536032749559055E-15  0.405894624046338692302527E+00
     17
  0.000000000000000000000000E+00  0.707769827694942899043440E+00 -0.706443112362680536442383E+00  0.000000000000000000000000E+00
  0.000000000000000000000000E+00 -0.706443112362680536442383E+00 -0.707769827694942899043440E+00  0.000000000000000000000000E+00
  0.400361084007377632243418E+00  0.000000000000000000000000E+00  0.000000000000000000000000E+00 -0.916357464318612757736560E+00
  0.916357464318612757736560E+00  0.000000000000000000000000E+00  0.000000000000000000000000E+00  0.400361084007377632243418E+00
     18
  0.000000000000000000000000E+00  0.707442078874646496089440E+00 -0.706771324430694791729479E+00  0.000000000000000000000000E+00
  0.000000000000000000000000E+00 -0.706771324430694791729479E+00 -0.707442078874646496089440E+00  0.000000000000000000000000E+00
  0.395284429647473956048742E+00  0.000000000000000000000000E+00  0.000000000000000000000000E+00 -0.918558773121388894011830E+00
  0.918558773121388894011830E+00  0.000000000000000000000000E+00  0.000000000000000000000000E+00  0.395284429647473956048742E+00
     19
  0.000000000000000000000000E+00 -0.707504685654902987224091E+00  0.706708652682530136246442E+00  0.000000000000000000000000E+00
  0.000000000000000000000000E+00  0.706708652682530136246442E+00  0.707504685654902987224091E+00  0.000000000000000000000000E+00
  0.390977611237271871491572E+00  0.000000000000000000000000E+00  0.000000000000000000000000E+00 -0.920400188782681927257556E+00
  0.920400188782681927257556E+00  0.000000000000000000000000E+00  0.000000000000000000000000E+00  0.390977611237271871491572E+00
     20
  0.287965035798055971399243E-16 -0.708487400435805492193708E+00 -0.705723461012679020853966E+00  0.000000000000000000000000E+00
  0.289092840042769781468219E-16  0.705723461012679131876268E+00 -0.708487400435805381171406E+00  0.000000000000000000000000E+00
  0.387873541452463388434779E+00  0.000000000000000000000000E+00 -0.702983454386587090278082E-16 -0.921712599372018992482936E+00
  0.921712599372018881460633E+00  0.000000000000000000000000E+00 -0.167051535567963672733022E-15  0.387873541452463443945931E+00
     21
 -0.276445448858062336095322E-09  0.710074546683156393456215E+00  0.704126507207838314705839E+00  0.323393102185333694985100E-09
 -0.278780694621071856883748E-09 -0.704126507207838314705839E+00  0.710074546683156393456215E+00  0.326124933636292224964069E-09
 -0.386530393097430535753745E+00  0.000000000000000000000000E+00 -0.575340478041697533474694E-09  0.922276669558514727853549E+00
 -0.922276669558514727853549E+00  0.000000000000000000000000E+00 -0.184566159126811571502386E-09 -0.386530393097430535753745E+00
     22
 -0.154689284641558140462604E-09 -0.707106781186549016027243E+00  0.707106781186546240469681E+00  0.251234663299029079003344E-09
 -0.154689284641559045191399E-09  0.707106781186546240469681E+00  0.707106781186549016027243E+00  0.251234663299030216376687E-09
  0.387603599040774238204676E+00  0.127318191127587834854255E-24  0.412317889027849252304058E-09 -0.921826149558927721017199E+00
  0.921826149558927721017199E+00  0.158773105620185510533738E-24  0.639466298105102433041218E-10  0.387603599040774238204676E+00
     23
 -0.369577064351647419151709E-10  0.707106781186546795581194E+00 -0.707106781186548349893428E+00  0.950755621293370235223009E-10
  0.369577064351647613022165E-10  0.707106781186548349893428E+00  0.707106781186546795581194E+00 -0.950755621293368425765419E-10
  0.391728131328921147513711E+00 -0.492091434095821146169990E-25 -0.144185524434082901005940E-09 -0.920081013349124288147607E+00
 -0.920081013349124288147607E+00  0.614981081481316967359547E-25 -0.458171328129915459037340E-11 -0.391728131328921147513711E+00
     24
 -0.261325865300642168438863E-10  0.707106781186548016826521E+00  0.707106781186547017625799E+00 -0.125832230437760835269746E-09
 -0.261325865300642523868033E-10 -0.707106781186547017625799E+00  0.707106781186548016826521E+00 -0.125832230437761042064899E-09
  0.399171269702104924981256E+00  0.000000000000000000000000E+00 -0.148409255470114889689229E-09 -0.916876380677574931432616E+00
  0.916876380677574931432616E+00  0.000000000000000000000000E+00  0.104919138808513153943353E-09  0.399171269702104924981256E+00
     25
 -0.340577615880152588194648E-09 -0.707106781186548349893428E+00  0.707106781186546795581194E+00 -0.391080703600066136401030E-09
 -0.340577615880152898387378E-09  0.707106781186546795581194E+00  0.707106781186548349893428E+00 -0.391080703600067118678007E-09
 -0.408962645588065720758664E+00  0.209516843021433712474962E-24  0.307729495381091678232386E-09  0.912551124328719542866395E+00
 -0.912551124328719542866395E+00  0.253833026166238308779145E-24 -0.665715416680703514577151E-09 -0.408962645588065720758664E+00
     26
 -0.175882962607369956293203E-08 -0.713950048799636971530447E+00 -0.700196635109735510127393E+00 -0.914058607951448704365644E-09
 -0.179337693784941879279404E-08  0.700196635109735510127393E+00 -0.713950048799636971530447E+00 -0.932012744749038051506170E-09
 -0.417203578322870194394767E+00  0.497763120811102587671231E-24 -0.138415907267272597145276E-09  0.908813057913778421514905E+00
  0.908813057913778421514905E+00 -0.590106681821952674043122E-24 -0.282748562936764099429677E-08  0.417203578322870194394767E+00
     27
  0.168390709179178269654454E-08  0.707106781186547683759613E+00 -0.707106781186547350692706E+00  0.112521753712179979820078E-08
  0.168390709179178311013485E-08 -0.707106781186547461715008E+00 -0.707106781186547572737311E+00  0.112521753712180041858624E-08
 -0.415586352797794988944702E+00  0.000000000000000000000000E+00  0.457691832575473141313048E-09  0.909553727587450899783050E+00
  0.909553727587450788760748E+00  0.000000000000000000000000E+00  0.282733680088876513229083E-08  0.415586352797795044455853E+00
     28
  0.281169000015024478162630E-08  0.707106781186547350692706E+00  0.707106781186547572737311E+00  0.155020283910093461936081E-08
  0.281169000015024478162630E-08 -0.707106781186547572737311E+00  0.707106781186547350692706E+00  0.155020283910093358538505E-08
  0.395142808977343773513269E+00  0.807377548916398277059431E-24  0.442688143908179242433325E-09 -0.918619703965408263002246E+00
  0.918619703965408263002246E+00  0.100347803941318924755442E-23 -0.451901385324786271678799E-08  0.395142808977343773513269E+00
     29
 -0.307010962822566249860710E-08  0.707106781186547572737311E+00  0.707106781186547461715008E+00 -0.234644237521361024007285E-08
 -0.307010962822566208501679E-08 -0.707106781186547461715008E+00  0.707106781186547572737311E+00 -0.234644237521361065366316E-08
  0.357945867716265075930693E+00  0.000000000000000000000000E+00 -0.154437692528896174147670E-08 -0.933742339076926608498752E+00
 -0.933742339076926608498752E+00  0.000000000000000000000000E+00 -0.524191135293561577185758E-08 -0.357945867716264964908390E+00
     30
 -0.138744902941112580217476E-08  0.707106781186547461715008E+00  0.707106781186547794781916E+00 -0.116435761543397340557830E-08
  0.138744902941112704294568E-08  0.707106781186547794781916E+00 -0.707106781186547461715008E+00  0.116435761543397257839769E-08
 -0.318873895782119221031792E+00  0.565841470715213906781390E-24  0.935012215145494558971721E-09  0.947797150548963296401439E+00
 -0.947797150548963296401439E+00  0.868473172068616395349636E-24 -0.238479357518605969407193E-08 -0.318873895782119221031792E+00
     31
 -0.429457387162301734707979E-09  0.707106781186547794781916E+00  0.707106781186547239670404E+00 -0.355630051144010284525689E-09
  0.429457387162301941503132E-09  0.707106781186547350692706E+00 -0.707106781186547683759613E+00  0.355630051144010491320842E-09
 -0.289067930685205698448925E+00  0.000000000000000000000000E+00  0.305902014806490897353008E-09  0.957308587368447927445914E+00
 -0.957308587368447816423611E+00  0.000000000000000000000000E+00 -0.726798767852685465837700E-09 -0.289067930685205753960076E+00
     32
  0.146237071510319281572201E-08  0.707106781186547461715008E+00  0.707106781186547572737311E+00  0.785001348368751332879655E-09
 -0.146237071510319343610747E-08  0.707106781186547572737311E+00 -0.707106781186547461715008E+00 -0.785001348368750815891773E-09
  0.269288115690378970779051E+00  0.369434344606818153712961E-24  0.512233919702483902924033E-09 -0.963059661053210613879116E+00
  0.963059661053210613879116E+00  0.670497506274990699386067E-24 -0.229066079159935705544518E-08  0.269288115690378970779051E+00
     33
 -0.514409297238556548006923E-09  0.707106781186547461715008E+00  0.707106781186547350692706E+00 -0.251415276276211202942161E-09
 -0.514409297238556858199653E-09 -0.707106781186547461715008E+00  0.707106781186547350692706E+00 -0.251415276276211151243373E-09
 -0.256024627251273728667513E+00  0.117621220123545248833831E-24  0.157450423180174414691387E-09  0.966670259313301860615297E+00
 -0.966670259313301749592995E+00  0.224882024245286294841422E-24 -0.794268325966350516264428E-09 -0.256024627251273784178665E+00
     34
 -0.962114136950153996200806E-09  0.707106781186547461715008E+00 -0.707106781186547683759613E+00 -0.261961881448863290428747E-09
  0.962114136950154202995959E-09  0.707106781186547683759613E+00  0.707106781186547461715008E+00  0.261961881448863290428747E-09
 -0.245892495446869863151562E+00  0.000000000000000000000000E+00 -0.245256145491051795424693E-10  0.969297106507035377553905E+00
  0.969297106507035377553905E+00  0.000000000000000000000000E+00 -0.140995534541196241890908E-08  0.245892495446869863151562E+00
     35
  0.485046986740160850056407E-09 -0.707106781186547461715008E+00 -0.707106781186547572737311E+00  0.160052990980374061102320E-09
  0.485046986740160746658830E-09  0.707106781186547572737311E+00 -0.707106781186547461715008E+00  0.160052990980374009403531E-09
  0.236538868419268494269758E+00  0.000000000000000000000000E+00 -0.576695730630063718182752E-10 -0.971622027193152937307730E+00
 -0.971622027193152937307730E+00  0.000000000000000000000000E+00 -0.720034234517829999855527E-09 -0.236538868419268494269758E+00
     36
  0.871094569063336063902503E-09 -0.707106781186546129447379E+00  0.707106781186548905004940E+00  0.246860760312993809193751E-09
 -0.871094569063330583830945E-09 -0.707106781186548682960336E+00 -0.707106781186545907402774E+00 -0.246860760312993033711927E-09
 -0.226430938360147632204544E+00 -0.226998950584970074133901E-24 -0.611030423374919897720133E-10  0.974027222490903010765351E+00
  0.974027222490902899743048E+00  0.491610800195484799367976E-24 -0.127896748887742777858170E-08  0.226430938360147659960120E+00
     37
  0.567276476160092729087040E-09  0.707106781186547017625799E+00  0.707106781186548016826521E+00  0.187376517572939751975656E-09
  0.567276476160091695111274E-09 -0.707106781186548016826521E+00  0.707106781186547017625799E+00  0.187376517572939571029897E-09
  0.214563546180339237423595E+00 -0.858909196198142035917961E-25  0.866851705118113642414161E-10 -0.976710030997182565570824E+00
  0.976710030997182565570824E+00 -0.195732837833610664021857E-24 -0.840422989153727398200557E-09  0.214563546180339237423595E+00
     38
  0.474114987674491751763801E-09 -0.707106781186547572737311E+00  0.707106781186547461715008E+00  0.215524609116169362224580E-09
 -0.474114987674491751763801E-09 -0.707106781186547572737311E+00 -0.707106781186547461715008E+00 -0.215524609116169388073974E-09
  0.200280900742188849861236E+00  0.000000000000000000000000E+00  0.164333900571752401555200E-09 -0.979738516543009696491140E+00
 -0.979738516543009585468837E+00  0.000000000000000000000000E+00  0.717959489599307686251931E-09 -0.200280900742188877616812E+00
     39
  0.507724693952605925258979E-09  0.707106781186548238871126E+00  0.707106781186546795581194E+00  0.353764333168406336157688E-09
 -0.507724693952606132054132E-09  0.707106781186546795581194E+00 -0.707106781186548238871126E+00 -0.353764333168407059940724E-09
 -0.183191934665908745527574E+00  0.158984332412575392992044E-24 -0.360294337483200624488765E-09  0.983077166387950174275545E+00
  0.983077166387950174275545E+00 -0.418058352984113571476641E-24 -0.797530643248427800297756E-09  0.183191934665908745527574E+00
     40
  0.193825806248615789484313E-09  0.707106781186547239670404E+00 -0.707106781186548016826521E+00  0.229355364648037082341396E-09
  0.193825806248615556839765E-09 -0.707106781186548016826521E+00 -0.707106781186547239670404E+00  0.229355364648036823847455E-09
 -0.163133240249145800015995E+00  0.000000000000000000000000E+00  0.275295742540050356441668E-09  0.986604047187023547316187E+00
  0.986604047187023547316187E+00  0.000000000000000000000000E+00  0.323352698961585125595060E-09  0.163133240249145800015995E+00
     41
 -0.678820925801434666729855E-10 -0.707106781186547461715008E+00  0.707106781186547461715008E+00 -0.245091136088040309525732E-09
 -0.678820925801429238357085E-10  0.707106781186547572737311E+00  0.707106781186547239670404E+00 -0.245091136088040309525732E-09
  0.140142034554222749687113E+00 -0.107108802787902573056364E-24 -0.329737072151517832686376E-09 -0.990131410546601586908366E+00
 -0.990131410546601475886064E+00  0.356601510750628759060050E-24 -0.143626973721861317675925E-09 -0.140142034554222777442689E+00
     42
 -0.765455301766771981400310E-10  0.707106781186547572737311E+00 -0.707106781186547461715008E+00  0.258790395694193642391381E-09
 -0.765455301766765648298745E-10 -0.707106781186547461715008E+00 -0.707106781186547572737311E+00  0.258790395694193538993804E-09
 -0.114416801050034863673766E+00 -0.111212437027053305346091E-24  0.375967220189451624441137E-09  0.993432833983997509719188E+00
 -0.993432833983997509719188E+00 -0.442653290584738866462107E-24  0.656659998034604476708121E-10 -0.114416801050034863673766E+00
     43
  0.234738521220807878146828E-09 -0.707106781186547683759613E+00  0.707106781186547239670404E+00 -0.271798264585878082690706E-09
  0.234738521220807206062581E-09  0.707106781186547239670404E+00  0.707106781186547683759613E+00 -0.271798264585878186088282E-09
 -0.862570230853687558436604E-01 -0.114676024001862120728102E-24  0.411582941957506537100038E-09  0.996272917411915814867029E+00
 -0.996272917411915814867029E+00 -0.587144285417983006665299E-24  0.297577465764853689344352E-09 -0.862570230853687558436604E-01
     44
 -0.555526973481645270214844E-09  0.707106781186546795581194E+00  0.707106781186547905804218E+00  0.621840874874508703231951E-09
  0.555526973481629553783206E-09  0.707106781186548127848823E+00 -0.707106781186546795581194E+00 -0.621840874874507152268302E-09
  0.559872274298610778098251E-01  0.515011075033652781589884E-24  0.922021885411253218927777E-09 -0.998431485062804435770545E+00
  0.998431485062804435770545E+00  0.391187861961532122060136E-23  0.735165560353004420668949E-09  0.559872274298610916876129E-01
     45
  0.752243297118609907953117E-09 -0.707106781186547239670404E+00 -0.707106781186547572737311E+00 -0.701902364908866115243214E-09
  0.752243297118616318602864E-09  0.707106781186547683759613E+00 -0.707106781186547128648101E+00 -0.701902364908866011845637E-09
  0.238829606003813921244472E-01 -0.284439175045243550939820E-24  0.101776418119826832920391E-08 -0.999714761415955499579411E+00
  0.999714761415955388557109E+00 -0.483968599211791074349622E-23  0.103982215957212422164423E-08  0.238829606003813955938941E-01
     46
  0.726719475487161494346760E-09 -0.707106781186547683759613E+00  0.707106781186547128648101E+00 -0.330651462192130605142995E-09
  0.726719475487169042369850E-09  0.707106781186547350692706E+00  0.707106781186547572737311E+00 -0.330651462192130656841783E-09
  0.988104226864743376279598E-02 -0.131169267125518028951605E-24  0.457433848074373297403600E-09  0.999951181310210213126766E+00
  0.999951181310209991082161E+00 -0.511172874516862823206901E-23 -0.103230663527534291557471E-08 -0.988104226864743723224294E-02
     47
  0.870319476661838821500613E-09 -0.707106781186547461715008E+00  0.707106781186547461715008E+00 -0.363266970576263876763722E-09
  0.870319476661840372464261E-09  0.707106781186547572737311E+00  0.707106781186547239670404E+00 -0.363266970576263721667358E-09
  0.452390877434814819846309E-01 -0.141038256478523635982698E-24  0.457530045840913170224484E-09  0.998976188374946949544153E+00
  0.998976188374946727499548E+00 -0.112696032490675667276919E-23 -0.125279836789229792524525E-08 -0.452390877434814819846309E-01
     48
 -0.989541824912801556119798E-09 -0.707106781186547461715008E+00 -0.707106781186547572737311E+00  0.401582708102759571836500E-09
  0.989541824912801349324645E-09 -0.707106781186547572737311E+00  0.707106781186547461715008E+00 -0.401582708102759520137711E-09
 -0.821885383294832516654083E-01  0.000000000000000000000000E+00 -0.450985733603318445836860E-09 -0.996616799059329094845339E+00
 -0.996616799059329094845339E+00  0.000000000000000000000000E+00  0.144136586896544930645419E-08  0.821885383294832516654083E-01
     49
 -0.107626554000675809818315E-08  0.707106781186547572737311E+00 -0.707106781186547461715008E+00  0.441430313210420337545285E-09
 -0.107626554000675809818315E-08 -0.707106781186547461715008E+00 -0.707106781186547572737311E+00  0.441430313210420440942862E-09
 -0.120692030271359940218900E+00  0.000000000000000000000000E+00 -0.436011648677627595371086E-09 -0.992689998856126853965520E+00
  0.992689998856126853965520E+00  0.000000000000000000000000E+00 -0.158628811137962100820722E-08 -0.120692030271359940218900E+00
     50
  0.112357980868640486821347E-08 -0.707106781186547572737311E+00  0.707106781186547350692706E+00 -0.476393136116211531514330E-09
  0.112357980868640424782801E-08  0.707106781186547461715008E+00  0.707106781186547461715008E+00 -0.476393136116211738309483E-09
 -0.160550805530823431643839E+00 -0.174571406992365276187458E-24 -0.409869523882848386166092E-09 -0.987027577549585810601229E+00
  0.987027577549585699578927E+00  0.301125065874913628415437E-24 -0.167653541168830841518187E-08 -0.160550805530823403888263E+00
     51
 -0.798727503707862193509447E-23  0.999999999999999888977698E+00 -0.434843180610230296222322E-14  0.278096007244267663265174E-23
 -0.159314731271450178367059E-08 -0.412638720117727086527759E-14 -0.100000000000000000000000E+01  0.705660756146280292841753E-09
  0.201297123222276469478587E+00  0.177953867348561901086435E-24  0.370520025965087271189273E-09  0.979530228314795636812562E+00
  0.979530228314795636812562E+00  0.215809106089699725834008E-24 -0.170258364864484411939356E-08 -0.201297123222276469478587E+00
     52
  0.000000000000000000000000E+00  0.100000000000000000000000E+01  0.000000000000000000000000E+00  0.000000000000000000000000E+00
 -0.162049381116756778128304E-08  0.000000000000000000000000E+00  0.100000000000000022204460E+01  0.217344260541463236394223E-08
  0.242169579164320164510471E+00  0.000000000000000000000000E+00 -0.171631344743142377395789E-08  0.970233938247562988088646E+00
 -0.970233938247563099110948E+00  0.000000000000000000000000E+00 -0.209859988112358388387314E-08  0.242169579164320192266047E+00
     53
  0.398836979953661070727076E-23  0.100000000000000000000000E+01  0.273171413096417421238152E-14 -0.171866413508654336858522E-23
  0.140383954046127106648087E-08 -0.273171413096417421238152E-14  0.100000000000000000000000E+01 -0.679716179213146456702310E-09
 -0.282215361278769005792810E+00  0.175826311211365892867254E-24 -0.255901334486496632990147E-09 -0.959351077478049041324937E+00
  0.959351077478049041324937E+00 -0.108261308867765415028254E-24 -0.153860142934083797021006E-08 -0.282215361278769005792810E+00
     54
  0.340519764156100441652537E-23  0.100000000000000000000000E+01  0.270265193557603677723939E-14 -0.151619775719959025052152E-23
  0.121594576825152433606193E-08 -0.270265193557603717166984E-14  0.999999999999999888977698E+00 -0.609758722184959596609927E-09
 -0.320507693871979970623443E+00  0.162931142747781099381232E-24 -0.187871554125855037667004E-09 -0.947245912194328187894143E+00
  0.947245912194328076871841E+00 -0.704133654839459808620520E-25 -0.134723180996123098311098E-08 -0.320507693871980026134594E+00
     55
  0.000000000000000000000000E+00 -0.100000000000000000000000E+01  0.000000000000000000000000E+00  0.000000000000000000000000E+00
 -0.976532107799724621903350E-09  0.000000000000000000000000E+00 -0.999999999999999888977698E+00  0.496465479240065003711012E-09
  0.356397713559977236119636E+00  0.000000000000000000000000E+00  0.115831017463872755790488E-09  0.934334345814826772169681E+00
  0.934334345814826661147379E+00  0.000000000000000000000000E+00 -0.108934644230694596092151E-08 -0.356397713559977291630787E+00
     56
  0.357412470416628520420777E-23  0.100000000000000000000000E+01  0.502383882933144375174499E-14 -0.158415825484587439920239E-23
  0.699639605647922791686909E-09 -0.502383882933144375174499E-14  0.100000000000000000000000E+01 -0.332879603104677795592066E-09
  0.389698385614513420627247E+00 -0.104293195805152420844276E-24  0.339145634972067048120441E-10  0.920942543402921587336607E+00
  0.920942543402921587336607E+00 -0.202023425582213612593457E-25 -0.774050521824707977876345E-09 -0.389698385614513420627247E+00
     57
  0.000000000000000000000000E+00  0.100000000000000000000000E+01  0.000000000000000000000000E+00  0.000000000000000000000000E+00
 -0.135185203996521956683540E-08  0.000000000000000000000000E+00 -0.100000000000000000000000E+01 -0.576985318076462237533768E-09
 -0.420738687959165025276320E+00  0.000000000000000000000000E+00  0.109220712369739341049979E-08 -0.907181876171697099131563E+00
  0.907181876171697099131563E+00  0.000000000000000000000000E+00 -0.983615724940412227850564E-09 -0.420738687959165025276320E+00
     58
 -0.131749116186524385455290E-09  0.636991343378563578120130E-14 -0.100000000000000000000000E+01 -0.204140913465385392544921E-09
  0.886384628592204553458233E-24  0.100000000000000000000000E+01  0.636991343378563578120130E-14  0.138018598708085111370150E-23
  0.450283338137958510927206E+00 -0.925082656487267735232859E-25 -0.241598889076079623126355E-09  0.892885723592519497948672E+00
 -0.892885723592519497948672E+00  0.615894363557614358334095E-26  0.257155538429252211747251E-10  0.450283338137958510927206E+00
     59
 -0.188332734285333107734750E-08  0.302011150091803629461633E-14 -0.100000000000000000000000E+01  0.556428926801151020778691E-09
 -0.550870319216555684384558E-23 -0.100000000000000000000000E+01 -0.302011150091803629461633E-14  0.198570418714232685804341E-23
  0.479341651610109220627010E+00  0.353752324759816076802223E-24 -0.414419472224584765282802E-09  0.877628384358489666006164E+00
  0.877628384358489777028467E+00  0.109239315167737234258071E-25 -0.191958119133936405454964E-08 -0.479341651610109276138161E+00
     60
 -0.173350935161537366245232E-09  0.000000000000000000000000E+00  0.100000000000000022204460E+01  0.100560286722664423435093E-08
  0.000000000000000000000000E+00  0.100000000000000000000000E+01  0.000000000000000000000000E+00  0.000000000000000000000000E+00
  0.508877917939852930651057E+00  0.000000000000000000000000E+00 -0.777447400355353003625549E-09  0.860838698382688005672492E+00
 -0.860838698382688005672492E+00  0.000000000000000000000000E+00 -0.660956286736522237322051E-09  0.508877917939852930651057E+00
     61
 -0.193352957304865644055462E-08  0.289121207503565130526864E-14 -0.999999999999999777955395E+00  0.134778456448540788047195E-08
  0.539426856513004926441113E+00  0.000000000000000000000000E+00  0.918806948198859622266232E-10  0.842032461650082719728516E+00
  0.000000000000000000000000E+00  0.999999999999999888977698E+00  0.266916747011061999718391E-14  0.000000000000000000000000E+00
  0.842032461650082497683911E+00  0.674327737936868727290109E-26 -0.235512566997574154145307E-08 -0.539426856513005037463415E+00
     62
  0.000000000000000000000000E+00  0.000000000000000000000000E+00  0.100000000000000000000000E+01  0.000000000000000000000000E+00
  0.540200368935606300979657E+00  0.000000000000000000000000E+00  0.000000000000000000000000E+00  0.841536429040261380052357E+00
  0.000000000000000000000000E+00 -0.100000000000000000000000E+01  0.000000000000000000000000E+00  0.000000000000000000000000E+00
 -0.841536429040261380052357E+00  0.000000000000000000000000E+00  0.000000000000000000000000E+00  0.540200368935606300979657E+00
     63
  0.374750412975704560539247E-08  0.000000000000000000000000E+00  0.100000000000000022204460E+01 -0.275325247462601731708310E-08
 -0.540971588432888172981450E+00  0.000000000000000000000000E+00 -0.288304587486771718810483E-09 -0.841040867323578966718856E+00
  0.000000000000000000000000E+00 -0.100000000000000000000000E+01  0.000000000000000000000000E+00  0.000000000000000000000000E+00
  0.841040867323579077741158E+00  0.000000000000000000000000E+00 -0.464123548814477033044867E-08 -0.540971588432888284003752E+00
     64
 -0.127526803898595126097551E-08  0.992125917519846316985988E-15 -0.999999999999999888977698E+00  0.911545283212492688827087E-09
 -0.541740511551374259724412E+00  0.782902565602337043209139E-23 -0.753310663381403528381857E-10 -0.840545785870142503348745E+00
 -0.508001469561840613229374E-23 -0.999999999999999888977698E+00 -0.770081312594808698014020E-15 -0.567702555227513849731907E-23
  0.840545785870142392326443E+00  0.136362352000393300058652E-26 -0.156574237069296396497798E-08 -0.541740511551374259724412E+00
     65
  0.120051999270270973314937E-08  0.284922771288530961477900E-14 -0.100000000000000000000000E+01 -0.856102423504010277058838E-09
  0.542507138607808081509631E+00  0.157957381350974537205184E-22 -0.678791949395651082000553E-10  0.840051191630348581540488E+00
 -0.115871422843817507390024E-22  0.999999999999999888977698E+00  0.262718310796029092846875E-14 -0.108318939010454696155865E-22
 -0.840051191630348692562791E+00  0.349489980254049469577835E-26 -0.147293992657633540750494E-08  0.542507138607808192531934E+00
     66
 -0.930089541053096623441119E-09  0.000000000000000000000000E+00  0.100000000000000000000000E+01  0.586176232932852090670839E-09
 -0.543271489430540488463350E+00  0.000000000000000000000000E+00 -0.131627847309733075650499E-10 -0.839557078924311195322616E+00
  0.000000000000000000000000E+00  0.100000000000000000000000E+01  0.000000000000000000000000E+00  0.000000000000000000000000E+00
 -0.839557078924311195322616E+00  0.000000000000000000000000E+00 -0.109931618656836499370715E-08  0.543271489430540488463350E+00
     67
  0.958640677803341274624529E-09  0.923593562466726867807274E-15 -0.100000000000000000000000E+01 -0.518875813223017769913094E-09
  0.544033574062119718028896E+00  0.206782076494102826068145E-23  0.861629850980920406489715E-10  0.839063448311982984506585E+00
  0.200984298959918344800710E-23 -0.100000000000000000000000E+01 -0.923593562466727656668179E-15  0.125613656569786375966967E-23
 -0.839063448311982984506585E+00  0.614125678514966130378395E-27 -0.108664621597190946674586E-08  0.544033574062119718028896E+00
     68
  0.991186098732018317623594E-09 -0.920232907555142003854310E-15 -0.999999999999999777955395E+00 -0.445744426360638816909975E-09
 -0.544793384599666974388299E+00  0.151819775156568606302551E-23 -0.166203465861379938146820E-09 -0.838570311957464564756037E+00
  0.173881160099374761878941E-23  0.100000000000000000000000E+01 -0.920232907555141214993405E-15  0.863196197041558335200711E-24
 -0.838570311957464342711432E+00 -0.494360618077765134590192E-27 -0.107401766452503684118365E-08  0.544793384599667085410601E+00
     69
 -0.667785721613116952583144E-09  0.000000000000000000000000E+00  0.100000000000000022204460E+01  0.289303689802806264572839E-09
 -0.545550949597048195904847E+00  0.000000000000000000000000E+00 -0.121852175656901185836818E-09 -0.838077658331111363665400E+00
  0.000000000000000000000000E+00  0.100000000000000000000000E+01  0.000000000000000000000000E+00  0.000000000000000000000000E+00
 -0.838077658331111474687702E+00  0.000000000000000000000000E+00 -0.717486196530323297829653E-09  0.545550949597048306927149E+00
     70
 -0.688880391827576654064123E-09  0.000000000000000000000000E+00  0.100000000000000000000000E+01  0.241934631469885016267340E-09
 -0.546306261606911314210322E+00  0.000000000000000000000000E+00 -0.173698793123818132413341E-09 -0.837585499235201091927649E+00
  0.000000000000000000000000E+00 -0.100000000000000000000000E+01  0.000000000000000000000000E+00  0.000000000000000000000000E+00
 -0.837585499235201091927649E+00  0.000000000000000000000000E+00 -0.709166723964466377006576E-09  0.546306261606911314210322E+00
     71
  0.173858318903116093458812E-08  0.000000000000000000000000E+00  0.100000000000000000000000E+01 -0.140927108447004296829804E-08
  0.547059325684302488745914E+00  0.000000000000000000000000E+00  0.228583994318991287480044E-09  0.837093838337038653740763E+00
  0.000000000000000000000000E+00  0.100000000000000000000000E+01  0.000000000000000000000000E+00  0.000000000000000000000000E+00
  0.837093838337038764763065E+00  0.000000000000000000000000E+00 -0.222631216415093835621819E-08 -0.547059325684302599768216E+00
     72
  0.743008790518270104283646E-09  0.906943642121191198400758E-15 -0.100000000000000000000000E+01 -0.129640862795978504526845E-09
 -0.547810150162740816526252E+00 -0.278423522022337199032781E-24 -0.298569925044821878254232E-09 -0.836602677128561067476653E+00
  0.826302216206152177308903E-24 -0.100000000000000000000000E+01 -0.906943642121191198400758E-15  0.115410604831554795933943E-24
 -0.836602677128561067476653E+00  0.105323357016474575183962E-27 -0.692621816674687485050515E-09  0.547810150162740705503950E+00
     73
 -0.299013267632456547020662E-09  0.335559925235262862729902E-15  0.100000000000000000000000E+01  0.195955586210893871039190E-09
  0.548558743118476410671747E+00 -0.385008312964723716649018E-24  0.185399990375808677216762E-12  0.836112017225130732533955E+00
 -0.701967786449405180450927E-24 -0.100000000000000000000000E+01  0.335559925235262862729902E-15  0.000000000000000000000000E+00
 -0.836112017225130621511653E+00  0.466960445998573033208256E-24 -0.357501550801976144141234E-09  0.548558743118476521694049E+00
     74
  0.164735997913556389648084E-08  0.149382379035425553412424E-14  0.100000000000000000000000E+01 -0.149202388531568833234301E-08
 -0.549305124161996727316648E+00 -0.270079369507378382436420E-23 -0.341864424331101080580010E-09 -0.835621852615986537848869E+00
 -0.398705254601868703511311E-23  0.100000000000000000000000E+01 -0.149382379035425573133946E-14  0.000000000000000000000000E+00
  0.835621852615986648871171E+00  0.510125504337082815106346E-25 -0.219614645603933810614615E-08 -0.549305124161996727316648E+00
     75
  0.160270758686962343599926E-08 -0.130180261435067329945641E-14  0.999999999999999777955395E+00 -0.154092353469363651632452E-08
  0.550049281214408103402036E+00 -0.533205306069493473892921E-23  0.405306824551072269657096E-09  0.835132198059392871769546E+00
 -0.814497193875763182441327E-23 -0.999999999999999888977698E+00 -0.107975800942564199137169E-14  0.000000000000000000000000E+00
  0.835132198059392760747244E+00 -0.444867576477204633267443E-23 -0.218605640709693367434389E-08 -0.550049281214408214424338E+00
     76
  0.949194681303995920691502E-09 -0.129189215444076958334867E-14 -0.100000000000000000000000E+01  0.240281451058852776506459E-09
 -0.550791227476715272715069E+00 -0.375563181038267172126107E-24 -0.723357347206093726970910E-09 -0.834643051690178050527891E+00
  0.101478831323253420534592E-23  0.100000000000000000000000E+01 -0.129189215444076958334867E-14  0.000000000000000000000000E+00
 -0.834643051690178161550193E+00 -0.552564727223984004937492E-26 -0.659893830083053259550209E-09  0.550791227476715272715069E+00
     77
  0.104472406553354793542170E-08 -0.160103686552294560851984E-14 -0.100000000000000000000000E+01  0.398300313333485854793071E-09
