      1
  0.187626799022531666024017E-11  0.711192949681465624856003E+00 -0.702996862242909470452901E+00 -0.240768322133867559673006E-11
  0.189814299043084665233370E-11 -0.702996862242909470452901E+00 -0.711192949681465624856003E+00 -0.243575387608310275297332E-11
 -0.623711328790564012436448E+00  0.000000000000000000000000E+00 -0.434173584287067253636360E-11  0.781654769280088812521967E+00
  0.781654769280088812521967E+00  0.000000000000000000000000E+00 -0.499368918499880559047356E-13  0.623711328790564012436448E+00
      2
 -0.303475445234350417664058E-17 -0.708627175177850343601449E+00 -0.705583111050328448676794E+00  0.699886569747807844938406E-16
  0.304784715116178265630680E-17 -0.705583111050328559699096E+00  0.708627175177850232579146E+00 -0.702906057554329059542092E-16
  0.590634008883030303671546E+00  0.385988335194736407600397E-31 -0.213729919136151124547740E-15 -0.806939568710544952168107E+00
 -0.806939568710544841145804E+00 -0.952914897470497516539728E-32  0.124060721092449520101060E-15 -0.590634008883030414693849E+00
      3
  0.298280833078842022863775E-11 -0.708424877806783537259605E+00 -0.705786222948878383398608E+00 -0.371652445639146762338922E-11
 -0.299395986851516999014053E-11 -0.705786222948878383398608E+00  0.708424877806783537259605E+00  0.373041906780851603180101E-11
 -0.575881907721146335532580E+00  0.000000000000000000000000E+00 -0.673876335592788340292559E-11  0.817532891301293695995867E+00
  0.817532891301293695995867E+00  0.000000000000000000000000E+00  0.422599244827750911236901E-12  0.575881907721146335532580E+00
      4
 -0.397061130734658454131465E-11  0.708299822045399540826338E+00 -0.705911724006943575027151E+00  0.486955530910296049262181E-11
 -0.398404387795289692774823E-11 -0.705911724006943686049453E+00 -0.708299822045399429804036E+00  0.488602900558134358817851E-11
  0.549599845552946275617501E+00 -0.274996473663622283553135E-26 -0.885450169184516688298702E-11 -0.835428039850337644800504E+00
 -0.835428039850337533778202E+00  0.876712828380734718297280E-27  0.908023060322471829696130E-12 -0.549599845552946386639803E+00
      5
  0.000000000000000000000000E+00  0.708097430484898704428076E+00  0.706114742050245047799706E+00  0.000000000000000000000000E+00
  0.000000000000000000000000E+00  0.706114742050245047799706E+00 -0.708097430484898704428076E+00  0.000000000000000000000000E+00
  0.537928005637065109745265E+00  0.000000000000000000000000E+00  0.000000000000000000000000E+00 -0.842990783313393943210201E+00
  0.842990783313393943210201E+00  0.000000000000000000000000E+00  0.000000000000000000000000E+00  0.537928005637065109745265E+00
      6
  0.000000000000000000000000E+00  0.707769827694942899043440E+00  0.706443112362680536442383E+00  0.000000000000000000000000E+00
  0.000000000000000000000000E+00 -0.706443112362680536442383E+00  0.707769827694942899043440E+00  0.000000000000000000000000E+00
  0.507955675863166922212599E+00  0.000000000000000000000000E+00  0.000000000000000000000000E+00 -0.861383208193887028869540E+00
  0.861383208193887028869540E+00  0.000000000000000000000000E+00  0.000000000000000000000000E+00  0.507955675863166922212599E+00
      7
  0.778453638502191370391584E-11  0.707567290069497589755088E+00 -0.706645972198036154132694E+00 -0.922522376558485568602847E-11
  0.779468578482710536836732E-11 -0.706645972198036154132694E+00 -0.707567290069497589755088E+00 -0.923725151902556455094036E-11
  0.499420719810083513223731E+00  0.563225374535399612181668E-26  0.168119272720508101875183E-10 -0.866359593139233497005591E+00
  0.866359593139233497005591E+00  0.261134394960707341605084E-26  0.302396390420328940482184E-11  0.499420719810083513223731E+00
      8
  0.112740806588877910607201E-10  0.713424340181234462043847E+00 -0.700732267586537060921614E+00 -0.131774345415192343642066E-10
  0.114782834004768225513400E-10 -0.700732267586537060921614E+00 -0.713424340181234462043847E+00 -0.134161119416464889750735E-10
 -0.477255838721398151225372E+00  0.864800178997795883978582E-26 -0.242039391025329500674447E-10  0.878764396414838055981988E+00
  0.878764396414838055981988E+00 -0.487113343312595073016336E-26  0.516353146329714114009199E-11  0.477255838721398151225372E+00
      9
  0.000000000000000000000000E+00 -0.727690681016363694055826E+00 -0.685905440102308028293976E+00  0.000000000000000000000000E+00
  0.000000000000000000000000E+00 -0.685905440102308028293976E+00  0.727690681016363694055826E+00  0.000000000000000000000000E+00
  0.470793482989019684836762E+00  0.000000000000000000000000E+00  0.000000000000000000000000E+00 -0.882243445073448873117172E+00
  0.882243445073448873117172E+00  0.000000000000000000000000E+00  0.000000000000000000000000E+00  0.470793482989019684836762E+00
     10
  0.226325088166118944087715E-10 -0.711394449238932691237380E+00  0.702792954996018459645768E+00 -0.263033793856938222515434E-10
  0.229095084548480156067976E-10  0.702792954996018459645768E+00  0.711394449238932691237380E+00 -0.266253068676739379675478E-10
 -0.442398704204428561137519E+00  0.000000000000000000000000E+00  0.478120178362866775378599E-10  0.896818480250180072310684E+00
 -0.896818480250180072310684E+00  0.000000000000000000000000E+00  0.123232185854556696283096E-10 -0.442398704204428561137519E+00
     11
 -0.251877516157893302615727E-10  0.710540484828609653078502E+00 -0.703656321949518437364191E+00  0.292694254018556865924901E-10
 -0.254341738808530034676825E-10 -0.703656321949518437364191E+00 -0.710540484828609653078502E+00  0.295557803816354786064325E-10
 -0.437047332665623122771592E+00 -0.113920038810693078935487E-25  0.530575606266941033667278E-10  0.899438507631213357562672E+00
 -0.899438507631213357562672E+00 -0.938107827081285029518092E-26  0.140163729305090096047881E-10 -0.437047332665623122771592E+00
     12
  0.558645558610547967673051E-10  0.709810278883702960861513E+00  0.704392907396887313353773E+00 -0.648414958711758381727351E-10
  0.562942010901126960137664E-10 -0.704392907396887313353773E+00  0.709810278883702960861513E+00 -0.653401812883716390580092E-10
 -0.431678252150716590396229E+00  0.000000000000000000000000E+00  0.117270255415548964461614E-09  0.902027652913203192852620E+00
 -0.902027652913203192852620E+00  0.000000000000000000000000E+00  0.318014425821824602715738E-10 -0.431678252150716590396229E+00
     13
  0.308515342338965519793409E-10  0.709483474571013128517905E+00  0.704722072387861664388709E+00 -0.356919162339216650326688E-10
  0.310599803266336636164200E-10 -0.704722072387861664388709E+00  0.709483474571013128517905E+00 -0.359330660070531087693003E-10
 -0.426264406007627216776967E+00  0.000000000000000000000000E+00  0.644761541103409915765335E-10  0.904598616056295212750626E+00
 -0.904598616056295212750626E+00  0.000000000000000000000000E+00  0.180128623692137292486051E-10 -0.426264406007627216776967E+00
     14
  0.000000000000000000000000E+00 -0.709281423997112803192522E+00 -0.704925429795682623179687E+00  0.000000000000000000000000E+00
  0.000000000000000000000000E+00  0.704925429795682623179687E+00 -0.709281423997112803192522E+00  0.000000000000000000000000E+00
  0.420806862116143265417634E+00  0.000000000000000000000000E+00  0.000000000000000000000000E+00 -0.907150254806757594394639E+00
  0.907150254806757594394639E+00  0.000000000000000000000000E+00  0.000000000000000000000000E+00  0.420806862116143265417634E+00
     15
  0.928517505517279864370024E-16  0.709156520729690931226230E+00 -0.705051082622074498651443E+00  0.000000000000000000000000E+00
 -0.933924165041243509267718E-16  0.705051082622074609673746E+00  0.709156520729690820203928E+00  0.000000000000000000000000E+00
 -0.415347421319119558535959E+00  0.000000000000000000000000E+00  0.375264470128609636858587E-16  0.909662860406842077587442E+00
 -0.909662860406841966565139E+00  0.000000000000000000000000E+00  0.821876178313798157764485E-16 -0.415347421319119614047111E+00
     16
  0.000000000000000000000000E+00 -0.708954375852446916361771E+00 -0.705254346289101219369400E+00  0.000000000000000000000000E+00
  0.000000000000000000000000E+00 -0.705254346289101219369400E+00  0.708954375852446916361771E+00  0.000000000000000000000000E+00
  0.409984728878630688697626E+00  0.000000000000000000000000E+00  0.000000000000000000000000E+00 -0.912092386815236855213129E+00
  0.912092386815236855213129E+00  0.000000000000000000000000E+00  0.000000000000000000000000E+00  0.409984728878630688697626E+00
     17
  0.000000000000000000000000E+00  0.709483474571013128517905E+00 -0.704722072387861664388709E+00  0.000000000000000000000000E+00
  0.000000000000000000000000E+00 -0.704722072387861664388709E+00 -0.709483474571013128517905E+00  0.000000000000000000000000E+00
  0.404893664928452301499107E+00  0.000000000000000000000000E+00  0.000000000000000000000000E+00 -0.914363778865286191965822E+00
  0.914363778865286191965822E+00  0.000000000000000000000000E+00  0.000000000000000000000000E+00  0.404893664928452301499107E+00
     18
  0.000000000000000000000000E+00  0.709156520729690931226230E+00 -0.705051082622074609673746E+00  0.000000000000000000000000E+00
  0.000000000000000000000000E+00 -0.705051082622074609673746E+00 -0.709156520729690931226230E+00  0.000000000000000000000000E+00
  0.400347697134216640169058E+00  0.000000000000000000000000E+00  0.000000000000000000000000E+00 -0.916363312992903189524441E+00
  0.916363312992903189524441E+00  0.000000000000000000000000E+00  0.000000000000000000000000E+00  0.400347697134216640169058E+00
     19
  0.289670211564847914112241E-16  0.708752172714259276453674E+00 -0.705457551999280063625974E+00  0.000000000000000000000000E+00
  0.291023026453326202504695E-16 -0.705457551999280174648277E+00 -0.708752172714259165431372E+00  0.000000000000000000000000E+00
  0.396742281469099455915028E+00  0.652279873954128787762040E-32 -0.718037197563174264184300E-16 -0.917930042048245575792009E+00
  0.917930042048245464769707E+00  0.150915927061979007096916E-31 -0.166129990610215268838572E-15  0.396742281469099511426180E+00
     20
  0.000000000000000000000000E+00 -0.708097430484898371361169E+00 -0.706114742050245380866613E+00  0.000000000000000000000000E+00
  0.000000000000000000000000E+00  0.706114742050245380866613E+00 -0.708097430484898371361169E+00  0.000000000000000000000000E+00
  0.394614868667505724886269E+00  0.000000000000000000000000E+00  0.000000000000000000000000E+00 -0.918846616920651726445612E+00
  0.918846616920651726445612E+00  0.000000000000000000000000E+00  0.000000000000000000000000E+00  0.394614868667505724886269E+00
     21
  0.209486842587830465409590E-09  0.707176810573201586329617E+00 -0.707036744863740573840971E+00 -0.226158975896239912543799E-09
  0.209528342444016114446209E-09 -0.707036744863740573840971E+00 -0.707176810573201586329617E+00 -0.226203778542835003575020E-09
 -0.394650732955441063687374E+00  0.000000000000000000000000E+00 -0.410835878556471447999697E-09  0.918831213541275615419579E+00
 -0.918831213541275615419579E+00  0.000000000000000000000000E+00 -0.146002658198334112745631E-09 -0.394650732955441063687374E+00
     22
  0.108851571590903113665416E-09 -0.708689679812541384329450E+00 -0.705520331193366434519021E+00 -0.159820956244850482271382E-09
  0.109340556192570430316408E-09  0.705520331193366434519021E+00 -0.708689679812541384329450E+00 -0.160538906252234559804663E-09
 -0.397646594551815391049843E+00  0.822408751430469639532514E-25 -0.269200409686485134423150E-09  0.917538656319909162739634E+00
  0.917538656319909162739634E+00 -0.100244772627225309631378E-24  0.514843642926755501484750E-10  0.397646594551815391049843E+00
     23
 -0.321336818637757761676167E-10  0.707106781186546573536589E+00 -0.707106781186548349893428E+00  0.598535495576109349618997E-10
  0.321336818637757632429196E-10  0.707106781186548349893428E+00  0.707106781186546573536589E+00 -0.598535495576108057149290E-10
  0.404358804803675753181125E+00 -0.315388463066491745264930E-25 -0.957925871367016130170015E-10 -0.914600435697328295603370E+00
 -0.914600435697328295603370E+00  0.383379663756180198226252E-25  0.733566415772324667988325E-11 -0.404358804803675753181125E+00
     24
  0.123456438469372721897675E-10 -0.707106781186544464112842E+00 -0.707106781186550015227965E+00  0.806048918267196637722423E-10
  0.123456438469377423256234E-10  0.707106781186550126250268E+00 -0.707106781186544686157447E+00  0.806048918267189399892064E-10
 -0.415055777477294163269050E+00  0.130713414189571022671521E-24  0.964633298880273832058112E-10  0.909795967007283934435691E+00
 -0.909795967007283934435691E+00  0.156289115042066358610863E-24 -0.631977294188541215811236E-10 -0.415055777477294163269050E+00
     25
 -0.225063342307954792229190E-09 -0.707106781186548238871126E+00  0.707106781186546795581194E+00 -0.270572710083831500998955E-09
 -0.225063342307955231668890E-09  0.707106781186546795581194E+00  0.707106781186548238871126E+00 -0.270572710083831966288050E-09
 -0.428410249738235382466200E+00  0.000000000000000000000000E+00  0.209396644254675491677547E-09  0.903584339129017144465195E+00
  0.903584339129017144465195E+00  0.000000000000000000000000E+00  0.451529971358290341757479E-09  0.428410249738235382466200E+00
     26
  0.125994478268886358199336E-08 -0.707106781186547128648101E+00  0.707106781186547794781916E+00  0.714379952732271812970128E-09
 -0.125994478268886337519820E-08 -0.707106781186547905804218E+00 -0.707106781186547017625799E+00 -0.714379952732270882391939E-09
  0.439419906380557834246758E+00 -0.399153008696074154955342E-24  0.124549374699470038879445E-09 -0.898281774209240935213927E+00
  0.898281774209240824191625E+00 -0.451973528615868605663752E-24 -0.204452591135385762361585E-08  0.439419906380557889757910E+00
     27
 -0.113314571691237912356333E-08 -0.707106781186547683759613E+00  0.707106781186547572737311E+00 -0.902112482397864644705434E-09
 -0.113314571691237829638272E-08  0.707106781186547572737311E+00  0.707106781186547683759613E+00 -0.902112482397865058295740E-09
  0.437855251539087275691742E+00 -0.500519355063930584236459E-24 -0.445316593470189271532509E-09 -0.899045481997235995663686E+00
 -0.899045481997235995663686E+00  0.566717535897702522359387E-24 -0.199933615709345493580316E-08 -0.437855251539087275691742E+00
     28
 -0.193371546007382655019485E-08 -0.707106781186547350692706E+00 -0.707106781186547572737311E+00 -0.131381964462019701153750E-08
 -0.193371546007382779096577E-08  0.707106781186547572737311E+00 -0.707106781186547350692706E+00 -0.131381964462019597756174E-08
 -0.413640103025856242791036E+00 -0.706127893632631352337944E-24 -0.560441841471664229139490E-09  0.910440478652371321111048E+00
  0.910440478652371321111048E+00  0.844400648002595591982606E-24 -0.325832193655448041780014E-08  0.413640103025856242791036E+00
     29
 -0.199467303032206293011969E-08  0.707106781186547683759613E+00  0.707106781186547572737311E+00 -0.196847536045324598512457E-08
 -0.199467303032206127575846E-08 -0.707106781186547461715008E+00  0.707106781186547794781916E+00 -0.196847536045324681230518E-08
  0.371535525278311795638331E+00  0.100863829260257369792787E-23 -0.153651107655147074420475E-08 -0.928418738208233840225603E+00
 -0.928418738208234062270208E+00 -0.133723091243957817432764E-23 -0.365326808519484134850484E-08 -0.371535525278311740127180E+00
     30
 -0.886993245523604743637189E-09  0.707106781186548460915731E+00  0.707106781186546573536589E+00 -0.981489078408359460932933E-09
  0.886993245523612498455432E-09  0.707106781186546573536589E+00 -0.707106781186548793982638E+00  0.981489078408361735679618E-09
 -0.330976735993825710302474E+00  0.485459204649049209756443E-24  0.894627334669359530506136E-09  0.943638914114330873417202E+00
 -0.943638914114331317506412E+00  0.716462863618100081774374E-24 -0.164310641879049309795937E-08 -0.330976735993825543769020E+00
     31
  0.275899134623644889731750E-09 -0.707106781186547794781916E+00 -0.707106781186546795581194E+00  0.302190855940059541494339E-09
 -0.275899134623647216177223E-09 -0.707106781186547017625799E+00  0.707106781186547905804218E+00 -0.302190855940059644891916E-09
 -0.304197009173512000757000E+00  0.289899209898156714436226E-24  0.288417724092228339835432E-09  0.952609143148379744481247E+00
 -0.952609143148379633458944E+00  0.462073647399982773149469E-24 -0.501691473870518587590723E-09 -0.304197009173512056268152E+00
     32
  0.103690622458403747015698E-08  0.707106781186547572737311E+00  0.707106781186547239670404E+00  0.681848367955374812231415E-09
 -0.103690622458403788374729E-08  0.707106781186547350692706E+00 -0.707106781186547461715008E+00 -0.681848367955375122424145E-09
  0.290488992491989783673034E+00  0.000000000000000000000000E+00  0.496722803575886671653933E-09 -0.956878333562312777260672E+00
  0.956878333562312666238370E+00  0.000000000000000000000000E+00 -0.168328554112025594604860E-08  0.290488992491989839184185E+00
     33
 -0.351239973894438019460847E-09  0.707106781186547461715008E+00  0.707106781186547572737311E+00 -0.230963106308257016663304E-09
 -0.351239973894437967762059E-09 -0.707106781186547572737311E+00  0.707106781186547461715008E+00 -0.230963106308256990813910E-09
 -0.284923572577436778896498E+00  0.000000000000000000000000E+00  0.171562761716609994790597E-09  0.958550237488734802049350E+00
 -0.958550237488734802049350E+00  0.000000000000000000000000E+00 -0.569203979488916952188326E-09 -0.284923572577436778896498E+00
     34
  0.718058104812659344525021E-09 -0.707106781186547683759613E+00  0.707106781186547461715008E+00  0.248176194574794601476515E-09
 -0.718058104812660171705634E-09 -0.707106781186547461715008E+00 -0.707106781186547683759613E+00 -0.248176194574794653175303E-09
 -0.283215900722424474000860E+00  0.116420045773619982937660E-24 -0.490016763150665394567535E-10  0.959056178530739544818573E+00
  0.959056178530739544818573E+00 -0.198627358054177982688341E-24 -0.107331113479894494090177E-08  0.283215900722424474000860E+00
     35
  0.327855347656700938775099E-09 -0.707106781186547239670404E+00 -0.707106781186547905804218E+00  0.169611382045890564466768E-09
  0.327855347656700628582369E-09  0.707106781186547905804218E+00 -0.707106781186547239670404E+00  0.169611382045890409370404E-09
  0.282391606137402217946430E+00  0.000000000000000000000000E+00 -0.991709411751781376427577E-10 -0.959299213375648718304944E+00
 -0.959299213375648718304944E+00  0.000000000000000000000000E+00 -0.512522708952793356114244E-09 -0.282391606137402217946430E+00
     36
  0.619102222604304567228336E-09 -0.707106781186547572737311E+00  0.707106781186547572737311E+00  0.250934580710738928103345E-09
 -0.619102222604304463830760E-09 -0.707106781186547572737311E+00 -0.707106781186547572737311E+00 -0.250934580710738928103345E-09
 -0.280397338246986427279239E+00  0.000000000000000000000000E+00 -0.951390350898261656535919E-10  0.959884020444139562933117E+00
  0.959884020444139562933117E+00  0.000000000000000000000000E+00 -0.939925640714127455625714E-09  0.280397338246986427279239E+00
     37
  0.394832294070234989288673E-09  0.707106781186547683759613E+00  0.707106781186547461715008E+00  0.183352977085677918682874E-09
  0.394832294070234730794732E-09 -0.707106781186547572737311E+00  0.707106781186547572737311E+00  0.183352977085678022080451E-09
  0.275741093856868457745435E+00 -0.855570728165351503533864E-25  0.952802249047550769332784E-10 -0.961231943475984174085625E+00
  0.961231943475984063063322E+00 -0.149517095886343882025977E-24 -0.608229512656823236069704E-09  0.275741093856868513256586E+00
     38
 -0.301787352533182859895366E-09  0.707106781186547572737311E+00 -0.707106781186547461715008E+00 -0.211882406994400242066692E-09
  0.301787352533182911594155E-09  0.707106781186547461715008E+00  0.707106781186547572737311E+00  0.211882406994400267916086E-09
  0.267307037705928507431707E+00  0.000000000000000000000000E+00  0.174658799510242566588652E-09 -0.963611409019673903486591E+00
 -0.963611409019673903486591E+00  0.000000000000000000000000E+00  0.491359160735909739514438E-09 -0.267307037705928507431707E+00
     39
  0.254165402527440274154403E-09  0.707106781186547239670404E+00  0.707106781186547905804218E+00  0.371784553653559711606597E-09
 -0.254165402527440532648345E-09  0.707106781186547905804218E+00 -0.707106781186547239670404E+00 -0.371784553653559194618714E-09
 -0.254296738413398504263796E+00 -0.171030890903383499900979E-24 -0.417092825782486467197739E-09  0.967126242448372086535358E+00
  0.967126242448372086535358E+00  0.320702917850048798097152E-24 -0.481332719680892899966639E-09  0.254296738413398504263796E+00
     40
  0.328389529857149685175804E-10 -0.707106781186547572737311E+00 -0.707106781186547461715008E+00  0.282852832737773856619964E-09
 -0.328389529857145807766683E-10 -0.707106781186547461715008E+00  0.707106781186547572737311E+00 -0.282852832737774063415117E-09
  0.236238630392259618684392E+00  0.128618296650506024375963E-24 -0.377720681593771790147006E-09 -0.971695070230568447300357E+00
 -0.971695070230568447300357E+00 -0.257108485587889446978554E-24 -0.139625716293057730804440E-09 -0.236238630392259618684392E+00
     41
  0.781529609082674597390723E-10  0.707106781186547572737311E+00  0.707106781186547239670404E+00 -0.309268711836957261544936E-09
  0.781529609082674855884665E-10 -0.707106781186547350692706E+00  0.707106781186547461715008E+00 -0.309268711836957364942512E-09
 -0.213017885075913709913564E+00  0.000000000000000000000000E+00  0.450877419837467987398197E-09  0.977048300053679485976943E+00
  0.977048300053679374954640E+00  0.000000000000000000000000E+00 -0.148203982317286424552868E-10  0.213017885075913737669140E+00
     42
 -0.200324467212770253146161E-09  0.707106781186547128648101E+00 -0.707106781186547794781916E+00  0.333538297312631166155807E-09
 -0.200324467212769477664337E-09 -0.707106781186547905804218E+00 -0.707106781186547017625799E+00  0.333538297312630752565501E-09
 -0.184886185243839984426728E+00 -0.146756574557616757420396E-24  0.515940891981157137785022E-09  0.982759939408389127102339E+00
 -0.982759939408389016080037E+00 -0.362437373736197360149675E-24  0.191207666839660481709710E-09 -0.184886185243840012182304E+00
     43
 -0.328745574490681335479431E-09  0.707106781186548460915731E+00 -0.707106781186546573536589E+00  0.356037854942296192329613E-09
 -0.328745574490682834744291E-09 -0.707106781186546573536589E+00 -0.707106781186548460915731E+00  0.356037854942297278004167E-09
 -0.152417037406689631628964E+00  0.153394142937551018692254E-24  0.568491833883944212719896E-09  0.988316268563949051895179E+00
 -0.988316268563949051895179E+00  0.447441580599270958176198E-24  0.382740445479062562620751E-09 -0.152417037406689631628964E+00
     44
  0.678228440308135141641105E-09 -0.707106781186547128648101E+00 -0.707106781186547905804218E+00 -0.638827839432402880354343E-09
 -0.678228440308134211062916E-09 -0.707106781186547905804218E+00  0.707106781186547128648101E+00  0.638827839432402053173730E-09
 -0.116390768893397070216089E+00  0.000000000000000000000000E+00 -0.100893612327280990366671E-08  0.993203498240115778550319E+00
 -0.993203498240115889572621E+00  0.000000000000000000000000E+00 -0.847488967779867190644285E-09 -0.116390768893397070216089E+00
     45
 -0.828684327826537064385448E-09  0.707106781186547683759613E+00  0.707106781186547461715008E+00  0.704807482090237133860187E-09
  0.828684327826537271180601E-09  0.707106781186547461715008E+00 -0.707106781186547683759613E+00 -0.704807482090237444052917E-09
  0.776273590851041528360099E-01  0.000000000000000000000000E+00  0.108471490042332847716384E-08 -0.996982443737838508468485E+00
 -0.996982443737838619490788E+00  0.000000000000000000000000E+00 -0.109102529246164112647737E-08 -0.776273590851041667137977E-01
     46
 -0.691928658295101280979863E-09  0.707106781186547683759613E+00 -0.707106781186547683759613E+00  0.425451051580675291449868E-09
  0.691928658295099006233179E-09  0.707106781186547461715008E+00  0.707106781186547794781916E+00 -0.425451051580675188052291E-09
 -0.368166057320715445211334E-01 -0.170026823858338426838563E-24  0.637297041404056484460886E-09  0.999322038955595681741784E+00
 -0.999322038955596014808691E+00 -0.179822599720836110905329E-23  0.955719053001473854040283E-09 -0.368166057320715306433456E-01
     47
  0.784349836645996024691857E-09 -0.707106781186547683759613E+00  0.707106781186547572737311E+00 -0.452211967924089822803727E-09
 -0.784349836645979998067489E-09 -0.707106781186547461715008E+00 -0.707106781186547905804218E+00  0.452211967924090132996457E-09
 -0.559100366708446556290868E-02 -0.176040208726876785483496E-24 -0.633312547766370441324233E-09 -0.999984370216852380686134E+00
  0.999984370216852602730739E+00  0.114976049920372786085670E-22 -0.111279642217357494738349E-08 -0.559100366708446469554694E-02
     48
  0.852235936275227160842209E-09  0.707106781186547572737311E+00  0.707106781186547683759613E+00 -0.478919985691784352108345E-09
 -0.852235936275227264239785E-09  0.707106781186547461715008E+00 -0.707106781186547683759613E+00  0.478919985691784352108345E-09
  0.493899783928034991076217E-01  0.000000000000000000000000E+00  0.616941591627308274649557E-09  0.998779570292844254275622E+00
 -0.998779570292844476320226E+00  0.000000000000000000000000E+00  0.123722429658822254970927E-08  0.493899783928034991076217E-01
     49
  0.890554273031230638424934E-09 -0.707106781186547461715008E+00  0.707106781186547461715008E+00 -0.501260247117725821356636E-09
  0.890554273031231775798276E-09  0.707106781186547461715008E+00  0.707106781186547461715008E+00 -0.501260247117725614561482E-09
  0.945150397095856908968869E-01 -0.186034715795343117514327E-24  0.586680192557304140455324E-09  0.995523433811929536751961E+00
  0.995523433811929536751961E+00 -0.609650424351621338344120E-24 -0.132079677786586983834260E-08 -0.945150397095856908968869E-01
     50
 -0.895681335298381525496917E-09  0.707106781186547683759613E+00 -0.707106781186547350692706E+00  0.512984926085847888772029E-09
 -0.895681335298381628894494E-09 -0.707106781186547461715008E+00 -0.707106781186547572737311E+00  0.512984926085847888772029E-09
  0.140858102485843822426759E+00  0.000000000000000000000000E+00  0.539814350588042140411530E-09  0.990029794988053768456382E+00
  0.990029794988053657434079E+00  0.000000000000000000000000E+00 -0.135624394726229095616158E-08 -0.140858102485843794671183E+00
     51
 -0.946134705437847485005133E-23  0.999999999999999888977698E+00 -0.657914832939350394692708E-14  0.429357251648669380034277E-23
 -0.122451364066634364074310E-08 -0.635710372446847184998145E-14 -0.100000000000000000000000E+01  0.717051919820579036950156E-09
  0.188074744060623244568120E+00  0.359567011706929562069940E-24  0.473955794977973181897506E-09  0.982154718283494876374107E+00
  0.982154718283494876374107E+00  0.469757509900432191751938E-24 -0.133752142416353902928310E-08 -0.188074744060623244568120E+00
     52
 -0.365865257679058916495296E-23 -0.100000000000000000000000E+01  0.263761565147088287457637E-14  0.428066154210911163349345E-23
  0.120027022007825023150482E-08 -0.263761565147088287457637E-14 -0.100000000000000000000000E+01 -0.175150347597231800379651E-08
 -0.235472615873294016664019E+00  0.445636551668439425078379E-24  0.141962212718985040848952E-08 -0.971880984058124397506617E+00
 -0.971880984058124397506617E+00  0.399087810266772126022999E-24 -0.157895101572414563536093E-08  0.235472615873293988908443E+00
     53
  0.000000000000000000000000E+00 -0.100000000000000000000000E+01  0.000000000000000000000000E+00  0.000000000000000000000000E+00
 -0.997105691922158584884234E-09  0.000000000000000000000000E+00 -0.100000000000000000000000E+01  0.592184370703708027895534E-09
  0.282060852395989825058820E+00  0.000000000000000000000000E+00  0.286895140885601560082381E-09  0.959396516329743320738999E+00
  0.959396516329743320738999E+00  0.000000000000000000000000E+00 -0.112365175561894823654749E-08 -0.282060852395989825058820E+00
     54
  0.214597615227996495619242E-23  0.100000000000000000000000E+01  0.250165265634426340467153E-14 -0.106754709741596025411132E-23
  0.821373071878652338308069E-09 -0.250165265634426340467153E-14  0.100000000000000000000000E+01 -0.466951472131291396512155E-09
 -0.326772559448149813032813E+00  0.124877565799629943008690E-24 -0.172915059610966541129884E-09 -0.945103007291641872278376E+00
  0.945103007291641872278376E+00 -0.533057909904002063439310E-25 -0.928869088027311756020735E-09 -0.326772559448149813032813E+00
     55
 -0.601113482898143251691939E-23  0.999999999999999888977698E+00 -0.932751032071948051146575E-14  0.250588027063742769419906E-23
  0.614203280657637476189571E-09  0.910546571579444920338103E-14  0.999999999999999888977698E+00 -0.298037546275145091347788E-09
 -0.368769716315316631316534E+00 -0.252398302412658002149669E-24 -0.505325254602576352995758E-10 -0.929520788540375342279276E+00
  0.929520788540375342279276E+00  0.724546482868237360732155E-25 -0.680821939152170984791452E-09 -0.368769716315316631316534E+00
     56
  0.000000000000000000000000E+00 -0.100000000000000000000000E+01  0.000000000000000000000000E+00  0.000000000000000000000000E+00
 -0.385853051590437438033665E-09  0.000000000000000000000000E+00 -0.999999999999999888977698E+00  0.830197902444943065921455E-10
 -0.407686892186313376562623E+00  0.000000000000000000000000E+00  0.814999616923545022587057E-10 -0.913121787024855247061339E+00
  0.913121787024855136039037E+00  0.000000000000000000000000E+00 -0.386176705518225043547178E-09 -0.407686892186313432073774E+00
     57
  0.703039936184636618568509E-22 -0.100000000000000000000000E+01  0.533326373236630820064927E-13  0.220775112206585831113895E-23
  0.131837383016688779215353E-08  0.533326373236630820064927E-13  0.100000000000000000000000E+01  0.416391578250066033233227E-10
  0.443714582816988278857195E+00 -0.153370954761773914698040E-25 -0.622297381454805684826406E-09  0.896168158882888366001396E+00
  0.896168158882888366001396E+00 -0.173452928372206706302486E-26 -0.116300874655686784858690E-08 -0.443714582816988278857195E+00
     58
  0.675513949071683627413339E-10 -0.580940133910627881951196E-14 -0.999999999999999888977698E+00 -0.513144042270112770909502E-09
  0.266529730005889399308656E-24  0.100000000000000000000000E+01 -0.580940133910627803065105E-14 -0.318182479112530522916191E-23
  0.477513617583533167554322E+00  0.236517713574362018671154E-24 -0.418604244680218355534762E-09  0.878624348070486504980181E+00
 -0.878624348070486393957879E+00 -0.147537511603215227323667E-25 -0.304385373183606288160125E-09  0.477513617583533223065473E+00
     59
 -0.180471414817049914667213E-08  0.292265420996665633170330E-14 -0.100000000000000022204460E+01  0.888487761769264107550026E-09
 -0.496606289809537225671452E-23 -0.100000000000000000000000E+01 -0.292265420996665751499466E-14  0.308464444889761134698765E-23
  0.510010791873618085645603E+00  0.577012153583544427274488E-24 -0.156174948709193200434980E-09  0.860168002295159106473932E+00
  0.860168002295159217496234E+00  0.165201209923686881766272E-25 -0.200549571049558817188379E-08 -0.510010791873618196667906E+00
     60
 -0.350217525716609822195518E-09  0.000000000000000000000000E+00  0.100000000000000000000000E+01  0.121995876906262165668535E-08
  0.000000000000000000000000E+00  0.100000000000000000000000E+01  0.000000000000000000000000E+00  0.000000000000000000000000E+00
  0.542124450530715340512700E+00  0.000000000000000000000000E+00 -0.835267685065821116414800E-09  0.840298209052458888734805E+00
 -0.840298209052458777712502E+00  0.000000000000000000000000E+00 -0.955656636986648351089949E-09  0.542124450530715340512700E+00
     61
 -0.176371604376287430718359E-08  0.193557557329448725489134E-14 -0.999999999999999666933093E+00  0.171509769379621043557311E-08
  0.574450840933890094497372E+00 -0.395092330869384174562211E-21  0.390706457578124082091743E-09  0.818539083581441673231893E+00
  0.229686983959174769329954E-21  0.999999999999999888977698E+00  0.171353096836622477253883E-14  0.320081917496944248700662E-21
  0.818539083581441562209591E+00  0.540387246038887010553297E-26 -0.242890964489237471527931E-08 -0.574450840933890094497372E+00
     62
  0.000000000000000000000000E+00  0.000000000000000000000000E+00  0.100000000000000000000000E+01  0.000000000000000000000000E+00
  0.575242876901228328279103E+00  0.000000000000000000000000E+00  0.000000000000000000000000E+00  0.817982660314018006353365E+00
  0.000000000000000000000000E+00 -0.100000000000000000000000E+01  0.000000000000000000000000E+00  0.000000000000000000000000E+00
 -0.817982660314018006353365E+00  0.000000000000000000000000E+00  0.000000000000000000000000E+00  0.575242876901228328279103E+00
     63
 -0.360985368545570835268786E-08  0.192125659515996660054833E-14 -0.999999999999999777955395E+00  0.339229980481852672765893E-08
  0.576032564097165633576481E+00 -0.770447212568454657675583E-22  0.693563444414267901042558E-09  0.817426746014371929938136E+00
  0.499312517042576040413390E-22  0.999999999999999888977698E+00  0.169921199023493529246360E-14  0.564665224277783927194205E-22
  0.817426746014371596871229E+00  0.969564278879767054339491E-26 -0.490486592494077778026942E-08 -0.576032564097165744598783E+00
     64
 -0.812572767513485515619113E-09  0.191417372394940473078490E-14 -0.100000000000000000000000E+01  0.133347665513957423715310E-08
 -0.576819899012409265104395E+00  0.208500643738781948883245E-22 -0.620570735128772194930678E-09 -0.816871351011475899106529E+00
 -0.131731895144332489144207E-22 -0.999999999999999888977698E+00 -0.169212911902439866624914E-14 -0.144814004621899252621072E-22
  0.816871351011476010128831E+00  0.361669768259823370740415E-26 -0.143294328394687321339025E-08 -0.576819899012409265104395E+00
     65
  0.201441683364017279212854E-08 -0.924674751260670751814943E-15 -0.999999999999999888977698E+00 -0.631302652354174736831999E-09
  0.577604882980124023639235E+00 -0.364672515674671718802039E-23  0.648194239076797759074852E-09  0.816316482228257589426335E+00
  0.396840534297709650061275E-23  0.100000000000000000000000E+01 -0.924674751260664440927702E-15  0.239358599553461166161312E-23
 -0.816316482228257589426335E+00 -0.785600979242367914184572E-27 -0.200904515801660302912334E-08  0.577604882980123912616932E+00
     66
 -0.150368782016224859540199E-08  0.000000000000000000000000E+00  0.100000000000000000000000E+01  0.430014434415770144175647E-09
 -0.578387536520467371303766E+00  0.000000000000000000000000E+00 -0.518924865983852511206754E-09 -0.815762132976142084750393E+00
  0.000000000000000000000000E+00 -0.100000000000000000000000E+01  0.000000000000000000000000E+00  0.000000000000000000000000E+00
 -0.815762132976142084750393E+00  0.000000000000000000000000E+00 -0.147536666346357113020380E-08  0.578387536520467371303766E+00
     67
  0.155187578979138989178460E-08  0.917929052124676627626847E-15 -0.999999999999999888977698E+00 -0.344475817314361711632729E-09
  0.579167870121390593318722E+00  0.134633016099532327872250E-23  0.617977049210680437338134E-09  0.815208303575872705870609E+00
  0.220395313908447663299209E-23 -0.100000000000000000000000E+01 -0.917929052124675049905036E-15  0.781555339667688293829611E-24
 -0.815208303575872705870609E+00  0.380154957244833185969321E-27 -0.146461135537859095999534E-08  0.579167870121390593318722E+00
     68
  0.160678094638092724280900E-08 -0.914592621723622876312066E-15 -0.999999999999999888977698E+00 -0.249882355028489150296826E-09
 -0.579945876304196028527826E+00  0.840213014137946521677438E-24 -0.728277943499439090588426E-09 -0.814655007078307846768439E+00
  0.195661771569950376834538E-23  0.100000000000000000000000E+01 -0.914592621723623270742519E-15  0.456092930934176852082227E-24
 -0.814655007078307624723834E+00 -0.258214030715305321781976E-27 -0.145389020371744799667956E-08  0.579945876304196139550129E+00
     69
 -0.101171540728975546363112E-08  0.000000000000000000000000E+00  0.100000000000000000000000E+01  0.189109803880207803976317E-09
 -0.580721584370723409307402E+00  0.000000000000000000000000E+00 -0.433570132189285581777497E-09 -0.814102230340856269918959E+00
  0.000000000000000000000000E+00  0.100000000000000000000000E+01  0.000000000000000000000000E+00  0.000000000000000000000000E+00
 -0.814102230340856158896656E+00  0.000000000000000000000000E+00 -0.933459733707141888951693E-09  0.580721584370723631352007E+00
     70
  0.104872040815518213449460E-08 -0.907991752706615952152609E-15 -0.100000000000000022204460E+01 -0.125355043580522729342789E-09
  0.581494988038650406636521E+00 -0.329170029201317407788168E-24  0.507843067310427203853721E-09  0.813549985487019622354410E+00
  0.114354910956076461113533E-23  0.100000000000000000000000E+01 -0.907991752706616543798288E-15  0.154040037414234269545999E-24
 -0.813549985487019733376712E+00 -0.111971156026290988046468E-27 -0.926079802402030041627874E-09  0.581494988038650517658823E+00
     71
 -0.182433092998376684195304E-08 -0.904727104475980348549988E-15 -0.100000000000000000000000E+01  0.163096169971376164026450E-08
 -0.582266091966683774217017E+00 -0.385845478028608477261035E-23 -0.263722945760272592040887E-09 -0.812998276840637190687744E+00
  0.389607728781679380066215E-23 -0.100000000000000000000000E+01  0.904727104475980348549988E-15  0.166212372992093374030614E-23
  0.812998276840637190687744E+00 -0.134285404021586608912910E-26 -0.243283168776449687815814E-08 -0.582266091966683774217017E+00
     72
 -0.114359271268854197976249E-08 -0.901486135414115970802097E-15  0.100000000000000000000000E+01 -0.303864661596660724325611E-10
  0.583034905731896091474198E+00 -0.653913011394557394718444E-25  0.691441865905796972312841E-09  0.812447105169437522320663E+00
 -0.992826167943719773617891E-24  0.100000000000000000000000E+01  0.901486135414115970802097E-15  0.257473461135380926439222E-25
 -0.812447105169437522320663E+00 -0.228987090862774770961502E-28 -0.911392218483744495922380E-09  0.583034905731896091474198E+00
     73
  0.357124455991364587066227E-09  0.898268658944015158108994E-15 -0.100000000000000000000000E+01 -0.201494418309628409645581E-09
 -0.583801438008865192230701E+00 -0.397591401368170124301262E-24 -0.448972284507573121661623E-10 -0.811896471835406585704220E+00
 -0.552796253218648767572361E-24  0.100000000000000000000000E+01  0.898268658944015158108994E-15 -0.141887386851539130573431E-24
 -0.811896471835406585704220E+00  0.137806732020829959663052E-27 -0.407580907124064415757458E-09  0.583801438008865192230701E+00
     74
  0.177238459840107750815007E-08  0.000000000000000000000000E+00  0.100000000000000000000000E+01 -0.166291146156188604056175E-08
 -0.584565709400968303022239E+00  0.000000000000000000000000E+00 -0.313122176735824268081629E-09 -0.811346369556518398624689E+00
  0.000000000000000000000000E+00  0.100000000000000000000000E+01  0.000000000000000000000000E+00  0.000000000000000000000000E+00
  0.811346369556518287602387E+00  0.000000000000000000000000E+00 -0.241009846725933741357854E-08 -0.584565709400968525066844E+00
     75
  0.174655146575107973107451E-08 -0.134084199307173655297413E-14  0.100000000000000000000000E+01 -0.168519363297032109142782E-08
  0.585327707606107194848732E+00 -0.587780910397631658424820E-23  0.344044664081080178380889E-09  0.810796814688229727785540E+00
 -0.858721229545040956719486E-23 -0.999999999999999888977698E+00 -0.111879738814670504767418E-14  0.000000000000000000000000E+00
  0.810796814688229838807842E+00 -0.428158530125864768282319E-23 -0.240248889117886912759696E-08 -0.585327707606107416893337E+00
     76
  0.150497391649481772193871E-08  0.000000000000000000000000E+00 -0.100000000000000022204460E+01  0.575174080780062510533383E-09
 -0.586087447258156868379331E+00  0.000000000000000000000000E+00 -0.134807985687755051588433E-08 -0.810247804172536500999513E+00
  0.000000000000000000000000E+00  0.100000000000000000000000E+01  0.000000000000000000000000E+00  0.000000000000000000000000E+00
 -0.810247804172536612021815E+00  0.000000000000000000000000E+00 -0.882299502443434029238416E-09  0.586087447258156868379331E+00
     77
  0.167365872993230572742191E-08  0.000000000000000000000000E+00 -0.100000000000000022204460E+01  0.818062696771976874972451E-09
