      1
  0.217050637305056282664473E-11  0.714012030700434285890310E+00 -0.700133430151026359133937E+00 -0.284386933107212617470033E-11
 -0.221353187311133505195037E-11  0.700133430151026359133937E+00  0.714012030700434285890310E+00  0.290024276613599248979935E-11
 -0.676037230270797762088364E+00  0.167089058872927098257257E-26 -0.508880908105257209920493E-11  0.736867466568980944430223E+00
  0.736867466568980944430223E+00 -0.298194257082677925071501E-27 -0.461688124934157102570805E-12  0.676037230270797762088364E+00
      2
  0.731257589176904468457028E-16  0.708299822045474480880500E+00 -0.705911724006868301906081E+00  0.359794806449790262918143E-16
 -0.733731432229852740465600E-16  0.705911724006868412928384E+00  0.708299822045474369858198E+00 -0.361011991605331101170766E-16
 -0.632840435607227913550332E+00  0.000000000000000000000000E+00  0.114426782331309076967527E-15  0.774282237340140788717235E+00
 -0.774282237340140677694933E+00  0.000000000000000000000000E+00  0.594617738782916206846155E-16 -0.632840435607228024572635E+00
      3
  0.344363393079574454427801E-11  0.708097430484817769169581E+00 -0.706114742050326205102806E+00 -0.445419762783743830141415E-11
 -0.345330325613426933310004E-11  0.706114742050326205102806E+00  0.708097430484817769169581E+00  0.446670449902385671377046E-11
  0.613305831365694720247461E+00  0.255343364551187555420073E-26  0.797339088144136318574642E-11 -0.789845527437380678925649E+00
  0.789845527437380678925649E+00  0.624015598274900431552659E-27 -0.167770478816544372740316E-13  0.613305831365694720247461E+00
      4
 -0.455498599841010219042771E-11 -0.707894980733723921950684E+00 -0.706317702066145969297395E+00  0.585129107004938301855387E-11
 -0.456515774155825492995161E-11  0.706317702066145969297395E+00 -0.707894980733723921950684E+00  0.586435759316721398810429E-11
 -0.578134801804255027413149E+00 -0.337960924300594724575952E-26  0.104877173806043624790286E-10  0.815941266846305968130082E+00
 -0.815941266846305968130082E+00 -0.100005574865263761563647E-26  0.472453200976154205824547E-12 -0.578134801804255027413149E+00
      5
  0.000000000000000000000000E+00  0.707972313402312591890109E+00  0.706240188219119824353243E+00  0.000000000000000000000000E+00
  0.000000000000000000000000E+00  0.706240188219119824353243E+00 -0.707972313402312591890109E+00  0.000000000000000000000000E+00
  0.562381897313469991672719E+00  0.000000000000000000000000E+00  0.000000000000000000000000E+00 -0.826877621884944735697331E+00
  0.826877621884944735697331E+00  0.000000000000000000000000E+00  0.000000000000000000000000E+00  0.562381897313469991672719E+00
      6
  0.000000000000000000000000E+00 -0.707894980733817624773963E+00  0.706317702066051933407209E+00  0.000000000000000000000000E+00
  0.000000000000000000000000E+00  0.706317702066051933407209E+00  0.707894980733817624773963E+00  0.000000000000000000000000E+00
 -0.521668637271186286241687E+00  0.000000000000000000000000E+00  0.000000000000000000000000E+00  0.853148189289307135041440E+00
  0.853148189289307135041440E+00  0.000000000000000000000000E+00  0.000000000000000000000000E+00  0.521668637271186286241687E+00
      7
  0.882105609658084949157797E-11  0.708097430484898371361169E+00 -0.706114742050245269844311E+00 -0.110604365174537904950538E-10
  0.884582460070998652281247E-11 -0.706114742050245380866613E+00 -0.708097430484898260338866E+00 -0.110914929425068855818999E-10
  0.510049627214869349955961E+00  0.000000000000000000000000E+00  0.198449832578531481059119E-10 -0.860144974860617805845209E+00
  0.860144974860617694822906E+00  0.000000000000000000000000E+00  0.275613904826514160492864E-11  0.510049627214869460978264E+00
      8
  0.128673032744628849138657E-10  0.708891902878095114814982E+00 -0.705317141457566854079175E+00 -0.158800583664047242097331E-10
  0.129325186742144514041480E-10 -0.705317141457566854079175E+00 -0.708891902878095114814982E+00 -0.159605433236916669101657E-10
 -0.480057470862352564378028E+00  0.000000000000000000000000E+00 -0.285086229784297794551100E-10  0.877237040183120320158139E+00
  0.877237040183120320158139E+00  0.000000000000000000000000E+00  0.519530033756601660533406E-11  0.480057470862352564378028E+00
      9
  0.000000000000000000000000E+00 -0.709747865909990061084045E+00  0.704455794806327584289818E+00  0.000000000000000000000000E+00
  0.000000000000000000000000E+00 -0.704455794806327584289818E+00 -0.709747865909990061084045E+00  0.000000000000000000000000E+00
  0.471439913876121219349358E+00  0.000000000000000000000000E+00  0.000000000000000000000000E+00 -0.881898184375313975991162E+00
  0.881898184375313975991162E+00  0.000000000000000000000000E+00  0.000000000000000000000000E+00  0.471439913876121219349358E+00
     10
  0.261260577761716118544622E-10 -0.711456685393547005880066E+00  0.702729951552392262392743E+00 -0.315810697709485698500445E-10
  0.264504998353546856123354E-10  0.702729951552392262392743E+00  0.711456685393547005880066E+00 -0.319732539801190807026915E-10
 -0.435318672777675330642921E+00  0.000000000000000000000000E+00  0.566431237799712153623352E-10  0.900276431509280050669020E+00
 -0.900276431509280050669020E+00  0.000000000000000000000000E+00  0.139068705219769286963435E-10 -0.435318672777675330642921E+00
     11
  0.293146423948307526183776E-10  0.708891902878126423104277E+00  0.705317141457535323745276E+00 -0.353361376647604071228828E-10
  0.294632179029701476320353E-10 -0.705317141457535323745276E+00  0.708891902878126423104277E+00 -0.355152319391681597803898E-10
 -0.428959051804852276035263E+00 -0.136890201240828831758223E-25  0.630847565156857155693058E-10  0.903323935183100390489130E+00
 -0.903323935183100390489130E+00 -0.115609245956024979408862E-25  0.160535755533516096214339E-10 -0.428959051804852276035263E+00
     12
 -0.654315088440436895982991E-10  0.708362352672393780217419E+00 -0.705848976280642692593403E+00  0.786051386955491371020922E-10
 -0.656644963741409707919101E-10 -0.705848976280642692593403E+00 -0.708362352672393780217419E+00  0.788850346881859268429871E-10
 -0.422726747578944517247379E+00  0.312237647895251768275376E-25  0.140109416234066309474272E-09  0.906257191354268631933166E+00
 -0.906257191354268631933166E+00  0.277272106314985582478064E-25  0.369331268649788409520763E-10 -0.422726747578944517247379E+00
     13
  0.364108571953144328053262E-10 -0.708034876249769906664255E+00  0.706177466373696272050609E+00 -0.435356530368706164519047E-10
  0.365066261612914524937270E-10  0.706177466373696383072911E+00  0.708034876249769795641953E+00 -0.436501618618650469293608E-10
 -0.416572482155273149384556E+00  0.000000000000000000000000E+00  0.775247021870754979097818E-10  0.909102506382528208206395E+00
 -0.909102506382528097184093E+00  0.000000000000000000000000E+00  0.211923910780288621138801E-10 -0.416572482155273204895707E+00
     14
  0.000000000000000000000000E+00 -0.707832408520189360068287E+00 -0.706380408454614361346557E+00  0.000000000000000000000000E+00
  0.000000000000000000000000E+00  0.706380408454614361346557E+00 -0.707832408520189360068287E+00  0.000000000000000000000000E+00
  0.410468440939336542960802E+00  0.000000000000000000000000E+00  0.000000000000000000000000E+00 -0.911874804451153875284319E+00
  0.911874804451153875284319E+00  0.000000000000000000000000E+00  0.000000000000000000000000E+00  0.410468440939336542960802E+00
     15
  0.000000000000000000000000E+00 -0.707832408520189360068287E+00 -0.706380408454614361346557E+00  0.000000000000000000000000E+00
  0.000000000000000000000000E+00 -0.706380408454614361346557E+00  0.707832408520189360068287E+00  0.000000000000000000000000E+00
  0.404418371219245509351481E+00  0.000000000000000000000000E+00  0.000000000000000000000000E+00 -0.914574098157373227557798E+00
  0.914574098157373227557798E+00  0.000000000000000000000000E+00  0.000000000000000000000000E+00  0.404418371219245509351481E+00
     16
  0.000000000000000000000000E+00 -0.708034876249769906664255E+00 -0.706177466373696383072911E+00  0.000000000000000000000000E+00
  0.000000000000000000000000E+00 -0.706177466373696383072911E+00  0.708034876249769906664255E+00  0.000000000000000000000000E+00
  0.398470623924854827624387E+00  0.000000000000000000000000E+00  0.000000000000000000000000E+00 -0.917181095459853490403646E+00
  0.917181095459853490403646E+00  0.000000000000000000000000E+00  0.000000000000000000000000E+00  0.398470623924854827624387E+00
     17
  0.000000000000000000000000E+00 -0.707176810573201475307314E+00 -0.707036744863740684863274E+00  0.000000000000000000000000E+00
  0.000000000000000000000000E+00  0.707036744863740684863274E+00 -0.707176810573201475307314E+00  0.000000000000000000000000E+00
  0.392733703959456170728970E+00  0.000000000000000000000000E+00  0.000000000000000000000000E+00 -0.919652237410580220000611E+00
  0.919652237410580220000611E+00  0.000000000000000000000000E+00  0.000000000000000000000000E+00  0.392733703959456170728970E+00
     18
  0.000000000000000000000000E+00 -0.707504685654902876201788E+00 -0.706708652682530136246442E+00  0.000000000000000000000000E+00
  0.000000000000000000000000E+00  0.706708652682530136246442E+00 -0.707504685654902876201788E+00  0.000000000000000000000000E+00
  0.387394205354672505059455E+00  0.000000000000000000000000E+00  0.000000000000000000000000E+00 -0.921914166100956444793724E+00
  0.921914166100956444793724E+00  0.000000000000000000000000E+00  0.000000000000000000000000E+00  0.387394205354672505059455E+00
     19
  0.000000000000000000000000E+00 -0.708362352672365802597199E+00 -0.705848976280670781235926E+00  0.000000000000000000000000E+00
  0.000000000000000000000000E+00  0.705848976280670781235926E+00 -0.708362352672365802597199E+00  0.000000000000000000000000E+00
  0.382735528533117763672067E+00  0.000000000000000000000000E+00  0.000000000000000000000000E+00 -0.923857951851081216076977E+00
  0.923857951851081216076977E+00  0.000000000000000000000000E+00  0.000000000000000000000000E+00  0.382735528533117763672067E+00
     20
  0.000000000000000000000000E+00 -0.709421055710424020013249E+00 -0.704784907411266536847450E+00  0.000000000000000000000000E+00
  0.000000000000000000000000E+00  0.704784907411266536847450E+00 -0.709421055710424020013249E+00  0.000000000000000000000000E+00
  0.379153970095533587869596E+00  0.000000000000000000000000E+00  0.000000000000000000000000E+00 -0.925333597661294970926349E+00
  0.925333597661294970926349E+00  0.000000000000000000000000E+00  0.000000000000000000000000E+00  0.379153970095533587869596E+00
     21
  0.292303882679310103166392E-09  0.707106781186547461715008E+00 -0.707106781186547572737311E+00 -0.344901537297733911062911E-09
 -0.292303882679310051467604E-09  0.707106781186547572737311E+00  0.707106781186547461715008E+00  0.344901537297733859364122E-09
  0.377164581962121603364579E+00  0.000000000000000000000000E+00  0.607653538132151851536019E-09 -0.926146250930887315888640E+00
 -0.926146250930887315888640E+00  0.000000000000000000000000E+00 -0.198882975930463993705763E-09 -0.377164581962121603364579E+00
     22
 -0.166432372444224100097754E-09 -0.707106781186547794781916E+00  0.707106781186547017625799E+00  0.270284658659767176179572E-09
  0.166432372444223970850784E-09 -0.707106781186547017625799E+00 -0.707106781186547794781916E+00 -0.270284658659767434673514E-09
  0.377377435091078738960135E+00 -0.135951970566344349399266E-24  0.442800884967719508200136E-09 -0.926059539923907326652852E+00
  0.926059539923907326652852E+00 -0.174496387942949660100550E-24  0.737186467610752707241040E-10  0.377377435091078738960135E+00
     23
  0.385530389344843309900248E-10 -0.707106781186546906603496E+00  0.707106781186548016826521E+00 -0.101729802355588552894627E-09
  0.385530389344841565066143E-10  0.707106781186548016826521E+00  0.707106781186546906603496E+00 -0.101729802355588346099474E-09
  0.380393981332405872741731E+00  0.521972659011534555621155E-25 -0.153792233473252733312758E-09 -0.924824534150171184698763E+00
 -0.924824534150171184698763E+00 -0.673201624842150885999254E-25 -0.430300055026887495321830E-11 -0.380393981332405872741731E+00
     24
  0.266405322257540985714538E-10 -0.707106781186547239670404E+00 -0.707106781186547794781916E+00  0.134837520571505430815610E-09
  0.266405322257539143945205E-10  0.707106781186547794781916E+00 -0.707106781186547239670404E+00  0.134837520571505327418033E-09
 -0.386497792770579107202167E+00 -0.704351545321309278082720E-25  0.161309164867591272880979E-09  0.922290331828036991090869E+00
 -0.922290331828036991090869E+00 -0.902022163064157906805212E-25 -0.108448658440929877736741E-09 -0.386497792770579107202167E+00
     25
 -0.351890841222033551980115E-09 -0.707106781186547239670404E+00  0.707106781186547794781916E+00 -0.417151312142216060810619E-09
 -0.351890841222032724799502E-09  0.707106781186547794781916E+00  0.707106781186547239670404E+00 -0.417151312142215854015466E-09
 -0.394870400272686661313770E+00  0.220938943863926461939361E-24  0.345493740513119858268385E-09  0.918736832280326098931766E+00
 -0.918736832280326098931766E+00  0.278050670163250877742792E-24 -0.690158640083815692440718E-09 -0.394870400272686661313770E+00
     26
 -0.183106543867385630763411E-08  0.707106781186549127049545E+00 -0.707106781186546018425076E+00 -0.980080552478321168922505E-09
 -0.183106543867386457944024E-08 -0.707106781186545907402774E+00 -0.707106781186549238071848E+00 -0.980080552478325511620721E-09
 -0.402039198946145204249802E+00  0.000000000000000000000000E+00 -0.228004626502441869085116E-09  0.915622456316325883385332E+00
 -0.915622456316326105429937E+00  0.000000000000000000000000E+00  0.292826434946959082157214E-08 -0.402039198946145093227500E+00
     27
  0.175002354438325340555850E-08  0.707106781186547239670404E+00 -0.707106781186547794781916E+00  0.118089376886526793371982E-08
  0.175002354438325175119727E-08 -0.707106781186547794781916E+00 -0.707106781186547239670404E+00  0.118089376886526689974406E-08
 -0.400443654331118670253176E+00  0.000000000000000000000000E+00  0.539228780201380896181362E-09  0.916321384507607916702909E+00
  0.916321384507607916702909E+00  0.000000000000000000000000E+00  0.293656575273961206955018E-08  0.400443654331118670253176E+00
     28
  0.291981227411532782530764E-08  0.707106781186547350692706E+00  0.707106781186547572737311E+00  0.161545463572510374225783E-08
  0.291981227411532823889795E-08 -0.707106781186547683759613E+00  0.707106781186547239670404E+00  0.161545463572510250148691E-08
  0.381709784405012353403208E+00  0.832604049265777538692061E-24  0.535442650780815775139053E-09 -0.924282229889484940876798E+00
  0.924282229889484718832193E+00  0.107417235823483535703517E-23 -0.468863466727471418488596E-08  0.381709784405012464425511E+00
     29
 -0.321448908417158201755108E-08  0.707106781186547905804218E+00  0.707106781186547239670404E+00 -0.243125716037163022822520E-08
 -0.321448908417158160396077E-08 -0.707106781186547350692706E+00  0.707106781186547794781916E+00 -0.243125716037163270976704E-08
  0.347328656164549054441437E+00  0.121179385049873017306848E-23 -0.164531201571192990928157E-08 -0.937743464177132168835271E+00
 -0.937743464177132057812969E+00 -0.171456499401486146626788E-23 -0.545718364122055260892444E-08 -0.347328656164548998930286E+00
     30
 -0.145551868841966162835936E-08  0.707106781186547572737311E+00  0.707106781186547683759613E+00 -0.120268753112529037260561E-08
 -0.145551868841966204194966E-08 -0.707106781186547350692706E+00  0.707106781186547905804218E+00 -0.120268753112529037260561E-08
 -0.310604893019411798515961E+00  0.000000000000000000000000E+00  0.977377365803112073562172E-09  0.950539110417030541633210E+00
 -0.950539110417030985722420E+00  0.000000000000000000000000E+00 -0.248489841379908061893911E-08 -0.310604893019411687493658E+00
     31
  0.448849244806423454834939E-09 -0.707106781186547683759613E+00 -0.707106781186547461715008E+00  0.367493727931781092427470E-09
 -0.448849244806424178617975E-09 -0.707106781186547461715008E+00  0.707106781186547683759613E+00 -0.367493727931781247523834E-09
 -0.281853290237286502328828E+00  0.174555946597001675999462E-24  0.319732417139651697542780E-09  0.959457514839722303001679E+00
 -0.959457514839722303001679E+00  0.303480162865219946834652E-24 -0.755516969790884851952126E-09 -0.281853290237286502328828E+00
     32
  0.150161414023389378059177E-08  0.707106781186547572737311E+00  0.707106781186547350692706E+00  0.818041314447029207691913E-09
 -0.150161414023389398738693E-08  0.707106781186547461715008E+00 -0.707106781186547461715008E+00 -0.818041314447029414487066E-09
  0.262041096226134917479555E+00  0.000000000000000000000000E+00  0.559988475687556430080006E-09 -0.965056715374078666336288E+00
  0.965056715374078555313986E+00  0.000000000000000000000000E+00 -0.235254886106161931104372E-08  0.262041096226134972990707E+00
     33
 -0.527083506780679670657405E-09  0.707106781186548016826521E+00  0.707106781186546573536589E+00 -0.263504978616021499216790E-09
 -0.527083506780682565789549E-09 -0.707106781186546684558891E+00  0.707106781186548238871126E+00 -0.263504978616021861108308E-09
 -0.248099123331252363611199E+00  0.123659504357045297572899E-24  0.176065978977837225053936E-09  0.968734651492483833656877E+00
 -0.968734651492483833656877E+00  0.244871662995345546161346E-24 -0.814557895301418885537500E-09 -0.248099123331252363611199E+00
     34
  0.974096083088096308055643E-09 -0.707106781186547017625799E+00  0.707106781186547905804218E+00  0.280895725931199571222339E-09
 -0.974096083088095687670184E-09 -0.707106781186547905804218E+00 -0.707106781186547017625799E+00 -0.280895725931199157632032E-09
 -0.236969457532471644567451E+00  0.130738468976682495472187E-24 -0.594874520676586263770431E-10  0.971517100311037218318688E+00
  0.971517100311037218318688E+00 -0.271497928941775534474428E-24 -0.143247772021573571094259E-08  0.236969457532471644567451E+00
     35
  0.494860020963470479672286E-09 -0.707106781186547905804218E+00 -0.707106781186547128648101E+00  0.169199950597481375740180E-09
  0.494860020963471203455322E-09  0.707106781186547239670404E+00 -0.707106781186547794781916E+00  0.169199950597481427438969E-09
  0.226509900030557265182551E+00 -0.783853324882520331922032E-25 -0.745454499785723523178138E-10 -0.974008862992604917963035E+00
 -0.974008862992604806940733E+00  0.170404587868735703324859E-24 -0.735848348749564291255453E-09 -0.226509900030557292938127E+00
     36
 -0.884698640752970203186906E-09  0.707106781186547794781916E+00 -0.707106781186547239670404E+00 -0.264180009937542233530723E-09
  0.884698640752971443957824E-09  0.707106781186547239670404E+00  0.707106781186547794781916E+00  0.264180009937542336928300E-09
 -0.215332560661874033991481E+00  0.121670964730712228393262E-24 -0.954284603457480833232265E-10  0.976540776577609404007774E+00
  0.976540776577609404007774E+00 -0.277937487777085560738990E-24 -0.130225159319130537819792E-08  0.215332560661874033991481E+00
     37
  0.577078506652725574484039E-09  0.707106781186547350692706E+00  0.707106781186547794781916E+00  0.200406048953249712814462E-09
  0.577078506652725264291310E-09 -0.707106781186547794781916E+00  0.707106781186547350692706E+00  0.200406048953249583567492E-09
  0.202543564150515414956644E+00  0.000000000000000000000000E+00  0.112244334544190026760989E-09 -0.979273253296140011592286E+00
  0.979273253296140011592286E+00  0.000000000000000000000000E+00 -0.856601287164133772064025E-09  0.202543564150515414956644E+00
     38
 -0.485754542511873064253044E-09  0.707106781186547794781916E+00 -0.707106781186547239670404E+00 -0.227881474294302697015743E-09
  0.485754542511873891433657E-09  0.707106781186547239670404E+00  0.707106781186547794781916E+00  0.227881474294302774563926E-09
 -0.187577490077106889820868E+00  0.103197020888844315855262E-24 -0.187694305887062799322666E-09  0.982249807949267417228612E+00
  0.982249807949267417228612E+00 -0.267999372743876278196874E-24 -0.735218152205522317396151E-09  0.187577490077106889820868E+00
     39
 -0.528996065273830779999191E-09  0.707106781186547794781916E+00 -0.707106781186547128648101E+00 -0.365315217246126360145515E-09
  0.528996065273831090191921E-09  0.707106781186547128648101E+00  0.707106781186547683759613E+00  0.365315217246126670338245E-09
  0.170113531820813956851879E+00  0.000000000000000000000000E+00  0.381839291071492943404774E-09 -0.985424470109936390116445E+00
 -0.985424470109936279094143E+00  0.000000000000000000000000E+00  0.825095759268061074000030E-09 -0.170113531820813984607454E+00
     40
 -0.210472263499412717180801E-09 -0.707106781186546462514286E+00  0.707106781186548682960336E+00 -0.225688782516934018646495E-09
 -0.210472263499412536235042E-09  0.707106781186548682960336E+00  0.707106781186546462514286E+00 -0.225688782516933294863459E-09
  0.150033309008003878926019E+00  0.997386106316914262738443E-25 -0.270901568752978417752486E-09 -0.988680942563428311053997E+00
 -0.988680942563428311053997E+00 -0.316100762398873450076988E-24 -0.342170142841911210348616E-09 -0.150033309008003878926019E+00
     41
  0.843347107856212485364659E-10  0.707106781186547461715008E+00 -0.707106781186547572737311E+00  0.236790616337899258152969E-09
  0.843347107856212356117688E-10 -0.707106781186547572737311E+00 -0.707106781186547461715008E+00  0.236790616337899206454181E-09
 -0.127387588103620580382014E+00  0.000000000000000000000000E+00  0.316951127022848343497703E-09  0.991853014512302899596818E+00
  0.991853014512302899596818E+00  0.000000000000000000000000E+00  0.160954223109861746351297E-09  0.127387588103620580382014E+00
     42
  0.615881546869765083063937E-10 -0.707106781186547461715008E+00  0.707106781186547683759613E+00 -0.245414392230166609290156E-09
  0.615881546869765212310908E-10  0.707106781186547683759613E+00  0.707106781186547461715008E+00 -0.245414392230166609290156E-09
  0.102353790953405493491246E+00  0.000000000000000000000000E+00 -0.354160494904457152472597E-09 -0.994748059298165454578111E+00
  0.994748059298165454578111E+00  0.000000000000000000000000E+00 -0.511178242065930216476966E-10  0.102353790953405493491246E+00
     43
  0.222854974119835620102311E-09 -0.707106781186547461715008E+00  0.707106781186547239670404E+00 -0.253200210276564962438183E-09
  0.222854974119834741222910E-09  0.707106781186547461715008E+00  0.707106781186547461715008E+00 -0.253200210276564910739395E-09
 -0.751787017733322737722546E-01 -0.106517566304764938121806E-24  0.380759503265740421121939E-09  0.997170077168221147267957E+00
 -0.997170077168221036245654E+00 -0.624804781980090617944882E-24  0.287352819024834288854967E-09 -0.751787017733322876500424E-01
     44
 -0.539826495353957806964556E-09  0.707106781186547239670404E+00  0.707106781186548016826521E+00  0.617331873289525897866725E-09
  0.539826495353957289976673E-09  0.707106781186547794781916E+00 -0.707106781186547461715008E+00 -0.617331873289525277481266E-09
 -0.461121679923777449960909E-01  0.000000000000000000000000E+00 -0.907313812802415596384692E-09  0.998936268218870271340393E+00
 -0.998936268218870604407300E+00  0.000000000000000000000000E+00 -0.722359585837500194803600E-09 -0.461121679923777311183031E-01
     45
  0.742979803429652213916920E-09 -0.707106781186547461715008E+00 -0.707106781186547461715008E+00 -0.696211383981246720021091E-09
  0.742979803429662657072154E-09  0.707106781186547461715008E+00 -0.707106781186547461715008E+00 -0.696211383981247133611398E-09
  0.153472157980555860140592E-01 -0.281712923990920459251853E-24  0.100060143499865099315656E-08 -0.999882224548095388527713E+00
  0.999882224548095388527713E+00 -0.744559493740094877199511E-23  0.103549773566481574277488E-08  0.153472157980555894835062E-01
     46
 -0.734843018011777439175386E-09  0.707106781186547350692706E+00 -0.707106781186547683759613E+00  0.299415118459863278713268E-09
 -0.734843018011777335777809E-09 -0.707106781186547683759613E+00 -0.707106781186547350692706E+00  0.299415118459863175315691E-09
 -0.170172671147347659426075E-01  0.000000000000000000000000E+00 -0.405690840874837476928139E-09 -0.999855195825848475088549E+00
 -0.999855195825848475088549E+00  0.000000000000000000000000E+00  0.104627999535865135654045E-08  0.170172671147347694120544E-01
     47
 -0.888424992208832608488068E-09  0.707106781186547572737311E+00 -0.707106781186547461715008E+00  0.330242704970363352204434E-09
 -0.888424992208832711885645E-09 -0.707106781186547350692706E+00 -0.707106781186547794781916E+00  0.330242704970363403903222E-09
 -0.509737716841673280110392E-01  0.000000000000000000000000E+00 -0.402381951019634068240660E-09 -0.998699992290122295912624E+00
 -0.998699992290122628979532E+00  0.000000000000000000000000E+00  0.127859600554367810414849E-08  0.509737716841673141332514E-01
     48
  0.101871343463587280900621E-08  0.707106781186547572737311E+00  0.707106781186547239670404E+00 -0.368633803794200768827464E-09
 -0.101871343463587218862075E-08  0.707106781186547461715008E+00 -0.707106781186547239670404E+00  0.368633803794200923923829E-09
  0.865550269107541181412557E-01 -0.140197345610905358232548E-24  0.394672497164291646490748E-09  0.996247071421782814937274E+00
  0.996247071421782481870366E+00 -0.543073909378017580994369E-24 -0.148039472665652135510866E-08 -0.865550269107541458968313E-01
     49
 -0.111697933323439108735777E-08  0.707106781186547461715008E+00 -0.707106781186547461715008E+00  0.410714688032835336238835E-09
 -0.111697933323439046697231E-08 -0.707106781186547461715008E+00 -0.707106781186547461715008E+00  0.410714688032835439636411E-09
 -0.123737266349298255518896E+00 -0.153191299163670397431794E-24 -0.380913320897251117806041E-09 -0.992315014960674091071269E+00
  0.992315014960674091071269E+00  0.380382711309185737585021E-24 -0.163937898696066631546871E-08 -0.123737266349298255518896E+00
     50
 -0.117555914136456420170541E-08  0.707106781186547461715008E+00 -0.707106781186547461715008E+00  0.450260447664258457407703E-09
 -0.117555914136456420170541E-08 -0.707106781186547572737311E+00 -0.707106781186547461715008E+00  0.450260447664258457407703E-09
  0.162319716401117530857334E+00  0.000000000000000000000000E+00  0.358464622029562363661131E-09  0.986738217394796612857988E+00
  0.986738217394796501835685E+00  0.000000000000000000000000E+00 -0.174380349979761785042135E-08 -0.162319716401117558612910E+00
     51
  0.000000000000000000000000E+00 -0.100000000000000000000000E+01  0.000000000000000000000000E+00  0.000000000000000000000000E+00
  0.168098926603808471951005E-08  0.000000000000000000000000E+00  0.100000000000000000000000E+01 -0.678598904191035348017949E-09
 -0.201826159254752418581447E+00  0.000000000000000000000000E+00 -0.325366654676411155843904E-09 -0.979421360518788808313673E+00
  0.979421360518788808313673E+00  0.000000000000000000000000E+00 -0.178335580446786205472914E-08 -0.201826159254752418581447E+00
     52
  0.000000000000000000000000E+00  0.100000000000000000000000E+01  0.000000000000000000000000E+00  0.000000000000000000000000E+00
 -0.174301606746632108529198E-08  0.000000000000000000000000E+00  0.100000000000000022204460E+01  0.222934812315179745775158E-08
  0.241489234098339944356582E+00  0.000000000000000000000000E+00 -0.174244762963876785348596E-08  0.970403498455460700178321E+00
 -0.970403498455460811200624E+00  0.000000000000000000000000E+00 -0.222979235279546342986590E-08  0.241489234098339972112157E+00
     53
 -0.137782017592423112591001E-22  0.999999999999999888977698E+00 -0.851985196616350379585825E-14  0.524659835808786450513012E-23
  0.151058811222639705675881E-08  0.829780736123847248777353E-14  0.999999999999999888977698E+00 -0.681899308803558434545567E-09
 -0.280357907970423814170147E+00 -0.523637282072899142783222E-24 -0.231046780782929702288763E-09 -0.959895537774005602749128E+00
  0.959895537774005602749128E+00  0.324465056137280559972876E-24 -0.164118265200322126717451E-08 -0.280357907970423814170147E+00
     54
  0.000000000000000000000000E+00 -0.100000000000000000000000E+01  0.000000000000000000000000E+00  0.000000000000000000000000E+00
 -0.132514205250143642924595E-08  0.000000000000000000000000E+00 -0.100000000000000000000000E+01  0.630167157268360694347293E-09
  0.317514598413383808406252E+00  0.000000000000000000000000E+00  0.176806157316312114387644E-09  0.948253383750560452369882E+00
  0.948253383750560452369882E+00  0.000000000000000000000000E+00 -0.145665781238529087196567E-08 -0.317514598413383808406252E+00
     55
 -0.355112695637595601187208E-23  0.100000000000000000000000E+01 -0.319122065151461145575989E-14  0.158448741465037386766856E-23
  0.108268540474706576120688E-08  0.319122065151461145575989E-14  0.100000000000000000000000E+01 -0.536070277014469006103745E-09
 -0.352323145820677863238046E+00 -0.151973723044092051225967E-24 -0.120241471514844779816366E-09 -0.935878411397026210849504E+00
  0.935878411397026210849504E+00  0.454066179443704233537715E-25 -0.120213186301613075661047E-08 -0.352323145820677863238046E+00
     56
 -0.405974526100708356211271E-23  0.100000000000000000000000E+01 -0.500446190168416648512261E-14  0.185214367728442221930560E-23
  0.797413972135531715703364E-09  0.500446190168416727398352E-14  0.999999999999999888977698E+00 -0.390785133514727563611081E-09
  0.384609861588577239821518E+00  0.122145603387549763627667E-24  0.540324458687551455345590E-10  0.923079224318701485607619E+00
  0.923079224318701374585316E+00  0.239838720105266151603148E-25 -0.886375882006972338608475E-09 -0.384609861588577295332669E+00
     57
 -0.373045151942241259036771E-22 -0.100000000000000000000000E+01 -0.286150264935037601288362E-13 -0.196682636141106663406364E-22
  0.130828998897564557995394E-08 -0.286150264935037601288362E-13  0.100000000000000000000000E+01  0.694906959595873193048258E-09
  0.414719339183403923332349E+00  0.251861363767420193091175E-24 -0.117490331502906374367387E-08  0.909949377552004667890628E+00
  0.909949377552004667890628E+00  0.305354603648513630308043E-25 -0.902286306048359376105618E-09 -0.414719339183403923332349E+00
     58
  0.201997448362693418511632E-09 -0.648385837798397514504654E-14  0.100000000000000000000000E+01  0.124831627146733736050329E-09
 -0.133812994254724245480358E-23 -0.100000000000000000000000E+01 -0.648385837798397514504654E-14 -0.858202827293124614611225E-24
 -0.443439947097069575576711E+00  0.563474468909282770736771E-25  0.201460884433201532000075E-09 -0.896304085296138808303112E+00
  0.896304085296138808303112E+00 -0.381609973350626689542221E-26 -0.125695907558632535147546E-09 -0.443439947097069575576711E+00
     59
 -0.185680787180935744425679E-08  0.303905695760965983012224E-14 -0.100000000000000000000000E+01  0.488929618550412452611333E-09
 -0.548838832368341147098017E-23 -0.100000000000000000000000E+01 -0.303905695760965983012224E-14  0.175407443557435403367851E-23
  0.471818790389702424903362E+00  0.309384154194256897054211E-24 -0.444989831347901404780899E-09  0.881695542143203669915863E+00
  0.881695542143203669915863E+00  0.973499385588647713391800E-26 -0.186782550228874295638906E-08 -0.471818790389702424903362E+00
     60
  0.121837279359549565165499E-09  0.336848820638246055554159E-14 -0.100000000000000000000000E+01 -0.958008651590016155583366E-09
 -0.660778676935759324870276E-24 -0.999999999999999888977698E+00 -0.314644360145742924745686E-14 -0.470573347980214331659741E-23
 -0.500872316474823553456019E+00  0.171779477983498332356536E-23  0.768151752303679414123330E-09 -0.865521185523002722916885E+00
 -0.865521185523002611894583E+00  0.161620811391199678838734E-25 -0.585292951181294835472530E-09  0.500872316474823442433717E+00
     61
 -0.195452234250938563640576E-08 -0.944937259122235681424043E-15 -0.100000000000000000000000E+01  0.128583083250607526035891E-08
  0.531188066370781641900578E+00  0.135525271560688054250932E-19  0.512062946868316467351182E-10  0.847253939586751103618667E+00
  0.000000000000000000000000E+00  0.100000000000000000000000E+01 -0.944937259128699607681424E-15 -0.135525271560688054250932E-19
  0.847253939586751103618667E+00 -0.213524578853307380727366E-26 -0.233899474830024255459312E-08 -0.531188066370781641900578E+00
     62
  0.000000000000000000000000E+00  0.000000000000000000000000E+00  0.100000000000000000000000E+01  0.000000000000000000000000E+00
  0.531963374900045526949555E+00  0.000000000000000000000000E+00  0.000000000000000000000000E+00  0.846767363426905728118754E+00
  0.000000000000000000000000E+00 -0.100000000000000000000000E+01  0.000000000000000000000000E+00  0.000000000000000000000000E+00
 -0.846767363426905728118754E+00  0.000000000000000000000000E+00  0.000000000000000000000000E+00  0.531963374900045526949555E+00
     63
 -0.375781693153310681395490E-08  0.938063671492458797155522E-15 -0.100000000000000000000000E+01  0.264144235718751281294945E-08
  0.532736403097209154644531E+00 -0.330557804742001891497000E-22  0.233477336827023155548480E-09  0.846281232696937335546750E+00
  0.211317189536509900030635E-22  0.100000000000000000000000E+01  0.938063671492471418930006E-15  0.254987670729383509448082E-22
  0.846281232696937224524447E+00  0.398234676728591832806690E-26 -0.458736225751178312917418E-08 -0.532736403097209265666834E+00
     64
  0.135251991795323696288328E-08  0.000000000000000000000000E+00  0.100000000000000000000000E+01 -0.837353030319702683127893E-09
  0.533507147329204456376317E+00  0.000000000000000000000000E+00 -0.133495706919555235793972E-10  0.845795556708980655891139E+00
  0.000000000000000000000000E+00  0.100000000000000000000000E+01  0.000000000000000000000000E+00  0.000000000000000000000000E+00
  0.845795556708980655891139E+00  0.000000000000000000000000E+00 -0.159068916347857074945730E-08 -0.533507147329204345354015E+00
     65
  0.105429424825057110993862E-08  0.931240344078004281007316E-15 -0.100000000000000000000000E+01 -0.893952900482420205098041E-09
  0.534275607928698215154384E+00  0.542455214007160758117420E-23 -0.192383872556324248240684E-09  0.845310342284074867080790E+00
 -0.387898304487276844329450E-23  0.100000000000000000000000E+01  0.931240344078004281007316E-15 -0.375359235300644090958970E-23
 -0.845310342284074867080790E+00  0.121160945750031092675537E-26 -0.136882315506999057142366E-08  0.534275607928698215154384E+00
     66
 -0.827314337807359271339110E-09  0.000000000000000000000000E+00  0.100000000000000000000000E+01  0.612358818186827396192604E-09
 -0.535041804505055007545877E+00  0.000000000000000000000000E+00  0.746886400173778169396450E-10 -0.844825584030203580176988E+00
  0.000000000000000000000000E+00  0.100000000000000000000000E+01  0.000000000000000000000000E+00  0.000000000000000000000000E+00
 -0.844825584030203691199290E+00  0.000000000000000000000000E+00 -0.102657388570193299830261E-08  0.535041804505055118568180E+00
     67
  0.852865571444313687610861E-09  0.924469035176716664197046E-15 -0.999999999999999888977698E+00 -0.548237387704955043938749E-09
 -0.535805747411089994258759E+00 -0.219089804817885043712569E-23  0.592930297816034439300691E-11 -0.844341282326787068157614E+00
 -0.196178640347911738081838E-23  0.100000000000000000000000E+01  0.924469035176717453057951E-15 -0.134339075291829193457683E-23
 -0.844341282326786957135312E+00  0.659892755536675032009864E-27 -0.101385816604218723542406E-08  0.535805747411090105281062E+00
     68
 -0.881957751679983794737051E-09  0.000000000000000000000000E+00  0.100000000000000000000000E+01  0.478857720624259472756807E-09
  0.536567428291298775810958E+00  0.000000000000000000000000E+00  0.691420287902428889908111E-10  0.843857449393475289589617E+00
  0.000000000000000000000000E+00 -0.100000000000000000000000E+01  0.000000000000000000000000E+00  0.000000000000000000000000E+00
 -0.843857449393475178567314E+00  0.000000000000000000000000E+00 -0.100118588710426900435124E-08  0.536567428291298997855563E+00
     69
  0.607098110065228629751789E-09  0.189286221975788138187994E-14 -0.999999999999999888977698E+00 -0.305653840556332954150504E-09
  0.537326875914066692807580E+00  0.187500123240433981535680E-23  0.684296061607620950230877E-10  0.843374073837006799081450E+00
  0.197511213207484763673919E-23 -0.999999999999999888977698E+00 -0.167081761483285007379522E-14  0.100312336986563437610440E-23
 -0.843374073837006799081450E+00  0.663560994884616374616172E-27 -0.676246829561730097559283E-09  0.537326875914066692807580E+00
     70
  0.625798344339228708363196E-09 -0.914413123498891800392882E-15 -0.100000000000000000000000E+01 -0.261034094518182202804055E-09
  0.538084082523521911589626E+00 -0.687985691553130288674063E-24  0.116708795290535311554651E-09  0.842891167431964238865305E+00
  0.942217348067046517839830E-24  0.100000000000000000000000E+01 -0.914413123498891603177656E-15  0.341341325474696598591245E-24
 -0.842891167431964238865305E+00 -0.255098519959949852342048E-27 -0.667938188293256811131583E-09  0.538084082523521911589626E+00
     71
 -0.172798410745790396104342E-08 -0.911088824169008591917656E-15 -0.999999999999999888977698E+00  0.135777091472237171505404E-08
 -0.538839053338059592590525E+00 -0.321172713824016910487062E-23 -0.212692696443863071319413E-09 -0.842408733690329092347326E+00
  0.330391922392527043705567E-23 -0.100000000000000000000000E+01  0.911088824169008394702430E-15  0.146919706384865323433868E-23
  0.842408733690329203369629E+00 -0.122481573316091284223944E-26 -0.218728899166573294288174E-08 -0.538839053338059592590525E+00
     72
  0.673716064588371944793212E-09  0.907778655179572329186673E-15 -0.100000000000000000000000E+01 -0.156043250760590518554017E-09
 -0.539591796440821669378352E+00 -0.334693048298828377262441E-24 -0.232154730731290602617606E-09 -0.841926774258763499503289E+00
  0.792074033266099166169195E-24 -0.100000000000000000000000E+01 -0.907778655179572329186673E-15  0.140203942027323016447021E-24
 -0.841926774258763499503289E+00  0.129052798828290778198674E-27 -0.651419344498217442656357E-09  0.539591796440821669378352E+00
     73
 -0.290233621905244418058372E-09 -0.326337378441185432273187E-15  0.100000000000000000000000E+01  0.192347407879182429338409E-09
  0.540342320056837355224388E+00  0.377270203486679773660274E-24 -0.502431190972816453675010E-11  0.841445290649127319859701E+00
  0.695171502891123806526970E-24 -0.100000000000000000000000E+01 -0.326337378441185382969381E-15  0.000000000000000000000000E+00
 -0.841445290649127319859701E+00 -0.471334703456256215233998E-24 -0.348149158970559937844520E-09  0.540342320056837355224388E+00
     74
  0.163841017673482933963483E-08  0.000000000000000000000000E+00  0.100000000000000000000000E+01 -0.143924732203283815072601E-08
 -0.541090643581611074885984E+00  0.000000000000000000000000E+00 -0.323827166821342772735635E-09 -0.840964277141685756511436E+00
  0.000000000000000000000000E+00  0.100000000000000000000000E+01  0.000000000000000000000000E+00  0.000000000000000000000000E+00
  0.840964277141685756511436E+00  0.000000000000000000000000E+00 -0.215660768969124564252530E-08 -0.541090643581611074885984E+00
     75
  0.159461399763983344511208E-08  0.000000000000000000000000E+00  0.100000000000000000000000E+01 -0.148771969588683263213767E-08
  0.541836754915705709478857E+00  0.000000000000000000000000E+00  0.386383752475741770964658E-09  0.840483748220283710672618E+00
  0.000000000000000000000000E+00 -0.100000000000000000000000E+01  0.000000000000000000000000E+00  0.000000000000000000000000E+00
  0.840483748220283821694920E+00  0.000000000000000000000000E+00 -0.214634836194436813303446E-08 -0.541836754915705820501159E+00
     76
  0.855760522213685856010059E-09  0.000000000000000000000000E+00 -0.100000000000000000000000E+01  0.184461829291793148349985E-09
 -0.542580667209200950829029E+00  0.000000000000000000000000E+00 -0.619267734618436901254821E-09 -0.840003702117328887588599E+00
  0.000000000000000000000000E+00  0.100000000000000000000000E+01  0.000000000000000000000000E+00  0.000000000000000000000000E+00
 -0.840003702117328887588599E+00  0.000000000000000000000000E+00 -0.618756584373584009956902E-09  0.542580667209200950829029E+00
     77
  0.939870391770471598121559E-09  0.000000000000000000000000E+00 -0.100000000000000022204460E+01  0.328305022935292404985346E-09
