      1
  0.185342612435611248787312E-11  0.711394449238932691237380E+00 -0.702792954996018348623465E+00 -0.238009284344492952461347E-11
  0.187611023640502481961784E-11 -0.702792954996018459645768E+00 -0.711394449238932580215078E+00 -0.240922283791194698099868E-11
 -0.620264199522342241088779E+00  0.000000000000000000000000E+00 -0.429235769133134143832510E-11  0.784392964521551272483180E+00
  0.784392964521551161460877E+00  0.000000000000000000000000E+00 -0.318010651020671957594605E-13  0.620264199522342352111082E+00
      2
  0.000000000000000000000000E+00  0.708627175177918844362068E+00  0.705583111050259725871570E+00  0.000000000000000000000000E+00
  0.000000000000000000000000E+00  0.705583111050259725871570E+00 -0.708627175177918844362068E+00  0.000000000000000000000000E+00
 -0.587690985899207651854681E+00  0.000000000000000000000000E+00  0.000000000000000000000000E+00  0.809085474528382198045051E+00
  0.809085474528382198045051E+00  0.000000000000000000000000E+00  0.000000000000000000000000E+00  0.587690985899207651854681E+00
      3
  0.295015821725240566111506E-11  0.708424877806715591610498E+00 -0.705786222948946662114622E+00 -0.367438980519497812874838E-11
 -0.296118768914917812367704E-11  0.705786222948946329047715E+00  0.708424877806715591610498E+00  0.368812689185601769985184E-11
  0.573172511511110149839965E+00  0.203072901641810401127478E-26  0.666176559413874689566540E-11 -0.819434727143075414268480E+00
  0.819434727143075414268480E+00  0.551306076787068281070789E-27  0.441032188212101372131698E-12  0.573172511511110149839965E+00
      4
 -0.392905799136669603294831E-11  0.708299822045474480880500E+00 -0.705911724006868412928384E+00  0.481416938466697094817271E-11
 -0.394234998718381147449818E-11 -0.705911724006868412928384E+00 -0.708299822045474480880500E+00  0.483045571066788091939367E-11
  0.547316383063632616590155E+00  0.000000000000000000000000E+00 -0.875398454326861261216491E-11 -0.836925789320739577092922E+00
 -0.836925789320739577092922E+00  0.000000000000000000000000E+00  0.925691079234113071074601E-12 -0.547316383063632616590155E+00
      5
  0.000000000000000000000000E+00  0.708097430484898704428076E+00  0.706114742050245047799706E+00  0.000000000000000000000000E+00
  0.000000000000000000000000E+00  0.706114742050245047799706E+00 -0.708097430484898704428076E+00  0.000000000000000000000000E+00
  0.535836277391084081500594E+00  0.000000000000000000000000E+00  0.000000000000000000000000E+00 -0.844321907705624541407019E+00
  0.844321907705624541407019E+00  0.000000000000000000000000E+00  0.000000000000000000000000E+00  0.535836277391084081500594E+00
      6
  0.000000000000000000000000E+00  0.707769827694942899043440E+00  0.706443112362680536442383E+00  0.000000000000000000000000E+00
  0.000000000000000000000000E+00 -0.706443112362680536442383E+00  0.707769827694942899043440E+00  0.000000000000000000000000E+00
  0.506355817044954581440663E+00  0.000000000000000000000000E+00  0.000000000000000000000000E+00 -0.862324641039983630363963E+00
  0.862324641039983630363963E+00  0.000000000000000000000000E+00  0.000000000000000000000000E+00  0.506355817044954581440663E+00
      7
  0.770825840230512254895787E-11 -0.707567290069680443487243E+00 -0.706645972197853078355934E+00 -0.912057001037049357703484E-11
  0.771830835165192119684673E-11  0.706645972197852967333631E+00 -0.707567290069680554509546E+00 -0.913246131730835606227688E-11
 -0.497958297155782714238370E+00  0.000000000000000000000000E+00 -0.166244521962723957603414E-10  0.867200976875437623547782E+00
  0.867200976875437845592387E+00  0.000000000000000000000000E+00  0.303217403007380823697193E-11  0.497958297155782603216068E+00
      8
 -0.111282423202764097264128E-10 -0.715524762490959420624392E+00  0.698587370528737761077309E+00  0.129875906078217523603844E-10
 -0.113980488040186603084703E-10  0.698587370528737872099612E+00  0.715524762490959309602090E+00  0.133024773665145871837373E-10
  0.476133254567954355973569E+00  0.000000000000000000000000E+00  0.239333534542934264136486E-10 -0.879373142581991396049546E+00
  0.879373142581991285027243E+00  0.000000000000000000000000E+00  0.515639158919224483601082E-11  0.476133254567954411484720E+00
      9
  0.102331526426216599112169E-15  0.730380462425093024414480E+00 -0.683040540603343071524023E+00  0.393723676076600553262828E-16
 -0.109423882110753709264538E-15  0.683040540603343182546325E+00  0.730380462425092913392177E+00 -0.421011731377643372432112E-16
 -0.469761908802437122556483E+00  0.000000000000000000000000E+00  0.848161406832732984345973E-16  0.882793151898161543300603E+00
 -0.882793151898161432278300E+00  0.000000000000000000000000E+00  0.366830734509447908802562E-16 -0.469761908802437178067635E+00
     10
  0.223764606949419878127134E-10  0.711394449238932913281985E+00  0.702792954996018237601163E+00 -0.259851996329654352390130E-10
  0.226503265561122089055088E-10 -0.702792954996018237601163E+00  0.711394449238932913281985E+00 -0.263032329078510757838262E-10
 -0.441682853919340534520899E+00  0.000000000000000000000000E+00  0.472350681506302675345444E-10  0.897171252634449079010892E+00
 -0.897171252634449079010892E+00  0.000000000000000000000000E+00  0.122344711575877377836409E-10 -0.441682853919340534520899E+00
     11
 -0.248917461551980892343610E-10  0.710540484828609431033897E+00 -0.703656321949518548386493E+00  0.289067005344545753520544E-10
 -0.251352724755508913879333E-10 -0.703656321949518659408795E+00 -0.710540484828609320011594E+00  0.291895068257772204731879E-10
 -0.436371773562056475270765E+00 -0.112443328382069565308217E-25  0.523997325677132750976361E-10  0.899766455941932385975690E+00
 -0.899766455941932274953388E+00 -0.927494434147643553090368E-26  0.139028533068659231736864E-10 -0.436371773562056530781916E+00
     12
 -0.551641487505658099689167E-10 -0.710012178703550711489356E+00 -0.704189396464216299520444E+00  0.639943018306597841218938E-10
 -0.556202885720478960591567E-10  0.704189396464216299520444E+00 -0.710012178703550711489356E+00  0.645234561831523589140575E-10
 -0.431037459636088970960088E+00  0.255341989826316053817117E-25  0.115767223214439036343953E-09  0.902334033709505489717628E+00
 -0.902334033709505489717628E+00  0.220875930072341104558249E-25  0.315150266070560086662042E-10 -0.431037459636088970960088E+00
     13
 -0.304467166707368608074638E-10 -0.709685466840455303483282E+00 -0.704518657066968478908109E+00  0.352075451699903254206522E-10
 -0.306700072701934741235670E-10  0.704518657066968589930411E+00 -0.709685466840455414505584E+00  0.354657508067893410185230E-10
 -0.425654085191708719815296E+00  0.288555376551157694617744E-25  0.636158917523949633910731E-10  0.904885959532807371274998E+00
 -0.904885959532807371274998E+00  0.261426169664959972902728E-25  0.178342629709107107494875E-10 -0.425654085191708719815296E+00
     14
  0.000000000000000000000000E+00  0.709281423997113136259429E+00 -0.704925429795682290112779E+00  0.000000000000000000000000E+00
  0.000000000000000000000000E+00 -0.704925429795682290112779E+00 -0.709281423997113136259429E+00  0.000000000000000000000000E+00
  0.420224226714649651270861E+00  0.000000000000000000000000E+00  0.000000000000000000000000E+00 -0.907420299134901853221891E+00
  0.907420299134901853221891E+00  0.000000000000000000000000E+00  0.000000000000000000000000E+00  0.420224226714649651270861E+00
     15
  0.000000000000000000000000E+00  0.709156520729690931226230E+00 -0.705051082622074609673746E+00  0.000000000000000000000000E+00
  0.000000000000000000000000E+00  0.705051082622074609673746E+00  0.709156520729690931226230E+00  0.000000000000000000000000E+00
  0.414791563706178700865479E+00  0.000000000000000000000000E+00  0.000000000000000000000000E+00 -0.909916456977333365507832E+00
  0.909916456977333365507832E+00  0.000000000000000000000000E+00  0.000000000000000000000000E+00  0.414791563706178700865479E+00
     16
  0.000000000000000000000000E+00  0.709156520729690931226230E+00 -0.705051082622074609673746E+00  0.000000000000000000000000E+00
  0.000000000000000000000000E+00  0.705051082622074609673746E+00  0.709156520729690931226230E+00  0.000000000000000000000000E+00
  0.409457094068128413244523E+00  0.000000000000000000000000E+00  0.000000000000000000000000E+00 -0.912329374796889802645694E+00
  0.912329374796889802645694E+00  0.000000000000000000000000E+00  0.000000000000000000000000E+00  0.409457094068128413244523E+00
     17
  0.000000000000000000000000E+00  0.709483474571013128517905E+00 -0.704722072387861664388709E+00  0.000000000000000000000000E+00
  0.000000000000000000000000E+00 -0.704722072387861664388709E+00 -0.709483474571013128517905E+00  0.000000000000000000000000E+00
  0.404398647462159033239004E+00  0.000000000000000000000000E+00  0.000000000000000000000000E+00 -0.914582819612732800251820E+00
  0.914582819612732800251820E+00  0.000000000000000000000000E+00  0.000000000000000000000000E+00  0.404398647462159033239004E+00
     18
  0.000000000000000000000000E+00  0.709281423997113136259429E+00 -0.704925429795682290112779E+00  0.000000000000000000000000E+00
  0.000000000000000000000000E+00 -0.704925429795682290112779E+00 -0.709281423997113136259429E+00  0.000000000000000000000000E+00
  0.399893372497422239231213E+00  0.000000000000000000000000E+00  0.000000000000000000000000E+00 -0.916561667664886559059312E+00
  0.916561667664886559059312E+00  0.000000000000000000000000E+00  0.000000000000000000000000E+00  0.399893372497422239231213E+00
     19
  0.000000000000000000000000E+00  0.708954375852447249428678E+00 -0.705254346289100886302492E+00  0.000000000000000000000000E+00
  0.000000000000000000000000E+00 -0.705254346289100886302492E+00 -0.708954375852447249428678E+00  0.000000000000000000000000E+00
  0.396341274057715964307391E+00  0.000000000000000000000000E+00  0.000000000000000000000000E+00 -0.918103259158961071406679E+00
  0.918103259158961071406679E+00  0.000000000000000000000000E+00  0.000000000000000000000000E+00  0.396341274057715964307391E+00
     20
  0.000000000000000000000000E+00 -0.708424877806782982148093E+00 -0.705786222948878827487817E+00  0.000000000000000000000000E+00
  0.000000000000000000000000E+00  0.705786222948878827487817E+00 -0.708424877806782982148093E+00  0.000000000000000000000000E+00
  0.394285320669767125334459E+00  0.000000000000000000000000E+00  0.000000000000000000000000E+00 -0.918988077128500502332997E+00
  0.918988077128500502332997E+00  0.000000000000000000000000E+00  0.000000000000000000000000E+00  0.394285320669767125334459E+00
     21
 -0.204274226174876714832073E-09 -0.707442078874646496089440E+00  0.706771324430694791729479E+00  0.219471950311536788808433E-09
 -0.204468090640306128821293E-09  0.706771324430694791729479E+00  0.707442078874646496089440E+00  0.219680238029085020394396E-09
 -0.394417201649374604688347E+00  0.000000000000000000000000E+00 -0.399349752527119018114991E-09  0.918931483323471964830276E+00
 -0.918931483323471964830276E+00  0.000000000000000000000000E+00 -0.143116311718933549752568E-09 -0.394417201649374604688347E+00
     22
  0.105591952973009798121108E-09  0.708362352672365913619501E+00 -0.705848976280670448169019E+00 -0.154001183074357283987524E-09
  0.105967943207002625461645E-09 -0.705848976280670559191321E+00 -0.708362352672365802597199E+00 -0.154549548164963204214730E-09
 -0.397540292932309247131428E+00  0.000000000000000000000000E+00 -0.259667799473957969303286E-09  0.917584718429472090406307E+00
 -0.917584718429471979384004E+00  0.000000000000000000000000E+00 -0.505320996664387745083361E-10 -0.397540292932309302642579E+00
     23
  0.316038492606620447229284E-10 -0.707106781186547461715008E+00  0.707106781186547572737311E+00 -0.574982906400380463103482E-10
 -0.316038492606620382605799E-10 -0.707106781186547572737311E+00 -0.707106781186547461715008E+00  0.574982906400380333856511E-10
 -0.404415457937855549186423E+00  0.000000000000000000000000E+00  0.924437108236414965753071E-10  0.914575386384804622785794E+00
  0.914575386384804622785794E+00  0.000000000000000000000000E+00 -0.799148510654088940364510E-11  0.404415457937855549186423E+00
     24
  0.115289909027824387275145E-10 -0.707106781186544020023632E+00 -0.707106781186550681361780E+00  0.776232337676665809892464E-10
  0.115289909027827893099226E-10  0.707106781186550792384082E+00 -0.707106781186544242068237E+00  0.776232337676657925827250E-10
 -0.415306614564230291986036E+00  0.839873360759130818657131E-25  0.930896003668157761694858E-10  0.909681491456871382794702E+00
 -0.909681491456871382794702E+00  0.100387571278189784891745E-24 -0.604226914974903882968287E-10 -0.415306614564230291986036E+00
     25
 -0.217001432885480818857041E-09 -0.707106781186547683759613E+00  0.707106781186547239670404E+00 -0.262685327562486794247917E-09
 -0.217001432885480922254618E-09  0.707106781186547350692706E+00  0.707106781186547572737311E+00 -0.262685327562487001043070E-09
 -0.428856915956367878983713E+00  0.000000000000000000000000E+00  0.203986425180349215529608E-09  0.903372429088021622334281E+00
  0.903372429088021511311979E+00  0.000000000000000000000000E+00  0.436549892267987670877312E-09  0.428856915956367934494864E+00
     26
  0.122147087961705209584356E-08 -0.707106781186549127049545E+00  0.707106781186545796380472E+00  0.701265726017754423994133E-09
 -0.122147087961705416379509E-08 -0.707106781186545685358169E+00 -0.707106781186549016027243E+00 -0.701265726017757836114160E-09
  0.439983692593865993725188E+00  0.392012871464170802038920E-24  0.130550806770960627177356E-09 -0.898005762927758910407761E+00
  0.898005762927758910407761E+00  0.443530150419052348934821E-24 -0.198758303647803511642058E-08  0.439983692593865993725188E+00
     27
 -0.109330853699926453155264E-08 -0.707106781186547683759613E+00  0.707106781186547572737311E+00 -0.887079379605743934412617E-09
 -0.109330853699926391116718E-08  0.707106781186547461715008E+00  0.707106781186547794781916E+00 -0.887079379605744348002923E-09
  0.438324554196371229952689E+00 -0.492969132972669733921145E-24 -0.449858189536718718413137E-09 -0.898816769530115355912869E+00
 -0.898816769530115577957474E+00  0.557932983249598583197161E-24 -0.193961209048081536719802E-08 -0.438324554196371118930387E+00
     28
 -0.186874113483502429734844E-08 -0.707106781186547683759613E+00 -0.707106781186547572737311E+00 -0.129792536368656686360928E-08
 -0.186874113483502636529997E-08  0.707106781186547572737311E+00 -0.707106781186547683759613E+00 -0.129792536368656645001898E-08
 -0.413740907631267529342978E+00 -0.698498154339694928565291E-24 -0.577634945301311502792884E-09  0.910394673398551290688374E+00
  0.910394673398551290688374E+00  0.835730089055936462821928E-24 -0.316542998467435484635755E-08  0.413740907631267529342978E+00
     29
 -0.191687888795637163166889E-08  0.707106781186547572737311E+00  0.707106781186547461715008E+00 -0.194160884577255484814871E-08
 -0.191687888795637204525920E-08 -0.707106781186547461715008E+00  0.707106781186547572737311E+00 -0.194160884577255484814871E-08
  0.371221968240059596588765E+00  0.000000000000000000000000E+00 -0.154330579628698146954613E-08 -0.928544156352284710820300E+00
 -0.928544156352284710820300E+00  0.000000000000000000000000E+00 -0.353648785962813354843102E-08 -0.371221968240059596588765E+00
     30
 -0.849859757581894504630023E-09  0.707106781186547350692706E+00  0.707106781186547794781916E+00 -0.968872163661369905487166E-09
  0.849859757581892953666374E-09  0.707106781186547683759613E+00 -0.707106781186547461715008E+00  0.968872163661369698692013E-09
 -0.330544329127203551088598E+00 -0.475500196361489309546875E-24  0.895898545724888986112926E-09  0.943790467467142235591382E+00
 -0.943790467467142457635987E+00 -0.702789096222606425294278E-24 -0.158723535862249529924664E-08 -0.330544329127203495577447E+00
     31
  0.263615400290986316985354E-09 -0.707106781186547239670404E+00 -0.707106781186547794781916E+00  0.299069485462250925729080E-09
 -0.263615400290986161888989E-09 -0.707106781186547794781916E+00  0.707106781186547239670404E+00 -0.299069485462250718933927E-09
 -0.303989129342870256778042E+00  0.000000000000000000000000E+00  0.289602590694656012379014E-09  0.952675500493932125856134E+00
 -0.952675500493932125856134E+00  0.000000000000000000000000E+00 -0.483737131377577763658190E-09 -0.303989129342870256778042E+00
     32
  0.997352973055320497940542E-09  0.707106781186547572737311E+00  0.707106781186547572737311E+00  0.680394748115365164098159E-09
 -0.997352973055320704735695E-09  0.707106781186547461715008E+00 -0.707106781186547683759613E+00 -0.680394748115365164098159E-09
  0.290720561229548757342656E+00  0.000000000000000000000000E+00  0.510610435578136105127100E-09 -0.956808003351966251948113E+00
  0.956808003351966473992718E+00  0.000000000000000000000000E+00 -0.162928733761620837574462E-08  0.290720561229548701831504E+00
     33
  0.334874824599731323900521E-09 -0.707106781186547683759613E+00 -0.707106781186547239670404E+00  0.232632950177981284865457E-09
  0.334874824599731530695674E-09  0.707106781186547239670404E+00 -0.707106781186547683759613E+00  0.232632950177981414112427E-09
 -0.285705661688866963121569E+00  0.000000000000000000000000E+00  0.179973631065507827630682E-09  0.958317418645266538845817E+00
 -0.958317418645266538845817E+00  0.000000000000000000000000E+00 -0.547839362805850699237223E-09 -0.285705661688866963121569E+00
     34
  0.691506443697512523062588E-09 -0.707106781186547683759613E+00  0.707106781186547350692706E+00  0.253838085111381910389156E-09
 -0.691506443697513350243200E-09 -0.707106781186547350692706E+00 -0.707106781186547683759613E+00 -0.253838085111382013786733E-09
 -0.284600315276603399450295E+00  0.119093933882297551851771E-24 -0.658146427665531279862687E-10  0.958646264554584126571513E+00
  0.958646264554584126571513E+00 -0.202061436060252471838250E-24 -0.103966259096588708040634E-08  0.284600315276603399450295E+00
     35
  0.310930036223472174800666E-09 -0.707106781186547017625799E+00 -0.707106781186548016826521E+00  0.174229562171224753198262E-09
  0.310930036223471761210359E-09  0.707106781186548016826521E+00 -0.707106781186547017625799E+00  0.174229562171224494704321E-09
  0.284391344684276403675938E+00  0.000000000000000000000000E+00 -0.111170638696127062231798E-09 -0.958708278397901958456373E+00
 -0.958708278397901958456373E+00  0.000000000000000000000000E+00 -0.491638021935353899761236E-09 -0.284391344684276403675938E+00
     36
  0.591717351587562443758522E-09 -0.707106781186547572737311E+00  0.707106781186547461715008E+00  0.258447416356123514374286E-09
 -0.591717351587562443758522E-09 -0.707106781186547572737311E+00 -0.707106781186547461715008E+00 -0.258447416356123514374286E-09
 -0.282993188421403529808629E+00  0.000000000000000000000000E+00 -0.113746110929375815749238E-09  0.959121918896178593527679E+00
  0.959121918896178482505377E+00  0.000000000000000000000000E+00 -0.906041076888912462429486E-09  0.282993188421403585319780E+00
     37
  0.376388592120660881307605E-09  0.707106781186547905804218E+00  0.707106781186547128648101E+00  0.188206644448331055289095E-09
  0.376388592120661294897912E-09 -0.707106781186547128648101E+00  0.707106781186547905804218E+00  0.188206644448331287933642E-09
  0.278883577628727286068511E+00  0.000000000000000000000000E+00  0.107156281709277661443050E-09 -0.960324919039905799955648E+00
  0.960324919039905799955648E+00  0.000000000000000000000000E+00 -0.585403927110494955365266E-09  0.278883577628727286068511E+00
     38
  0.283849715876529565947029E-09 -0.707106781186547794781916E+00  0.707106781186547128648101E+00  0.216565096307661163936361E-09
 -0.283849715876529617645817E-09 -0.707106781186547128648101E+00 -0.707106781186547794781916E+00 -0.216565096307661448279697E-09
 -0.270917759066074292917392E+00 -0.100613640450857712634838E-24 -0.186062667052645725863021E-09  0.962602497307490145850295E+00
  0.962602497307490145850295E+00  0.178091164687197499933245E-24 -0.469385649773320798321788E-09  0.270917759066074292917392E+00
     39
  0.228373783034516749334946E-09  0.707106781186548349893428E+00  0.707106781186546684558891E+00  0.379355631864049125802697E-09
 -0.228373783034517783310712E-09  0.707106781186546684558891E+00 -0.707106781186548349893428E+00 -0.379355631864049901284521E-09
 -0.258270873998084737888092E+00 -0.174782722373987773265789E-24 -0.434874549093225299285390E-09  0.966072541605580092927141E+00
  0.966072541605580092927141E+00  0.322465606813721837972604E-24 -0.450571591063512809993666E-09  0.258270873998084737888092E+00
     40
  0.163892470189398859732214E-10 -0.707106781186547572737311E+00 -0.707106781186547572737311E+00  0.289428463663823092061721E-09
 -0.163892470189394820764380E-10 -0.707106781186547572737311E+00  0.707106781186547572737311E+00 -0.289428463663823092061721E-09
  0.240449727528005946508571E+00  0.131827364408148109354376E-24 -0.391731929391425713716261E-09 -0.970661593209347084432181E+00
 -0.970661593209347084432181E+00 -0.258770243879621591121353E-24 -0.120917250583068740850830E-09 -0.240449727528005946508571E+00
     41
  0.930177894327980498263529E-10  0.707106781186547905804218E+00  0.707106781186547239670404E+00 -0.315901949337391122912801E-09
  0.930177894327981273745353E-10 -0.707106781186547239670404E+00  0.707106781186547905804218E+00 -0.315901949337391433105530E-09
 -0.217326080120859105315745E+00  0.000000000000000000000000E+00  0.464663606821240113512264E-09  0.976099059982798000767446E+00
  0.976099059982798000767446E+00  0.000000000000000000000000E+00 -0.313118825389362483924226E-10  0.217326080120859105315745E+00
     42
 -0.213054581757540721154036E-09  0.707106781186547461715008E+00 -0.707106781186547461715008E+00  0.340119305698017306831289E-09
 -0.213054581757540721154036E-09 -0.707106781186547461715008E+00 -0.707106781186547461715008E+00  0.340119305698017306831289E-09
  0.189150320963203694146770E+00  0.000000000000000000000000E+00 -0.529310244509214883641903E-09 -0.981948143274132934088527E+00
  0.981948143274132934088527E+00  0.000000000000000000000000E+00 -0.204884013262039164057479E-09  0.189150320963203694146770E+00
     43
  0.338836213362900724697149E-09 -0.707106781186547461715008E+00  0.707106781186547572737311E+00 -0.362432661923649841095258E-09
  0.338836213362900724697149E-09  0.707106781186547572737311E+00  0.707106781186547461715008E+00 -0.362432661923649841095258E-09
  0.156509374724560335057078E+00  0.000000000000000000000000E+00 -0.581237895191194301203589E-09 -0.987676473154710299340309E+00
  0.987676473154710299340309E+00  0.000000000000000000000000E+00 -0.393061492675196714570513E-09  0.156509374724560335057078E+00
     44
 -0.689763984580311483458655E-09  0.707106781186546684558891E+00  0.707106781186548127848823E+00  0.641986745082240415528588E-09
  0.689763984580311380061079E-09  0.707106781186548238871126E+00 -0.707106781186546573536589E+00 -0.641986745082239174757669E-09
  0.120210693478106825371476E+00 -0.270483951421195698285647E-24  0.101858491862250916331773E-08 -0.992748401748153375123707E+00
  0.992748401748153264101404E+00 -0.966567361858686137253477E-24  0.859259565514595070774460E-09  0.120210693478106797615901E+00
     45
  0.836326740890684613181921E-09 -0.707106781186547683759613E+00 -0.707106781186547128648101E+00 -0.706159092546857413702621E-09
 -0.836326740890684923374651E-09 -0.707106781186547350692706E+00  0.707106781186547461715008E+00  0.706159092546857620497774E-09
 -0.811094544213885743078052E-01  0.000000000000000000000000E+00 -0.109130118885593111891145E-08  0.996705200349363384937362E+00
 -0.996705200349363162892757E+00  0.000000000000000000000000E+00 -0.109784740684711851155876E-08 -0.811094544213886020633808E-01
     46
  0.692058252188834514095673E-09 -0.707106781186547461715008E+00  0.707106781186547905804218E+00 -0.430210639354269120199731E-09
 -0.692058252188834100505366E-09 -0.707106781186547683759613E+00 -0.707106781186547572737311E+00  0.430210639354268861705790E-09
  0.399301647020446626168422E-01  0.000000000000000000000000E+00 -0.647004861915115104089136E-09 -0.999202472948735098690065E+00
  0.999202472948735320734670E+00  0.000000000000000000000000E+00 -0.953643378823341150851706E-09  0.399301647020446626168422E-01
     47
  0.780972490136928035878860E-09 -0.707106781186547572737311E+00  0.707106781186547683759613E+00 -0.456011759578300731166763E-09
 -0.780972490136895879232547E-09 -0.707106781186547683759613E+00 -0.707106781186547572737311E+00  0.456011759578300937961916E-09
 -0.285041079688728863153480E-02 -0.177560184073270022629644E-24 -0.641747225056212533164305E-09 -0.999995937570892889922902E+00
  0.999995937570892889922902E+00  0.227613285478109055489346E-22 -0.110629562485860882512271E-08 -0.285041079688728733049219E-02
     48
  0.845565590983886575139507E-09  0.707106781186547350692706E+00  0.707106781186547905804218E+00 -0.481562678493353882409169E-09
  0.845565590983886368344354E-09 -0.707106781186547683759613E+00  0.707106781186547461715008E+00 -0.481562678493353675614016E-09
 -0.470131843975584579053972E-01  0.000000000000000000000000E+00 -0.624060570462114447247325E-09 -0.998894268925796358082891E+00
 -0.998894268925796580127496E+00  0.000000000000000000000000E+00  0.122650580895006738777633E-08  0.470131843975584579053972E-01
     49
  0.881003499973163920737011E-09 -0.707106781186547461715008E+00  0.707106781186547572737311E+00 -0.502581186827629652863989E-09
  0.881003499973163817339434E-09  0.707106781186547572737311E+00  0.707106781186547461715008E+00 -0.502581186827629446068836E-09
  0.924915585979011467543387E-01  0.000000000000000000000000E+00  0.592472698383357026604042E-09  0.995713468618422914424571E+00
  0.995713468618422914424571E+00  0.000000000000000000000000E+00 -0.130632553789544072327049E-08 -0.924915585979011467543387E-01
     50
 -0.883848144900520479440772E-09  0.707106781186547350692706E+00 -0.707106781186547683759613E+00  0.512866055374122222838051E-09
 -0.883848144900520479440772E-09 -0.707106781186547683759613E+00 -0.707106781186547350692706E+00  0.512866055374121809247745E-09
  0.139184242400006902284915E+00 -0.186806192923805013336507E-24  0.544269041047756478168737E-09  0.990266502850387309031532E+00
  0.990266502850387309031532E+00 -0.374334600421631695033313E-24 -0.133873438609002508955987E-08 -0.139184242400006902284915E+00
     51
 -0.133289199558042685534733E-22  0.999999999999999888977698E+00 -0.966358626083650928053639E-14  0.635049338205871468077343E-23
 -0.120561629297467924525868E-08 -0.944154165591147797245166E-14 -0.999999999999999777955395E+00  0.714757108928090527466976E-09
  0.186755485377433916305279E+00  0.540235096354411244908237E-24  0.477026563366195512650650E-09  0.982406427443061391890922E+00
  0.982406427443061280868619E+00  0.711169446914851891843665E-24 -0.131788978791519174866757E-08 -0.186755485377433944060854E+00
     52
 -0.357134478039313305305631E-23 -0.100000000000000000000000E+01  0.260975046382864467037261E-14  0.416352518730692177980949E-23
  0.118219569834699347552258E-08 -0.260975046382864467037261E-14 -0.100000000000000000000000E+01 -0.172318529752156243981956E-08
 -0.234517301218019225128586E+00  0.438257119017094577303226E-24  0.139788364205562655846304E-08 -0.972111945934940657743084E+00
 -0.972111945934940768765387E+00  0.394327148336493836736445E-24 -0.155334343419544239794683E-08  0.234517301218019225128586E+00
     53
  0.247540524348668121584118E-23  0.100000000000000000000000E+01  0.239642811670305930135243E-14 -0.128502043088389627678427E-23
  0.977557161916648459257581E-09 -0.239642811670305930135243E-14  0.100000000000000000000000E+01 -0.585682516425101628414972E-09
 -0.281475196560878049290011E+00  0.151102034600808703061156E-24 -0.286844401759907114348115E-09 -0.959568503922995197363832E+00
  0.959568503922995197363832E+00 -0.940300767754349282827304E-25 -0.110288816479259242082605E-08 -0.281475196560878049290011E+00
     54
  0.209063112452039943355594E-23  0.100000000000000000000000E+01  0.249104842100568406607828E-14 -0.104343737812116014637340E-23
  0.803298685352010992148011E-09 -0.249104842100568406607828E-14  0.100000000000000000000000E+01 -0.458524412917898723036238E-09
 -0.326551234904053966356940E+00  0.122605456494308370129900E-24 -0.171069662299163318964405E-09 -0.945179501990302983749359E+00
  0.945179501990302983749359E+00 -0.524114620025344443370800E-25 -0.908993269578479584863189E-09 -0.326551234904053966356940E+00
     55
  0.000000000000000000000000E+00 -0.100000000000000000000000E+01  0.000000000000000000000000E+00  0.000000000000000000000000E+00
 -0.598551548169921876678206E-09  0.000000000000000000000000E+00 -0.999999999999999888977698E+00  0.287917651452607789415029E-09
  0.368893142115856165208498E+00  0.000000000000000000000000E+00  0.468098618519981263459940E-10  0.929471812213738313168676E+00
  0.929471812213738202146374E+00  0.000000000000000000000000E+00 -0.662547432911604701285518E-09 -0.368893142115856220719650E+00
     56
 -0.589530679655465445757412E-23  0.999999999999999888977698E+00 -0.156277636890651042538952E-13  0.104582801487210331944363E-23
  0.373201271843475325583686E-09  0.154057190841400697903668E-13  0.100000000000000000000000E+01 -0.715543588418830464885487E-10
  0.408122874413206160326695E+00  0.675117998607624367812012E-25 -0.869881597941615967435182E-10  0.912927006600583568207696E+00
  0.912927006600583568207696E+00  0.125330114680696315483686E-25 -0.369908693281454465844095E-09 -0.408122874413206160326695E+00
     57
  0.000000000000000000000000E+00  0.100000000000000000000000E+01  0.000000000000000000000000E+00  0.000000000000000000000000E+00
 -0.130609454627786197271464E-08  0.000000000000000000000000E+00 -0.100000000000000000000000E+01 -0.107489567515246445368192E-10
 -0.444422699248548380701607E+00  0.000000000000000000000000E+00  0.590087164122144092706236E-09 -0.895817204787134113708191E+00
  0.895817204787134113708191E+00  0.000000000000000000000000E+00 -0.116524488526073616584873E-08 -0.444422699248548380701607E+00
     58
  0.747057675701900579001057E-10  0.577711765010800602022340E-14 -0.100000000000000000000000E+01 -0.525598314063038835636347E-09
 -0.302353625428094641262339E-24  0.100000000000000000000000E+01  0.577711765010800602022340E-14  0.324207886980918698916903E-23
  0.478449985757244622419648E+00 -0.242401915815661856786155E-24 -0.425792687742196739564456E-09  0.878114805209940785246658E+00
 -0.878114805209940785246658E+00  0.150927757035314087777103E-25 -0.317072746415449697289368E-09  0.478449985757244622419648E+00
     59
 -0.179054397667154562056984E-08  0.592532616806553979068810E-14 -0.100000000000000000000000E+01  0.910481127846968508500247E-09
 -0.937338811753109283833727E-23 -0.999999999999999888977698E+00 -0.570328156314050848260338E-14  0.641051273863606775458976E-23
  0.511132787340830341271669E+00  0.120204672751549461352547E-23 -0.132645716235977113457258E-09  0.859501758989004938094070E+00
  0.859501758989004938094070E+00  0.343280471269134352534801E-25 -0.200435264504173343985621E-08 -0.511132787340830341271669E+00
     60
 -0.359426486225678000350136E-09  0.000000000000000000000000E+00  0.100000000000000000000000E+01  0.122892230737983477250652E-08
  0.000000000000000000000000E+00  0.100000000000000000000000E+01  0.000000000000000000000000E+00  0.000000000000000000000000E+00
  0.543397230760119587245072E+00  0.000000000000000000000000E+00 -0.836339056013475808003977E-09  0.839475699232701599861173E+00
 -0.839475699232701488838870E+00  0.000000000000000000000000E+00 -0.969522779496589620094112E-09  0.543397230760119587245072E+00
     61
  0.175080101711148797606914E-08  0.000000000000000000000000E+00  0.100000000000000022204460E+01 -0.174204918694832651756641E-08
 -0.575858517636565703234908E+00  0.000000000000000000000000E+00 -0.415997531877364071585280E-09 -0.817549367112113345434921E+00
  0.000000000000000000000000E+00 -0.100000000000000000000000E+01  0.000000000000000000000000E+00  0.000000000000000000000000E+00
  0.817549367112113456457223E+00  0.000000000000000000000000E+00 -0.243454012592478233076250E-08 -0.575858517636565814257210E+00
     62
  0.000000000000000000000000E+00  0.000000000000000000000000E+00  0.100000000000000000000000E+01  0.000000000000000000000000E+00
  0.576653742137877234341659E+00  0.000000000000000000000000E+00  0.000000000000000000000000E+00  0.816988654559157478907139E+00
  0.000000000000000000000000E+00 -0.100000000000000000000000E+01  0.000000000000000000000000E+00  0.000000000000000000000000E+00
 -0.816988654559157478907139E+00  0.000000000000000000000000E+00  0.000000000000000000000000E+00  0.576653742137877234341659E+00
     63
  0.359844465436895010334738E-08  0.000000000000000000000000E+00  0.100000000000000022204460E+01 -0.343818912868212359136848E-08
 -0.577446611071310678120483E+00  0.000000000000000000000000E+00 -0.729125744854072220938575E-09 -0.816428448403323625548467E+00
  0.000000000000000000000000E+00 -0.100000000000000000000000E+01  0.000000000000000000000000E+00  0.000000000000000000000000E+00
  0.816428448403323847593072E+00  0.000000000000000000000000E+00 -0.492324324641141862036813E-08 -0.577446611071310678120483E+00
     64
 -0.781193806671083674919988E-09 -0.927687636719978206846199E-15 -0.100000000000000000000000E+01  0.136391189300292043711549E-08
 -0.578237120898623779829961E+00 -0.102888677703955923615332E-22 -0.661057781784925094025505E-09 -0.815868759062920778646344E+00
  0.667264996040237065425275E-23 -0.100000000000000000000000E+01  0.927687636719978206846199E-15  0.713011573618248607570829E-23
  0.815868759062920778646344E+00 -0.178846508464953400783914E-26 -0.142601619838538070040901E-08 -0.578237120898623668807659E+00
     65
  0.206796954046159021443530E-08  0.924278190872354370897428E-15 -0.100000000000000000000000E+01 -0.614643971581218982145760E-09
  0.579025273078686342209664E+00  0.353800790917548510992386E-23  0.696281501311169738931631E-09  0.815309593428258816416587E+00
 -0.395935333609691435596261E-23  0.100000000000000000000000E+01  0.924278190872352793175617E-15 -0.231691137222325443947306E-23
 -0.815309593428258816416587E+00  0.762661582485986400138084E-27 -0.204192979874674872254369E-08  0.579025273078686342209664E+00
     66
 -0.154140567105316749340860E-08  0.000000000000000000000000E+00  0.100000000000000000000000E+01  0.418577381908765511448427E-09
 -0.579811088188421863698352E+00  0.000000000000000000000000E+00 -0.552687782101017266483796E-09 -0.814750944776229224508768E+00
  0.000000000000000000000000E+00 -0.100000000000000000000000E+01  0.000000000000000000000000E+00  0.000000000000000000000000E+00
 -0.814750944776229335531070E+00  0.000000000000000000000000E+00 -0.149855753406959275107109E-08  0.579811088188421974720654E+00
     67
  0.159088618153686974832534E-08 -0.917534440568318796817104E-15 -0.100000000000000000000000E+01 -0.331904194019545544297990E-09
  0.580594576892258906752886E+00 -0.129455436638012918940408E-23  0.653425944426254929745766E-09  0.814192813333118770025010E+00
 -0.221100677357404576538534E-23 -0.100000000000000000000000E+01  0.917534440568318796817104E-15 -0.749695358892709145309414E-24
 -0.814192813333118881047312E+00 -0.365188218139061968060033E-27 -0.148798996132739386724792E-08  0.580594576892258906752886E+00
     68
 -0.164725543446557224350600E-08  0.000000000000000000000000E+00  0.100000000000000000000000E+01  0.235976229305237565558062E-09
  0.581375731639212967039043E+00  0.000000000000000000000000E+00  0.765675763985424660774093E-09  0.813635212279415709346608E+00
  0.000000000000000000000000E+00 -0.100000000000000000000000E+01  0.000000000000000000000000E+00  0.000000000000000000000000E+00
 -0.813635212279415598324306E+00  0.000000000000000000000000E+00 -0.147745587806161042293216E-08  0.581375731639212967039043E+00
     69
 -0.103436177554691722201359E-08  0.000000000000000000000000E+00  0.100000000000000000000000E+01  0.182024849056766002652660E-09
 -0.582154581930092063224436E+00  0.000000000000000000000000E+00 -0.454157894166522311922048E-09 -0.813078128311049641574471E+00
  0.000000000000000000000000E+00  0.100000000000000000000000E+01  0.000000000000000000000000E+00  0.000000000000000000000000E+00
 -0.813078128311049530552168E+00  0.000000000000000000000000E+00 -0.946983355822096476831537E-09  0.582154581930092174246738E+00
     70
 -0.107242339490460935705616E-08  0.000000000000000000000000E+00  0.100000000000000000000000E+01  0.117228246790857148053584E-09
 -0.582931121521450323896829E+00  0.000000000000000000000000E+00 -0.529898363348262546502122E-09 -0.812521573597737689631515E+00
  0.000000000000000000000000E+00 -0.100000000000000000000000E+01  0.000000000000000000000000E+00  0.000000000000000000000000E+00
 -0.812521573597737689631515E+00  0.000000000000000000000000E+00 -0.939702957350676904398714E-09  0.582931121521450545941434E+00
     71
 -0.183146296743279781653985E-08  0.186520834796176889363523E-14 -0.999999999999999777955395E+00  0.164464908706583814712577E-08
 -0.583705355122743907436700E+00  0.801860601844220688843355E-23 -0.266363792410958957357536E-09 -0.811965552471920593013976E+00
 -0.741240856873173775378487E-23 -0.999999999999999888977698E+00 -0.164316374303673758555050E-14 -0.344484354050978969310206E-23
  0.811965552471920481991674E+00  0.278373555995655340754641E-26 -0.244707513930894400616862E-08 -0.583705355122744018459002E+00
     72
 -0.117000416596188504852510E-08  0.275963890996572380688457E-14  0.100000000000000000000000E+01 -0.413026343113761318985511E-10
  0.584477292394435243849671E+00  0.272040892959778870199865E-24  0.717354370010698274770204E-09  0.811410065672881541942729E+00
  0.281696930385039734233105E-23  0.999999999999999888977698E+00 -0.253759430504069289323030E-14 -0.106811886228801007144529E-24
 -0.811410065672881541942729E+00  0.949979358975223737639804E-28 -0.925212885438835116644332E-09  0.584477292394435243849671E+00
     73
  0.361306715155632185111016E-09  0.274979956349324758051473E-14 -0.100000000000000000000000E+01 -0.201548494204897459753543E-09
 -0.585246942152940152759300E+00 -0.121740993123862167315497E-23 -0.480270228796064806883844E-10 -0.810855114493725825930426E+00
 -0.159184538151722405966302E-23  0.999999999999999888977698E+00  0.252775495856821666686045E-14 -0.433171301053902944800224E-24
 -0.810855114493725936952728E+00  0.420665608363005390065638E-27 -0.410923037813821984722402E-09  0.585246942152940152759300E+00
     74
  0.178408057649261937688918E-08  0.000000000000000000000000E+00  0.100000000000000000000000E+01 -0.167126271792931008197940E-08
 -0.586014325086372855899697E+00  0.000000000000000000000000E+00 -0.308728561236037971242360E-09 -0.810300691591438138061676E+00
  0.000000000000000000000000E+00  0.100000000000000000000000E+01  0.000000000000000000000000E+00  0.000000000000000000000000E+00
  0.810300691591438249083978E+00  0.000000000000000000000000E+00 -0.242502561867620804395419E-08 -0.586014325086372855899697E+00
     75
  0.176045334523319831033453E-08 -0.143894086932782257713929E-14  0.100000000000000000000000E+01 -0.169079344046526069196990E-08
  0.586779428883603126898549E+00 -0.303742891265106251290113E-23  0.336116661779751294289560E-09  0.809746813417028921122665E+00
 -0.368060025140954676988458E-23 -0.999999999999999888977698E+00 -0.121689626440279126905456E-14  0.000000000000000000000000E+00
  0.809746813417028921122665E+00 -0.453264013936037271653695E-25 -0.241764447562818506667339E-08 -0.586779428883603126898549E+00
     76
  0.154168532583743851741156E-08 -0.126461123390299683916082E-14 -0.100000000000000022204460E+01  0.597425006478103154251131E-09
 -0.587542268346629037445439E+00 -0.942569140514594206231938E-24 -0.138923777677266104595585E-08 -0.809193476806442046900258E+00
  0.138590280211666034557047E-23  0.100000000000000000000000E+01 -0.126461123390299664194559E-14  0.000000000000000000000000E+00
 -0.809193476806442157922561E+00 -0.122721814670175299545824E-25 -0.896509355321232654410324E-09  0.587542268346629148467741E+00
     77
  0.171528275278997344109578E-08  0.000000000000000000000000E+00 -0.100000000000000000000000E+01  0.845919753190739853185916E-09
