      1
  0.217050637305054990194766E-11  0.714012030700434285890310E+00 -0.700133430151026359133937E+00 -0.284386933107208053436380E-11
 -0.221353187311132172335652E-11  0.700133430151026359133937E+00  0.714012030700434285890310E+00  0.290024276613594604166925E-11
 -0.676037230270786881902723E+00  0.167089058872930398595400E-26 -0.508880908105251716924237E-11  0.736867466568990936437444E+00
  0.736867466568990936437444E+00 -0.298194257082701601410354E-27 -0.461688124934048858232834E-12  0.676037230270786881902723E+00
      2
  0.000000000000000000000000E+00  0.708299822045474480880500E+00  0.705911724006868412928384E+00  0.000000000000000000000000E+00
  0.000000000000000000000000E+00  0.705911724006868412928384E+00 -0.708299822045474480880500E+00  0.000000000000000000000000E+00
 -0.632840435607214257807129E+00  0.000000000000000000000000E+00  0.000000000000000000000000E+00  0.774282237340151890947482E+00
  0.774282237340151890947482E+00  0.000000000000000000000000E+00  0.000000000000000000000000E+00  0.632840435607214257807129E+00
      3
  0.344355123438592400362755E-11  0.708097430484817769169581E+00 -0.706114742050326205102806E+00 -0.445416271382106320279081E-11
 -0.345322032752250574362785E-11  0.706114742050326205102806E+00  0.708097430484817769169581E+00  0.446666948697296528262959E-11
  0.613305831365680287348141E+00  0.255341363054368276889725E-26  0.797328000021287069921774E-11 -0.789845527437391892178198E+00
  0.789845527437391892178198E+00  0.624010706958342669743544E-27 -0.168392253393319781327253E-13  0.613305831365680287348141E+00
      4
 -0.455498915809255438574680E-11  0.707894980733817957840870E+00 -0.706317702066051600340302E+00  0.585132372809948158236378E-11
 -0.456516090829781144596393E-11 -0.706317702066051600340302E+00 -0.707894980733817957840870E+00  0.586439032414759199591491E-11
  0.578134801804238707134687E+00  0.000000000000000000000000E+00 -0.104878218794450758603753E-10 -0.815941266846317514449538E+00
 -0.815941266846317514449538E+00  0.000000000000000000000000E+00  0.472520707483038207638877E-12 -0.578134801804238707134687E+00
      5
  0.000000000000000000000000E+00  0.707972313402312591890109E+00  0.706240188219119824353243E+00  0.000000000000000000000000E+00
  0.000000000000000000000000E+00  0.706240188219119824353243E+00 -0.707972313402312591890109E+00  0.000000000000000000000000E+00
  0.562381897313452561171232E+00  0.000000000000000000000000E+00  0.000000000000000000000000E+00 -0.826877621884956726105997E+00
  0.826877621884956726105997E+00  0.000000000000000000000000E+00  0.000000000000000000000000E+00  0.562381897313452561171232E+00
      6
  0.000000000000000000000000E+00 -0.707894980733817624773963E+00  0.706317702066051933407209E+00  0.000000000000000000000000E+00
  0.000000000000000000000000E+00  0.706317702066051933407209E+00  0.707894980733817624773963E+00  0.000000000000000000000000E+00
 -0.521668637271166080182638E+00  0.000000000000000000000000E+00  0.000000000000000000000000E+00  0.853148189289319569539316E+00
  0.853148189289319569539316E+00  0.000000000000000000000000E+00  0.000000000000000000000000E+00  0.521668637271166080182638E+00
      7
  0.882113091671897142189903E-11  0.708097430484898371361169E+00 -0.706114742050245380866613E+00 -0.110604094943658214596297E-10
  0.884589963093439352888875E-11 -0.706114742050245380866613E+00 -0.708097430484898371361169E+00 -0.110914658435412140575703E-10
  0.510049627214848144696191E+00  0.000000000000000000000000E+00  0.198448911312608376774681E-10 -0.860144974860630240343085E+00
  0.860144974860630240343085E+00  0.000000000000000000000000E+00  0.275605871859877956920024E-11  0.510049627214848144696191E+00
      8
  0.128672720359031124036470E-10  0.708891902878095114814982E+00 -0.705317141457566743056873E+00 -0.158800942860253947463041E-10
  0.129324872773281737482171E-10 -0.705317141457566854079175E+00 -0.708891902878095003792680E+00 -0.159605794253638818253299E-10
 -0.480057470862328361516091E+00  0.000000000000000000000000E+00 -0.285087529857818551710051E-10  0.877237040183133642834434E+00
  0.877237040183133531812132E+00  0.000000000000000000000000E+00  0.519543182256893642508288E-11  0.480057470862328417027243E+00
      9
 -0.105252240396504109486572E-15  0.709747865910188457938546E+00  0.704455794806127633123083E+00 -0.406293385146210227014456E-16
  0.106042924984730534046823E-15  0.704455794806127744145385E+00 -0.709747865910188346916243E+00  0.409345575928309258541398E-16
 -0.471439913876096017286699E+00 -0.153736630475983777731954E-31  0.851064771283586761103587E-16  0.881898184375327409689760E+00
 -0.881898184375327298667457E+00  0.154536423191663442931278E-31  0.368667550142853902372342E-16 -0.471439913876096072797850E+00
     10
  0.261260577761722387022701E-10  0.711456685393582755061459E+00  0.702729951552355958099838E+00 -0.315810697709462563292687E-10
  0.264504998353580331088768E-10 -0.702729951552355958099838E+00  0.711456685393582755061459E+00 -0.319732539801199983561836E-10
 -0.435318672777644244398232E+00 -0.119676824484790563697954E-25  0.566431237799710861153645E-10  0.900276431509295038679852E+00
 -0.900276431509295038679852E+00 -0.959471373252437404298762E-26  0.139068705219818336188820E-10 -0.435318672777644244398232E+00
     11
  0.293145977650928729927286E-10  0.708891902878126423104277E+00  0.705317141457535323745276E+00 -0.353361286230760437498667E-10
  0.294631730470352058597861E-10 -0.705317141457535323745276E+00  0.708891902878126423104277E+00 -0.355152228516578030638286E-10
 -0.428959051804819802011792E+00 -0.136890166213851983851462E-25  0.630847177928208539786563E-10  0.903323935183115711566870E+00
 -0.903323935183115711566870E+00 -0.115609216374354381088829E-25  0.160535238934749867462526E-10 -0.428959051804819802011792E+00
     12
  0.654315539327671403894143E-10  0.708362352672393891239722E+00  0.705848976280642470548798E+00 -0.786051473906267874006269E-10
  0.656645416234156936096843E-10 -0.705848976280642470548798E+00  0.708362352672393891239722E+00 -0.788850434142249216199874E-10
 -0.422726747578910544422826E+00 -0.312237682434089635036464E-25  0.140109454401133227573907E-09  0.906257191354284508122419E+00
 -0.906257191354284508122419E+00 -0.277272136986064023617662E-25  0.369331795481205847544758E-10 -0.422726747578910544422826E+00
     13
  0.364107914499375896886409E-10 -0.708034876249769906664255E+00  0.706177466373696272050609E+00 -0.435356697577910609906399E-10
  0.365065602429890772781074E-10  0.706177466373696383072911E+00  0.708034876249769795641953E+00 -0.436501786267653727807877E-10
 -0.416572482155237955314675E+00  0.000000000000000000000000E+00  0.775247774274925554017473E-10  0.909102506382544195417950E+00
 -0.909102506382543973373345E+00  0.000000000000000000000000E+00  0.211924984379344781576961E-10 -0.416572482155238066336977E+00
     14
  0.292255223829617253311821E-16  0.707832408520212230662594E+00 -0.706380408454591379729948E+00  0.000000000000000000000000E+00
  0.292855968979255256712794E-16 -0.706380408454591490752250E+00 -0.707832408520212119640291E+00  0.000000000000000000000000E+00
 -0.410468440939299905600990E+00  0.671802960804113173779526E-32  0.741597329795723751891230E-16  0.911874804451170639651991E+00
 -0.911874804451170528629689E+00  0.149244164085092099407189E-31  0.164749308994741621872095E-15 -0.410468440939299961112141E+00
     15
  0.291795456655560745656606E-16 -0.707832408520189360068287E+00 -0.706380408454614250324255E+00  0.000000000000000000000000E+00
 -0.292395256730884561117105E-16 -0.706380408454614361346557E+00  0.707832408520189249045984E+00  0.000000000000000000000000E+00
 -0.404418371219207428701736E+00  0.000000000000000000000000E+00  0.730929836763453274955571E-16  0.914574098157389991925470E+00
 -0.914574098157389880903168E+00  0.000000000000000000000000E+00  0.165296520595480385356190E-15 -0.404418371219207484212887E+00
     16
  0.291159295232126707614835E-16 -0.708034876249769906664255E+00 -0.706177466373696272050609E+00  0.000000000000000000000000E+00
 -0.291925111441544805630067E-16 -0.706177466373696383072911E+00  0.708034876249769795641953E+00  0.000000000000000000000000E+00
 -0.398470623924815192662408E+00  0.000000000000000000000000E+00  0.720491772000316545500052E-16  0.917181095459870698860527E+00
 -0.917181095459870587838225E+00  0.000000000000000000000000E+00  0.165839435340096649011785E-15 -0.398470623924815248173559E+00
     17
  0.000000000000000000000000E+00 -0.707176810573201586329617E+00  0.707036744863740573840971E+00  0.000000000000000000000000E+00
  0.000000000000000000000000E+00  0.707036744863740573840971E+00  0.707176810573201586329617E+00  0.000000000000000000000000E+00
  0.392733703959414481854395E+00  0.000000000000000000000000E+00  0.000000000000000000000000E+00 -0.919652237410598094591307E+00
  0.919652237410598094591307E+00  0.000000000000000000000000E+00  0.000000000000000000000000E+00  0.392733703959414481854395E+00
     18
  0.000000000000000000000000E+00 -0.707504685654902987224091E+00  0.706708652682530136246442E+00  0.000000000000000000000000E+00
  0.000000000000000000000000E+00  0.706708652682530136246442E+00  0.707504685654902987224091E+00  0.000000000000000000000000E+00
  0.387394205354629428406099E+00  0.000000000000000000000000E+00  0.000000000000000000000000E+00 -0.921914166100974541429025E+00
  0.921914166100974541429025E+00  0.000000000000000000000000E+00  0.000000000000000000000000E+00  0.387394205354629428406099E+00
     19
  0.000000000000000000000000E+00 -0.708362352672365913619501E+00  0.705848976280670559191321E+00  0.000000000000000000000000E+00
  0.000000000000000000000000E+00  0.705848976280670559191321E+00  0.708362352672365913619501E+00  0.000000000000000000000000E+00
  0.382735528533073243728779E+00  0.000000000000000000000000E+00  0.000000000000000000000000E+00 -0.923857951851099756801489E+00
  0.923857951851099756801489E+00  0.000000000000000000000000E+00  0.000000000000000000000000E+00  0.382735528533073243728779E+00
     20
  0.000000000000000000000000E+00 -0.709421055710424242057854E+00  0.704784907411266314802845E+00  0.000000000000000000000000E+00
  0.000000000000000000000000E+00  0.704784907411266314802845E+00  0.709421055710424242057854E+00  0.000000000000000000000000E+00
  0.379153970095487069524864E+00  0.000000000000000000000000E+00  0.000000000000000000000000E+00 -0.925333597661313955740070E+00
  0.925333597661313955740070E+00  0.000000000000000000000000E+00  0.000000000000000000000000E+00  0.379153970095487069524864E+00
     21
  0.292303931301506030156830E-09  0.707106781186548127848823E+00 -0.707106781186547017625799E+00 -0.344901543621682102058670E-09
 -0.292303931301506495445925E-09  0.707106781186547017625799E+00  0.707106781186548127848823E+00  0.344901543621682619046553E-09
  0.377164581962074696441789E+00  0.000000000000000000000000E+00  0.607653572349705529218614E-09 -0.926146250930906411724663E+00
 -0.926146250930906411724663E+00  0.000000000000000000000000E+00 -0.198883036241181216406814E-09 -0.377164581962074696441789E+00
     22
  0.166432401960350846505283E-09  0.707106781186545907402774E+00 -0.707106781186549127049545E+00 -0.270284652454654698814113E-09
 -0.166432401960350071023459E-09  0.707106781186549127049545E+00  0.707106781186545907402774E+00  0.270284652454653458043194E-09
 -0.377377435091030055680505E+00  0.000000000000000000000000E+00 -0.442800850696431299046695E-09  0.926059539923926977600388E+00
 -0.926059539923926977600388E+00  0.000000000000000000000000E+00 -0.737185859151326938269946E-10 -0.377377435091030055680505E+00
     23
 -0.385530882946002759219881E-10  0.707106781186546795581194E+00 -0.707106781186548127848823E+00  0.101729808495085134964471E-09
 -0.385530882946003276207764E-10 -0.707106781186548127848823E+00 -0.707106781186546795581194E+00  0.101729808495084992792803E-09
  0.380393981332356023727925E+00 -0.521972690513099583425144E-25 -0.153792268056782391755725E-09 -0.924824534150191945869324E+00
 -0.924824534150191945869324E+00  0.673201665470638155550164E-25 -0.430293929498767427872343E-11 -0.380393981332356023727925E+00
     24
  0.266405322257377035932190E-10 -0.707106781186546573536589E+00 -0.707106781186548349893428E+00  0.134837520571495220304923E-09
  0.266405322257374774110203E-10  0.707106781186548349893428E+00 -0.707106781186546573536589E+00  0.134837520571494910112194E-09
 -0.386497792770527426320371E+00 -0.704351545321238220367568E-25  0.161309164867592849694022E-09  0.922290331828058751462152E+00
 -0.922290331828058751462152E+00 -0.902022163064213352486017E-25 -0.108448658440893688584942E-09 -0.386497792770527426320371E+00
     25
 -0.351890869686444636333788E-09 -0.707106781186546906603496E+00  0.707106781186548238871126E+00 -0.417151318327524800335793E-09
 -0.351890869686444532936212E-09  0.707106781186548238871126E+00  0.707106781186546906603496E+00 -0.417151318327523921456392E-09
 -0.394870400272634702876218E+00 -0.220938947139892107285313E-24  0.345493776493678058577034E-09  0.918736832280348525436864E+00
 -0.918736832280348525436864E+00 -0.278050674286084300818627E-24 -0.690158578521113256550591E-09 -0.394870400272634702876218E+00
     26
  0.183106549527842264224491E-08 -0.707106781186546129447379E+00  0.707106781186548905004940E+00  0.980080565002968466824235E-09
  0.183106549527841705877577E-08  0.707106781186548905004940E+00  0.707106781186546129447379E+00  0.980080565002964537716326E-09
  0.402039198946092024566923E+00 -0.521990330154569234729934E-24  0.228004699807613001917463E-09 -0.915622456316349087046547E+00
  0.915622456316349087046547E+00 -0.644465655312194853470222E-24 -0.292826422657811386779281E-08  0.402039198946092024566923E+00
     27
  0.175002356594872630472340E-08  0.707106781186547572737311E+00 -0.707106781186547461715008E+00  0.118089375630556575543386E-08
  0.175002356594872651151855E-08 -0.707106781186547461715008E+00 -0.707106781186547572737311E+00  0.118089375630556596222901E-08
 -0.400443654331063492168852E+00  0.000000000000000000000000E+00  0.539228707254783744247350E-09  0.916321384507632119564846E+00
  0.916321384507632119564846E+00  0.000000000000000000000000E+00  0.293656587530510831086064E-08  0.400443654331063492168852E+00
     28
  0.291981221593947091258220E-08  0.707106781186547239670404E+00  0.707106781186547683759613E+00  0.161545462348985716218635E-08
  0.291981221593946719026944E-08 -0.707106781186547683759613E+00  0.707106781186547239670404E+00  0.161545462348985654180089E-08
  0.381709784404951735226064E+00 -0.832604042959731564530356E-24  0.535442581435881297088519E-09 -0.924282229889510253961760E+00
  0.924282229889510253961760E+00 -0.107417235009942960548414E-23 -0.468863478985818919681026E-08  0.381709784404951735226064E+00
     29
 -0.321448902423629746626462E-08  0.707106781186547572737311E+00  0.707106781186547794781916E+00 -0.243125714887240440771003E-08
 -0.321448902423629663908401E-08 -0.707106781186547683759613E+00  0.707106781186547683759613E+00 -0.243125714887240440771003E-08
  0.347328656164479554480096E+00  0.000000000000000000000000E+00 -0.164531195277998279092808E-08 -0.937743464177157926009443E+00
 -0.937743464177158259076350E+00  0.000000000000000000000000E+00 -0.545718376430857388010097E-08 -0.347328656164479498968944E+00
     30
 -0.145551868841965666527568E-08  0.707106781186547572737311E+00  0.707106781186547794781916E+00 -0.120268753112492186364272E-08
 -0.145551868841965811284175E-08 -0.707106781186547461715008E+00  0.707106781186547905804218E+00 -0.120268753112492145005241E-08
 -0.310604893019334749038052E+00  0.582108803970464157119849E-24  0.977377365802819872010788E-09  0.950539110417055854718171E+00
 -0.950539110417056298807381E+00  0.919217234160299883959783E-24 -0.248489841379883329193595E-08 -0.310604893019334638015749E+00
     31
  0.448849244806427383942848E-09 -0.707106781186547683759613E+00 -0.707106781186547461715008E+00  0.367493727931649157119767E-09
 -0.448849244806428107725884E-09 -0.707106781186547461715008E+00  0.707106781186547683759613E+00 -0.367493727931649260517344E-09
 -0.281853290237203901735796E+00  0.174555946596934911593755E-24  0.319732417139536099052175E-09  0.959457514839746505863616E+00
 -0.959457514839746505863616E+00  0.303480162865225319211177E-24 -0.755516969790810198901843E-09 -0.281853290237203901735796E+00
     32
  0.150161420264815466886748E-08  0.707106781186547905804218E+00  0.707106781186547128648101E+00  0.818041323789710798858852E-09
 -0.150161420264815466886748E-08  0.707106781186547128648101E+00 -0.707106781186547905804218E+00 -0.818041323789711832834618E-09
  0.262041096226047931505576E+00 -0.384611442447207618561217E-24  0.559988523493832102497313E-09 -0.965056715374102314086713E+00
  0.965056715374102314086713E+00 -0.719808874253446316867709E-24 -0.235254873542091494721579E-08  0.262041096226047931505576E+00
     33
 -0.527083506780676568730108E-09  0.707106781186547461715008E+00  0.707106781186547572737311E+00 -0.263504978615910346821979E-09
 -0.527083506780676672127685E-09 -0.707106781186547572737311E+00  0.707106781186547461715008E+00 -0.263504978615910398520767E-09
 -0.248099123331162685346385E+00  0.000000000000000000000000E+00  0.176065978977761874070011E-09  0.968734651492506704251184E+00
 -0.968734651492506704251184E+00  0.000000000000000000000000E+00 -0.814557895301356950389135E-09 -0.248099123331162685346385E+00
     34
 -0.974096083088079557648239E-09  0.707106781186546906603496E+00 -0.707106781186548016826521E+00 -0.280895725931075856021974E-09
  0.974096083088075628540329E-09  0.707106781186547905804218E+00  0.707106781186546795581194E+00  0.280895725931075752624397E-09
 -0.236969457532380106679071E+00 -0.261460978667481102445196E-24 -0.594874520676297655284832E-10  0.971517100311059755846088E+00
  0.971517100311059755846088E+00  0.542962716046535821859787E-24 -0.143247772021566353943414E-08  0.236969457532380106679071E+00
     35
  0.494860068537979036643819E-09 -0.707106781186547461715008E+00 -0.707106781186547572737311E+00  0.169199946409880481118061E-09
  0.494860068537978623053513E-09  0.707106781186547683759613E+00 -0.707106781186547350692706E+00  0.169199946409880532816849E-09
  0.226509900030464061959634E+00  0.783853305482589748951836E-25 -0.745454289707019040749097E-10 -0.974008862992626567312016E+00
 -0.974008862992626456289713E+00 -0.170404583651403279195962E-24 -0.735848412939946150034100E-09 -0.226509900030464089715210E+00
     36
  0.884698593079679013681254E-09 -0.707106781186547572737311E+00  0.707106781186547461715008E+00  0.264180013977155217441307E-09
 -0.884698593079678600090947E-09 -0.707106781186547461715008E+00 -0.707106781186547572737311E+00 -0.264180013977155320838883E-09
 -0.215332560661779914834568E+00 -0.121670966591198040084153E-24 -0.954284804424972977371438E-10  0.976540776577630054156032E+00
  0.976540776577630054156032E+00  0.277937492027206884498388E-24 -0.130225152858287450284594E-08  0.215332560661779914834568E+00
     37
  0.577078506652711719208779E-09  0.707106781186547905804218E+00  0.707106781186547017625799E+00  0.200406048953148409038819E-09
  0.577078506652712236196662E-09 -0.707106781186547017625799E+00  0.707106781186547905804218E+00  0.200406048953148719231548E-09
  0.202543564150420296599009E+00 -0.916083035324805394060912E-25  0.112244334544137138900574E-09 -0.979273253296159773562124E+00
  0.979273253296159773562124E+00 -0.221724633371137043672739E-24 -0.856601287164075042240533E-09  0.202543564150420296599009E+00
     38
  0.485754559464537501954493E-09 -0.707106781186547794781916E+00  0.707106781186547461715008E+00  0.227881466969950666820382E-09
 -0.485754559464537295159340E-09 -0.707106781186547461715008E+00 -0.707106781186547794781916E+00 -0.227881466969950847766141E-09
 -0.187577490077011438396326E+00 -0.103197017571981626402458E-24 -0.187694270390399854834162E-09  0.982249807949285624886215E+00
  0.982249807949285624886215E+00  0.267999364130243746641082E-24 -0.735218282863306535580604E-09  0.187577490077011438396326E+00
     39
  0.528996065273815373760282E-09 -0.707106781186547683759613E+00  0.707106781186547350692706E+00  0.365315217245912378860805E-09
 -0.528996065273816097543318E-09 -0.707106781186547350692706E+00 -0.707106781186547683759613E+00 -0.365315217245912378860805E-09
 -0.170113531820717422959888E+00  0.163580129613805975638837E-24 -0.381839291071279117216429E-09  0.985424470109953043461815E+00
  0.985424470109953043461815E+00 -0.463792886573186337766461E-24 -0.825095759267950645388254E-09  0.170113531820717422959888E+00
     40
 -0.210472389550195617844048E-09 -0.707106781186547128648101E+00  0.707106781186548127848823E+00 -0.225688779412926414030859E-09
 -0.210472389550194816512829E-09  0.707106781186548127848823E+00  0.707106781186547128648101E+00 -0.225688779412926129687523E-09
  0.150033309007906789922515E+00 -0.997386092599367682270081E-25 -0.270901554324666963903109E-09 -0.988680942563442965997922E+00
 -0.988680942563442965997922E+00  0.316100758051600778382242E-24 -0.342170208662604845103952E-09 -0.150033309007906789922515E+00
     41
 -0.843347107856155099709663E-10 -0.707106781186546351491984E+00  0.707106781186548460915731E+00 -0.236790616337720432044292E-09
 -0.843347107856123304954868E-10  0.707106781186548460915731E+00  0.707106781186546129447379E+00 -0.236790616337719966755198E-09
  0.127387588103523824445418E+00 -0.205387318905483917435268E-24 -0.316951127022613889492833E-09 -0.991853014512315112050089E+00
 -0.991853014512315001027787E+00  0.752039297810934914446676E-24 -0.160954223109791022408924E-09 -0.127387588103523852200993E+00
     42
  0.615881546869800367486941E-10 -0.707106781186547350692706E+00  0.707106781186547905804218E+00 -0.245414392229940323693835E-09
  0.615881546869800238239971E-10  0.707106781186547905804218E+00  0.707106781186547350692706E+00 -0.245414392229940220296258E-09
  0.102353790953309708999797E+00  0.000000000000000000000000E+00 -0.354160494904134345238549E-09 -0.994748059298175335563030E+00
  0.994748059298175335563030E+00  0.000000000000000000000000E+00 -0.511178242066653999512950E-10  0.102353790953309708999797E+00
     43
 -0.222854974119837507108083E-09  0.707106781186547572737311E+00 -0.707106781186547239670404E+00  0.253200210276252443263003E-09
 -0.222854974119837558806872E-09 -0.707106781186547461715008E+00 -0.707106781186547461715008E+00  0.253200210276252494961791E-09
  0.751787017732378076706468E-01  0.000000000000000000000000E+00 -0.380759503265272805581905E-09 -0.997170077168228252695314E+00
  0.997170077168228030650710E+00  0.000000000000000000000000E+00 -0.287352819024906253568259E-09  0.751787017732378215484346E-01
     44
  0.539826495353938161425008E-09 -0.707106781186547461715008E+00 -0.707106781186547794781916E+00 -0.617331873288304669089867E-09
 -0.539826495353934852702557E-09 -0.707106781186547461715008E+00  0.707106781186547794781916E+00  0.617331873288304255499561E-09
  0.461121679922850483124286E-01  0.254814799555589794446026E-24  0.907313812800622165419101E-09 -0.998936268218874712232491E+00
  0.998936268218875045299399E+00  0.234581796007732960890955E-23  0.722359585837639161146509E-09  0.461121679922850344346408E-01
     45
 -0.742979803429601342309248E-09  0.707106781186547461715008E+00  0.707106781186547461715008E+00  0.696211383977182471478889E-09
 -0.742979803429601342309248E-09 -0.707106781186547461715008E+00  0.707106781186547461715008E+00  0.696211383977182368081312E-09
 -0.153472157979653335557746E-01  0.000000000000000000000000E+00 -0.100060143499280903008041E-08  0.999882224548096831817645E+00
 -0.999882224548096831817645E+00  0.000000000000000000000000E+00 -0.103549773566492162189329E-08 -0.153472157979653370252215E-01
     46
  0.734843018011805149725906E-09 -0.707106781186547572737311E+00  0.707106781186547461715008E+00 -0.299415118461408710591458E-09
  0.734843018011801220617996E-09  0.707106781186547572737311E+00  0.707106781186547239670404E+00 -0.299415118461408813989035E-09
  0.170172671148216547720722E-01  0.118691973021288420372739E-24  0.405690840876931277853664E-09  0.999855195825847031798617E+00
  0.999855195825846698731709E+00  0.268129070901631662670375E-23 -0.104627999535876054438131E-08 -0.170172671148216547720722E-01
     47
  0.888424992208828265789852E-09 -0.707106781186547461715008E+00  0.707106781186547794781916E+00 -0.330242704970923198382767E-09
  0.888424992208828162392276E-09  0.707106781186547572737311E+00  0.707106781186547572737311E+00 -0.330242704970923146683979E-09
  0.509737716842504282044324E-01  0.000000000000000000000000E+00  0.402381951020318560197547E-09  0.998699992290118077065131E+00
 -0.998699992290118410132038E+00  0.000000000000000000000000E+00  0.127859600554374593295872E-08  0.509737716842504143266446E-01
     48
 -0.101871337034581878834222E-08 -0.707106781186547572737311E+00 -0.707106781186547350692706E+00  0.368633798041158884738121E-09
  0.101871337034581899513737E-08 -0.707106781186547461715008E+00  0.707106781186547461715008E+00 -0.368633798041158936436909E-09
 -0.865550269108331243872456E-01  0.000000000000000000000000E+00 -0.394672477709172901076381E-09 -0.996247071421775709509916E+00
 -0.996247071421775598487613E+00  0.000000000000000000000000E+00  0.148039485658497804906085E-08  0.865550269108331382650334E-01
     49
 -0.111697917622511978193823E-08  0.707106781186547461715008E+00 -0.707106781186547461715008E+00  0.410714688033116474249526E-09
 -0.111697917622511957514307E-08 -0.707106781186547572737311E+00 -0.707106781186547350692706E+00  0.410714688033116422550738E-09
 -0.123737266349372002083307E+00  0.000000000000000000000000E+00 -0.380913320897528068214882E-09 -0.992315014960664987242467E+00
  0.992315014960664876220164E+00  0.000000000000000000000000E+00 -0.163937898696070850167995E-08 -0.123737266349371988205519E+00
     50
 -0.117555909440795894192553E-08  0.707106781186547461715008E+00 -0.707106781186547461715008E+00  0.450260454244939418904581E-09
 -0.117555909440795873513038E-08 -0.707106781186547572737311E+00 -0.707106781186547350692706E+00  0.450260454244939315507005E-09
  0.162319716401185615284319E+00  0.000000000000000000000000E+00  0.358464641991620970526518E-09  0.986738217394785288583137E+00
  0.986738217394785177560834E+00  0.000000000000000000000000E+00 -0.174380343578227195875229E-08 -0.162319716401185643039895E+00
     51
  0.000000000000000000000000E+00 -0.100000000000000000000000E+01  0.000000000000000000000000E+00  0.000000000000000000000000E+00
  0.168098935345848619103232E-08  0.000000000000000000000000E+00  0.999999999999999888977698E+00 -0.678598930205131283221875E-09
 -0.201826159254814618826401E+00  0.000000000000000000000000E+00 -0.325366707325744890637919E-09 -0.979421360518776040748889E+00
  0.979421360518775929726587E+00  0.000000000000000000000000E+00 -0.178335567786438687310941E-08 -0.201826159254814646581977E+00
     52
 -0.631818661775727066141230E-23 -0.100000000000000000000000E+01  0.327068960094526202243329E-14  0.685760965937574913083478E-23
  0.174301615215024489513724E-08 -0.327068960094526281129419E-14 -0.999999999999999666933093E+00 -0.222934815861236236955524E-08
 -0.241489234098395483263388E+00  0.570130943135662987178471E-24  0.174244769722082204109869E-08 -0.970403498455446711368211E+00
 -0.970403498455446378301303E+00  0.494269992440915973369625E-24 -0.222979222806362665921275E-08  0.241489234098395511018964E+00
     53
 -0.137782016036037999861812E-22  0.999999999999999888977698E+00 -0.851985196616452458186961E-14  0.524659780910536009166047E-23
  0.151058810221920901948413E-08  0.829780736123949169606307E-14  0.100000000000000000000000E+01 -0.681899237452327986430328E-09
 -0.280357907970473441139347E+00 -0.523637227281589502040406E-24 -0.231046652846750929506103E-09 -0.959895537773991169849808E+00
  0.959895537773991169849808E+00  0.324465022186423498125158E-24 -0.164118283553312144808642E-08 -0.280357907970473441139347E+00
     54
 -0.375567612040031161771236E-23  0.100000000000000000000000E+01 -0.274133582264394902341110E-14  0.159124941961512620525467E-23
  0.132514205250133468603060E-08  0.274133582264394902341110E-14  0.100000000000000000000000E+01 -0.630167157268570901620459E-09
 -0.317514598413426329948095E+00 -0.168259497949729738919404E-24 -0.176806157316478196745009E-09 -0.948253383750546019470562E+00
  0.948253383750546019470562E+00  0.733895560598682624887054E-25 -0.145665781238526936526975E-08 -0.317514598413426329948095E+00
     55
  0.355112742436265024160791E-23  0.100000000000000000000000E+01  0.319122065151522163967008E-14 -0.158448753793658266275196E-23
  0.108268554905342572927462E-08 -0.319122065151522242853099E-14  0.999999999999999888977698E+00 -0.536070318725057804739913E-09
 -0.352323145820714667131313E+00  0.151973734868883273062585E-24 -0.120241537939819959929772E-09 -0.935878411397012444083998E+00
  0.935878411397012333061696E+00 -0.454066214773548779356428E-25 -0.120213180495819588482997E-08 -0.352323145820714722642464E+00
     56
  0.405974526100813856829257E-23  0.100000000000000000000000E+01  0.500446190168612049358484E-14 -0.185214367728591289307923E-23
  0.797413972135425629789804E-09 -0.500446190168612128244575E-14  0.999999999999999888977698E+00 -0.390785133514883849048065E-09
  0.384609861588607382376637E+00 -0.122145603387611959217440E-24  0.540324458689110432306311E-10  0.923079224318688718042836E+00
  0.923079224318688607020533E+00 -0.239838720105272580087879E-25 -0.886375882006936873239712E-09 -0.384609861588607437887788E+00
     57
  0.373045151943321773444047E-22 -0.100000000000000000000000E+01  0.286150264935831952665484E-13  0.196682636141732143950437E-22
  0.130828998897579199092236E-08  0.286150264935831952665484E-13  0.100000000000000000000000E+01  0.694906959596134271929095E-09
  0.414719339183428570283496E+00 -0.251861363767557533075680E-24 -0.117490331502938613731761E-08  0.909949377551993454638080E+00
  0.909949377551993454638080E+00 -0.305354603648508120178273E-25 -0.902286306048351931480105E-09 -0.414719339183428570283496E+00
     58
  0.201997342269189752682623E-09  0.648385837797952123637566E-14  0.100000000000000000000000E+01  0.124831424733483555816639E-09
  0.133812920858927301195012E-23 -0.100000000000000000000000E+01  0.648385837797952123637566E-14  0.858201435725176105485273E-24
 -0.443439947097089059990793E+00 -0.563473555241149181078843E-25  0.201460606731559641128631E-09 -0.896304085296129149362798E+00
  0.896304085296129149362798E+00  0.381609354573633026154838E-26 -0.125695802714964963878624E-09 -0.443439947097089059990793E+00
     59
 -0.185680770875726727313651E-08 -0.303905695760866113221623E-14 -0.100000000000000000000000E+01  0.488929916130543746091938E-09
  0.548838773408822743191328E-23 -0.100000000000000000000000E+01  0.303905695760866113221623E-14 -0.175407550316670729659528E-23
  0.471818790389717135358438E+00 -0.309384342496707470440757E-24 -0.444989439659408763482761E-09  0.881695542143195898354691E+00
  0.881695542143195898354691E+00 -0.973499978094857921587664E-26 -0.186782540104246215562217E-08 -0.471818790389717135358438E+00
     60
  0.121837279359251780144979E-09  0.336848820638156519841416E-14 -0.100000000000000000000000E+01 -0.958008651590583601483577E-09
 -0.660778676938207842868840E-24 -0.999999999999999888977698E+00 -0.314644360145653389032944E-14 -0.470573347980552139348809E-23
 -0.500872316474833878530148E+00  0.171779477983766638942111E-23  0.768151752304313344665275E-09 -0.865521185522996727712552E+00
 -0.865521185522996616690250E+00  0.161620811390729481098406E-25 -0.585292951181334540141933E-09  0.500872316474833767507846E+00
     61
 -0.195452177184565275334338E-08  0.000000000000000000000000E+00 -0.100000000000000000000000E+01  0.128583165358311666759690E-08
  0.531188066370787526082609E+00 -0.271050543121376108501863E-19  0.512072934773397377048539E-10  0.847253939586747439882686E+00
  0.203287907341032081376397E-19  0.100000000000000000000000E+01  0.157772181044202361082346E-29  0.271050543121376108501863E-19
  0.847253939586747439882686E+00  0.000000000000000000000000E+00 -0.233899470094946712136794E-08 -0.531188066370787526082609E+00
     62
  0.000000000000000000000000E+00  0.000000000000000000000000E+00  0.100000000000000000000000E+01  0.000000000000000000000000E+00
  0.531963374900051522153888E+00  0.000000000000000000000000E+00  0.000000000000000000000000E+00  0.846767363426901953360471E+00
  0.000000000000000000000000E+00 -0.100000000000000000000000E+01  0.000000000000000000000000E+00  0.000000000000000000000000E+00
 -0.846767363426901953360471E+00  0.000000000000000000000000E+00  0.000000000000000000000000E+00  0.531963374900051522153888E+00
     63
  0.375781858705744050548842E-08  0.000000000000000000000000E+00  0.100000000000000000000000E+01 -0.264143964116740742164023E-08
 -0.532736403097214594737352E+00  0.000000000000000000000000E+00 -0.233474038060866625573600E-09 -0.846281232696933893855373E+00
  0.000000000000000000000000E+00 -0.100000000000000000000000E+01  0.000000000000000000000000E+00  0.000000000000000000000000E+00
  0.846281232696933893855373E+00  0.000000000000000000000000E+00 -0.458736239954033543086433E-08 -0.532736403097214594737352E+00
     64
 -0.135251969590724899186778E-08  0.192770653981274074272300E-14 -0.100000000000000000000000E+01  0.837353030321873205055232E-09
 -0.533507147329210007491440E+00  0.141230920672692874488161E-22  0.133495706893930957562927E-10 -0.845795556708977214199763E+00
 -0.971143372895003070371965E-23 -0.999999999999999888977698E+00 -0.170566193488772205641276E-14 -0.103323964895670046358024E-22
  0.845795556708977214199763E+00  0.247210326852889289701899E-26 -0.159068916347855751456750E-08 -0.533507147329209896469138E+00
     65
  0.105429424824971166928218E-08 -0.931240344077798388311054E-15 -0.100000000000000000000000E+01 -0.893952900483895171527800E-09
  0.534275607928703766269507E+00 -0.542455214001722480440134E-23 -0.192383872558022527586438E-09  0.845310342284071425389413E+00
  0.387898304484322680089040E-23  0.100000000000000000000000E+01 -0.931240344077801543754675E-15  0.375359235295897591707144E-23
 -0.845310342284071425389413E+00 -0.121160945722406975431213E-26 -0.136882315507005095560838E-08  0.534275607928703766269507E+00
     66
 -0.827314959589503224238302E-09  0.000000000000000000000000E+00  0.100000000000000000000000E+01  0.612357749561587501972303E-09
 -0.535041804505060669683303E+00  0.000000000000000000000000E+00  0.746873451344177041470214E-10 -0.844825584030200027463309E+00
  0.000000000000000000000000E+00  0.100000000000000000000000E+01  0.000000000000000000000000E+00  0.000000000000000000000000E+00
 -0.844825584030200138485611E+00  0.000000000000000000000000E+00 -0.102657393303469657368945E-08  0.535041804505060780705605E+00
     67
  0.852867681275421181094088E-09  0.190671738505157969584546E-14 -0.999999999999999888977698E+00 -0.548233978056402898713597E-09
 -0.535805747411095323329278E+00 -0.451869912104908978623873E-23  0.592517463871210165517477E-11 -0.844341282326783737488540E+00
 -0.377354536838442849733421E-23  0.999999999999999888977698E+00  0.168467278012654838776074E-14 -0.277072619580190624559273E-23
 -0.844341282326783737488540E+00  0.136102034377263033331454E-26 -0.101385830803182875430457E-08  0.535805747411095323329278E+00
     68
 -0.881958357291970999531131E-09  0.000000000000000000000000E+00  0.100000000000000000000000E+01  0.478856507175778020331841E-09
  0.536567428291304215903779E+00  0.000000000000000000000000E+00  0.691434968613603052370602E-10  0.843857449393471958920543E+00
  0.000000000000000000000000E+00 -0.100000000000000000000000E+01  0.000000000000000000000000E+00  0.000000000000000000000000E+00
 -0.843857449393471847898240E+00  0.000000000000000000000000E+00 -0.100118593443152024813602E-08  0.536567428291304215903779E+00
     69
  0.607098110064866738233797E-09  0.917751379276332849118668E-15 -0.100000000000000000000000E+01 -0.305653840556921751650277E-09
  0.537326875914072021878098E+00  0.909091506616824407376718E-24  0.684296061600752378466361E-10  0.843374073837003579434679E+00
  0.104537309121331209132375E-23 -0.100000000000000000000000E+01 -0.917751379276332849118668E-15  0.486362845992062160448233E-24
 -0.843374073837003579434679E+00  0.321726542974047770251183E-27 -0.676246829561740850907246E-09  0.537326875914072021878098E+00
     70
 -0.625797392941426346394488E-09  0.000000000000000000000000E+00  0.100000000000000000000000E+01  0.261035496905220756119965E-09
 -0.538084082523527240660144E+00  0.000000000000000000000000E+00 -0.116707101298881943141226E-09 -0.842891167431961019218534E+00
  0.000000000000000000000000E+00 -0.100000000000000000000000E+01  0.000000000000000000000000E+00  0.000000000000000000000000E+00
 -0.842891167431961130240836E+00  0.000000000000000000000000E+00 -0.667938140970598074107692E-09  0.538084082523527351682446E+00
     71
  0.172798318991221670490115E-08  0.000000000000000000000000E+00  0.999999999999999888977698E+00 -0.135777243494241680090426E-08
  0.538839053338065143705649E+00  0.000000000000000000000000E+00  0.212694531323085841463342E-09  0.842408733690325761678253E+00
  0.000000000000000000000000E+00  0.100000000000000000000000E+01  0.000000000000000000000000E+00  0.000000000000000000000000E+00
  0.842408733690325872700555E+00  0.000000000000000000000000E+00 -0.218728894434501973465857E-08 -0.538839053338065032683346E+00
     72
 -0.673712816823096734115699E-09  0.000000000000000000000000E+00  0.100000000000000000000000E+01  0.156048228404760002822987E-09
  0.539591796440826554359660E+00  0.000000000000000000000000E+00  0.232148727545170484881358E-09  0.841926774258760279856517E+00
  0.000000000000000000000000E+00  0.100000000000000000000000E+01  0.000000000000000000000000E+00  0.000000000000000000000000E+00
 -0.841926774258760279856517E+00  0.000000000000000000000000E+00 -0.651419202540985894151441E-09  0.539591796440826554359660E+00
     73
 -0.290233621904781196915342E-09 -0.326337378450277645851538E-15  0.100000000000000000000000E+01  0.192347407879905385193780E-09
  0.540342320056842462250302E+00  0.377270203486681105274968E-24 -0.502431191058341436016738E-11  0.841445290649124100212930E+00
  0.695171502890518702442785E-24 -0.100000000000000000000000E+01 -0.326337378450277596547732E-15  0.000000000000000000000000E+00
 -0.841445290649124100212930E+00 -0.471334703452578387283863E-24 -0.348149158970559937844520E-09  0.540342320056842462250302E+00
     74
  0.163840631436407073639398E-08  0.150017470072882486381671E-14  0.999999999999999777955395E+00 -0.143925340770096073680738E-08
 -0.541090643581615515778083E+00 -0.259985130177626457407703E-23 -0.323834494689770381426054E-09 -0.840964277141682536864664E+00
 -0.390700373576293836760502E-23  0.100000000000000000000000E+01 -0.150017470072882486381671E-14  0.000000000000000000000000E+00
  0.840964277141682425842362E+00  0.503622097824120098728988E-25 -0.215660754774191656400241E-08 -0.541090643581615626800385E+00
     75
  0.159461116563035821413899E-08 -0.129338138983279271866513E-14  0.999999999999999777955395E+00 -0.148772425861130629615528E-08
  0.541836754915710705482468E+00 -0.513562896900593652380352E-23  0.386389242170252599650660E-09  0.840483748220280602048149E+00
 -0.798067367539764064052821E-23 -0.999999999999999888977698E+00 -0.107133678490776101614995E-14  0.000000000000000000000000E+00
  0.840483748220280602048149E+00 -0.441501576691722592362802E-23 -0.214634826731331787019199E-08 -0.541836754915710927527073E+00
     76
  0.855755527227620313194617E-09 -0.129664580278241066937353E-14 -0.100000000000000000000000E+01  0.184454014083960251288449E-09
 -0.542580667209205502743430E+00 -0.287532636635183379357429E-24 -0.619258339154942709578511E-09 -0.840003702117326001008735E+00
  0.949953208866328644736592E-24  0.100000000000000000000000E+01 -0.129664580278241027494308E-14  0.000000000000000000000000E+00
 -0.840003702117326112031037E+00 -0.434397358257896809008973E-26 -0.618756442429186168655746E-09  0.542580667209205724788035E+00
     77
  0.939868371622607787498299E-09 -0.159774302514157021313792E-14 -0.999999999999999888977698E+00  0.328301988551719416724659E-09
