      1
 -0.218819336492558124294185E-11 -0.715586598108104654514250E+00  0.698524030086345559809047E+00  0.296675219265792601421926E-11
  0.224164349194438864420886E-11 -0.698524030086345670831349E+00 -0.715586598108104543491947E+00 -0.303921986579534293520047E-11
  0.678034537613538268452373E+00  0.000000000000000000000000E+00  0.524595816212592588871196E-11 -0.735030044150030148486508E+00
  0.735030044150030037464205E+00  0.000000000000000000000000E+00 -0.577014622898663194701278E-12  0.678034537613538379474676E+00
      2
  0.000000000000000000000000E+00  0.708097430484898704428076E+00  0.706114742050245047799706E+00  0.000000000000000000000000E+00
  0.000000000000000000000000E+00  0.706114742050245047799706E+00 -0.708097430484898704428076E+00  0.000000000000000000000000E+00
 -0.632000101322661822500493E+00  0.000000000000000000000000E+00  0.000000000000000000000000E+00  0.774968303821611192994112E+00
  0.774968303821611192994112E+00  0.000000000000000000000000E+00  0.000000000000000000000000E+00  0.632000101322661822500493E+00
      3
  0.349267146262466065843424E-11 -0.708097430484809109429989E+00 -0.706114742050334753820096E+00 -0.467340159774676644683679E-11
 -0.350247847967440830843201E-11 -0.706114742050334864842398E+00  0.708097430484808998407686E+00  0.468652396829889795785620E-11
 -0.611125388723839035876040E+00  0.267336748854784495371226E-26 -0.826170452080656750832896E-11  0.791533801714832896401219E+00
  0.791533801714832785378917E+00 -0.657284942920619140769546E-27 -0.129359632259660124447181E-12  0.611125388723839146898342E+00
      4
 -0.462230656101668174814486E-11  0.707972313402205899457442E+00 -0.706240188219226849852816E+00  0.614304432752602270512160E-11
 -0.463364323334338297485505E-11 -0.706240188219226849852816E+00 -0.707972313402205899457442E+00  0.615811076236980542300373E-11
  0.573452510657307956698503E+00 -0.353442500982567032412061E-26 -0.108790872497248803259864E-10 -0.819238804025316014190139E+00
 -0.819238804025316014190139E+00  0.105909494385457009756860E-26  0.373760195718726739235421E-12 -0.573452510657307956698503E+00
      5
  0.000000000000000000000000E+00  0.707972313402312591890109E+00  0.706240188219119824353243E+00  0.000000000000000000000000E+00
  0.000000000000000000000000E+00  0.706240188219119824353243E+00 -0.707972313402312591890109E+00  0.000000000000000000000000E+00
  0.556543781861622788298405E+00  0.000000000000000000000000E+00  0.000000000000000000000000E+00 -0.830818282701555888003497E+00
  0.830818282701555888003497E+00  0.000000000000000000000000E+00  0.000000000000000000000000E+00  0.556543781861622788298405E+00
      6
  0.000000000000000000000000E+00 -0.708097430484898371361169E+00  0.706114742050245380866613E+00  0.000000000000000000000000E+00
  0.000000000000000000000000E+00  0.706114742050245380866613E+00  0.708097430484898371361169E+00  0.000000000000000000000000E+00
 -0.512764234274207364450149E+00  0.000000000000000000000000E+00  0.000000000000000000000000E+00  0.858529463704761575115754E+00
  0.858529463704761575115754E+00  0.000000000000000000000000E+00  0.000000000000000000000000E+00  0.512764234274207364450149E+00
      7
  0.896317451970942898923112E-11  0.708097430484372902803614E+00 -0.706114742050772292714100E+00 -0.116036686208086641094216E-10
  0.898834207590146332401797E-11 -0.706114742050772181691798E+00 -0.708097430484372680759009E+00 -0.116362503786898241427140E-10
  0.500259240111000647033279E+00  0.709627590959610585581858E-26  0.205791558550134873252163E-10 -0.865875679692855504399063E+00
  0.865875679692855504399063E+00  0.328570338717310166482194E-26  0.277030384188301863952340E-11  0.500259240111000647033279E+00
      8
  0.131023501991774528090323E-10  0.708891902878095114814982E+00 -0.705317141457566743056873E+00 -0.166436147656201146935132E-10
  0.131687568881081634836693E-10 -0.705317141457566854079175E+00 -0.708891902878095003792680E+00 -0.167279696585684433301810E-10
 -0.468013919584797821737965E+00  0.000000000000000000000000E+00 -0.295476570528472207430019E-10  0.883721093487574327340894E+00
  0.883721093487574216318592E+00  0.000000000000000000000000E+00  0.537278628467081738286550E-11  0.468013919584797877249116E+00
      9
  0.000000000000000000000000E+00 -0.709747865909990061084045E+00  0.704455794806327584289818E+00  0.000000000000000000000000E+00
  0.000000000000000000000000E+00 -0.704455794806327584289818E+00 -0.709747865909990061084045E+00  0.000000000000000000000000E+00
  0.458776274980819298576762E+00  0.000000000000000000000000E+00  0.000000000000000000000000E+00 -0.888551815886233997687782E+00
  0.888551815886233997687782E+00  0.000000000000000000000000E+00  0.000000000000000000000000E+00  0.458776274980819298576762E+00
     10
 -0.201568735587726902267935E-23 -0.100000000000000000000000E+01 -0.523820387674124767841678E-13  0.247542982217472690946022E-23
  0.382000486774795944759494E-10 -0.523820387674124830950550E-13  0.999999999999999888977698E+00 -0.471251543099193179164727E-10
 -0.420414516578168695470907E+00  0.124533491798635639806004E-25  0.588181160272576254229165E-10  0.907332152108776934795742E+00
 -0.907332152108776823773439E+00  0.104210529069004179278382E-25  0.148482348775305220165704E-10 -0.420414516578168750982059E+00
     11
 -0.298343766573451635391226E-10 -0.716957731156182220821904E+00 -0.697116641413314308550753E+00  0.366549811683677640527055E-10
 -0.306835122388467240152067E-10  0.697116641413314308550753E+00 -0.716957731156182220821904E+00  0.376982424071330010666523E-10
 -0.413743363092550664461555E+00  0.000000000000000000000000E+00  0.655761623283699613563434E-10  0.910393557477680026579492E+00
 -0.910393557477680026579492E+00  0.000000000000000000000000E+00  0.172069757124088402968362E-10 -0.413743363092550664461555E+00
     12
  0.670678942401372461827646E-10  0.713161300166672118550082E+00  0.700999971429800972089197E+00 -0.820354022878185058393140E-10
  0.682314245436841043211178E-10 -0.700999971429800972089197E+00  0.713161300166672118550082E+00 -0.834585970609206498312954E-10
 -0.407226002811627185717924E+00 -0.325533117277268382457056E-25  0.145844430206491702636629E-09  0.913327423564005647094177E+00
 -0.913327423564005647094177E+00 -0.302392713443436717769503E-25  0.397260030546065618672771E-10 -0.407226002811627185717924E+00
     13
 -0.374896946857553676916778E-10  0.711456685393625609670210E+00 -0.702729951552312548379575E+00  0.456067142534132247653354E-10
 -0.379552541607601263906904E-10 -0.702729951552312437357273E+00 -0.711456685393625498647907E+00  0.461730735722201578868412E-10
 -0.400800086306621450304988E+00  0.556002634145713529064441E-25  0.808406879281961719116971E-10  0.916165536798129398476931E+00
 -0.916165536798129398476931E+00  0.542681680345261333357230E-25  0.228645316906597231892907E-10 -0.400800086306621450304988E+00
     14
 -0.836477340297905133329527E-16  0.710276370123001377088201E+00  0.703922920528159079545105E+00 -0.234100797535164062381344E-16
 -0.844027196203751888070323E-16 -0.703922920528159190567408E+00  0.710276370123001266065899E+00 -0.236213738560207130279515E-16
 -0.394420858936530782656860E+00 -0.645637965759731210637716E-32  0.712701521788576167586245E-16  0.918929913560206923506257E+00
 -0.918929913560206812483955E+00  0.254975114463947220713624E-33  0.817291445447172657479290E-16 -0.394420858936530838168011E+00
     15
  0.000000000000000000000000E+00 -0.710074546683156393456215E+00 -0.704126507207838314705839E+00  0.000000000000000000000000E+00
  0.000000000000000000000000E+00 -0.704126507207838314705839E+00  0.710074546683156393456215E+00  0.000000000000000000000000E+00
  0.388070054570700873064482E+00  0.000000000000000000000000E+00  0.000000000000000000000000E+00 -0.921629878392347445803523E+00
  0.921629878392347445803523E+00  0.000000000000000000000000E+00  0.000000000000000000000000E+00  0.388070054570700873064482E+00
     16
  0.000000000000000000000000E+00 -0.709747865909990061084045E+00  0.704455794806327584289818E+00  0.000000000000000000000000E+00
  0.000000000000000000000000E+00 -0.704455794806327584289818E+00 -0.709747865909990061084045E+00  0.000000000000000000000000E+00
  0.381767458278476468080953E+00  0.000000000000000000000000E+00  0.000000000000000000000000E+00 -0.924258409645047240843496E+00
  0.924258409645047240843496E+00  0.000000000000000000000000E+00  0.000000000000000000000000E+00  0.381767458278476468080953E+00
     17
  0.289892566294802770354224E-16  0.708689679812538053660376E+00 -0.705520331193369654165792E+00  0.000000000000000000000000E+00
  0.291194825867024138826923E-16 -0.705520331193369765188095E+00 -0.708689679812537942638073E+00  0.000000000000000000000000E+00
  0.375584671749885357083798E+00 -0.617036191115460190020032E-32 -0.679640813445356400978814E-16 -0.926788084918300336667585E+00
  0.926788084918300225645282E+00 -0.152259086406487318895194E-31 -0.167707325485529496438391E-15  0.375584671749885412594949E+00
     18
 -0.288822215865872771179204E-16  0.709218983273262382205360E+00  0.704988250799146176639454E+00  0.000000000000000000000000E+00
 -0.290555478124533938709964E-16 -0.704988250799146287661756E+00  0.709218983273262271183057E+00  0.000000000000000000000000E+00
  0.369661068094850164822418E+00  0.608224100008740236796121E-32 -0.669368333171807034950603E-16 -0.929166666823005527042767E+00
  0.929166666823005416020465E+00  0.152881005998049955641158E-31 -0.168249998901840955582565E-15  0.369661068094850220333569E+00
     19
  0.000000000000000000000000E+00 -0.709747865909989728017138E+00 -0.704455794806328028379028E+00  0.000000000000000000000000E+00
  0.000000000000000000000000E+00  0.704455794806328028379028E+00 -0.709747865909989728017138E+00  0.000000000000000000000000E+00
  0.364220613118485858628048E+00  0.000000000000000000000000E+00  0.000000000000000000000000E+00 -0.931312699891714279587518E+00
  0.931312699891714279587518E+00  0.000000000000000000000000E+00  0.000000000000000000000000E+00  0.364220613118485858628048E+00
     20
  0.000000000000000000000000E+00 -0.710929081219288105941700E+00  0.703263706924151521526767E+00  0.000000000000000000000000E+00
  0.000000000000000000000000E+00  0.703263706924151521526767E+00  0.710929081219288105941700E+00  0.000000000000000000000000E+00
  0.359586874962239788633411E+00  0.000000000000000000000000E+00  0.000000000000000000000000E+00 -0.933111611413602881626161E+00
  0.933111611413602881626161E+00  0.000000000000000000000000E+00  0.000000000000000000000000E+00  0.359586874962239788633411E+00
     21
 -0.320186618220197554231703E-09 -0.707106781186547239670404E+00  0.707106781186547572737311E+00  0.390209655280988242846243E-09
  0.320186618220197450834126E-09 -0.707106781186547572737311E+00 -0.707106781186547239670404E+00 -0.390209655280988139448666E-09
 -0.356190526751844982467077E+00  0.000000000000000000000000E+00 -0.676933860864877909242465E-09  0.934413349996800590702151E+00
  0.934413349996800590702151E+00  0.000000000000000000000000E+00  0.226553610859884709047218E-09  0.356190526751844982467077E+00
     22
 -0.190844343787645324481616E-09 -0.707106781186546906603496E+00  0.707106781186548238871126E+00  0.314794678707319587757290E-09
  0.190844343787644600698580E-09 -0.707106781186548238871126E+00 -0.707106781186546906603496E+00 -0.314794678707318915673042E-09
  0.354554831522212787753290E+00 -0.155947479961329743644217E-24  0.511957852898595337542866E-09 -0.935035224707740919569687E+00
  0.935035224707740919569687E+00 -0.214068800070769881041608E-24  0.945177418434341510541257E-10  0.354554831522212787753290E+00
     23
  0.427219169805276033954012E-10 -0.707106781186547128648101E+00  0.707106781186548016826521E+00 -0.116044862726086872430982E-09
  0.427219169805275516966129E-10  0.707106781186548016826521E+00  0.707106781186547128648101E+00 -0.116044862726086756108709E-09
 -0.355220923690202083911061E+00  0.000000000000000000000000E+00  0.174870917528905867696665E-09  0.934782378616905385015912E+00
  0.934782378616905385015912E+00  0.000000000000000000000000E+00  0.181849218129977473117239E-11  0.355220923690202083911061E+00
     24
 -0.243219149202768561829983E-10  0.707106781186546462514286E+00  0.707106781186548571938033E+00 -0.153859923222259410913902E-09
 -0.243219149202767850971644E-10 -0.707106781186548571938033E+00  0.707106781186546462514286E+00 -0.153859923222258945624808E-09
  0.358515105768330510915831E+00  0.000000000000000000000000E+00 -0.190794585977722855286380E-09 -0.933523925208091687188983E+00
  0.933523925208091687188983E+00  0.000000000000000000000000E+00  0.110119430620970144271788E-09  0.358515105768330510915831E+00
     25
 -0.357475786208003431305270E-09 -0.707106781186548793982638E+00  0.707106781186546240469681E+00 -0.469988490071240663300046E-09
 -0.357475786208004103389517E-09  0.707106781186546240469681E+00  0.707106781186548793982638E+00 -0.469988490071242421058848E-09
 -0.363937737290275453716504E+00  0.243599343226969604480966E-24  0.435095902112592466077936E-09  0.931423278309080227010952E+00
 -0.931423278309080227010952E+00  0.335046445273972109828702E-24 -0.712774792811727571634205E-09 -0.363937737290275453716504E+00
     26
 -0.187554495753312954152986E-08  0.707106781186551902607107E+00 -0.707106781186543131845212E+00 -0.109257047062778428701067E-08
 -0.187554495753314608514211E-08 -0.707106781186542909800608E+00 -0.707106781186551791584805E+00 -0.109257047062779855587624E-08
 -0.368896422262965872906904E+00 -0.113632156274969378225434E-23 -0.457682147886650706205720E-09  0.929470510366834368198852E+00
  0.929470510366834368198852E+00  0.154225644241954995003076E-23 -0.303533959738431165751015E-08  0.368896422262965872906904E+00
     27
 -0.181580310666090686340457E-08 -0.707106781186546906603496E+00  0.707106781186548238871126E+00 -0.128092232868689564835612E-08
 -0.181580310666090376147728E-08  0.707106781186548127848823E+00  0.707106781186547017625799E+00 -0.128092232868689337360944E-08
  0.367385942369304718813083E+00  0.000000000000000000000000E+00 -0.741394379581533703141139E-09 -0.930068583142887317372072E+00
 -0.930068583142887539416677E+00  0.000000000000000000000000E+00 -0.305387327063327645913518E-08 -0.367385942369304663301932E+00
     28
  0.303318764138268427804005E-08  0.707106781186547683759613E+00  0.707106781186547572737311E+00  0.172521063673782386985939E-08
  0.303318764138268800035280E-08 -0.707106781186547461715008E+00  0.707106781186547794781916E+00  0.172521063673782366306424E-08
  0.352316428956842175868047E+00  0.872344298574396357523446E-24  0.772089694906453166768294E-09 -0.935880940016997286967637E+00
  0.935880940016997509012242E+00  0.122804468393543397929746E-23 -0.487411914358618324236324E-08  0.352316428956842120356896E+00
     29
 -0.337641410440626496830777E-08  0.707106781186547683759613E+00  0.707106781186547239670404E+00 -0.256335550103955172779507E-08
 -0.337641410440626620907869E-08 -0.707106781186547239670404E+00  0.707106781186547683759613E+00 -0.256335550103955338215630E-08
  0.324109483297093270426359E+00  0.000000000000000000000000E+00 -0.188183255117565597474901E-08 -0.946019578463834553971878E+00
 -0.946019578463834664994181E+00  0.000000000000000000000000E+00 -0.569215580853584778397445E-08 -0.324109483297093159404056E+00
     30
 -0.153285283833291463934680E-08  0.707106781186548127848823E+00  0.707106781186546795581194E+00 -0.125886377526885634058826E-08
 -0.153285283833292621987538E-08 -0.707106781186546795581194E+00  0.707106781186548349893428E+00 -0.125886377526885758135918E-08
 -0.292911651972119213560575E+00  0.121374371987357930290547E-23  0.106724887137849229521546E-08  0.956139510813649118325941E+00
 -0.956139510813649118325941E+00  0.204169131905989123091519E-23 -0.259417269764840325227521E-08 -0.292911651972119213560575E+00
     31
  0.470109572805454588645121E-09 -0.707106781186547794781916E+00 -0.707106781186547239670404E+00  0.384665320678020006299147E-09
 -0.470109572805455312428157E-09 -0.707106781186547239670404E+00  0.707106781186547794781916E+00 -0.384665320678020057997936E-09
 -0.267197812875720697167736E+00  0.181984076305552290079184E-24  0.346577461834142482782990E-09  0.963641701460886013208551E+00
 -0.963641701460886013208551E+00  0.335508136740622011678477E-24 -0.786018478995893511437156E-09 -0.267197812875720697167736E+00
     32
  0.153725828687378704898727E-08  0.707106781186547572737311E+00  0.707106781186547683759613E+00  0.866578106648620132160581E-09
 -0.153725828687378622180666E-08  0.707106781186547350692706E+00 -0.707106781186547905804218E+00 -0.866578106648620649148463E-09
  0.248199814783405636742231E+00 -0.406596245906838761355560E-24  0.647588965944959525521080E-09 -0.968708858192947164233999E+00
  0.968708858192947608323209E+00 -0.808180901939314890820887E-24 -0.241016031386329722798370E-08  0.248199814783405525719928E+00
     33
 -0.537199639358956547364755E-09  0.707106781186547461715008E+00  0.707106781186547683759613E+00 -0.283108599664871844411951E-09
 -0.537199639358956754159908E-09 -0.707106781186547794781916E+00  0.707106781186547350692706E+00 -0.283108599664871637616798E-09
 -0.233708962834344058379088E+00  0.132146320272787104932262E-24  0.211736090727439887112446E-09  0.972306598090795226596583E+00
 -0.972306598090795115574281E+00  0.279524331424691844646211E-24 -0.832247171197033643646267E-09 -0.233708962834344086134664E+00
     34
  0.979368098886941956897326E-09 -0.707106781186547683759613E+00  0.707106781186547461715008E+00  0.310614920441360798910774E-09
 -0.979368098886942784077938E-09 -0.707106781186547461715008E+00 -0.707106781186547683759613E+00 -0.310614920441360798910774E-09
 -0.221345597854316400443508E+00  0.144323372034217278039776E-24 -0.121808241368052672374551E-09  0.975195429803952240632725E+00
  0.975195429803952240632725E+00 -0.322832441887877700843448E-24 -0.144791220596114004891073E-08  0.221345597854316400443508E+00
     35
  0.502302408258601998936289E-09 -0.707106781186548127848823E+00 -0.707106781186546684558891E+00  0.185147957271898020463602E-09
  0.502302408258605204261163E-09  0.707106781186546795581194E+00 -0.707106781186548460915731E+00  0.185147957271898227258755E-09
  0.209403632151562935082012E+00 -0.256379008061735680718057E-24 -0.107280987639361536359540E-09 -0.977829289212453822699445E+00
 -0.977829289212453822699445E+00  0.606324004600104565343887E-24 -0.749443831120358908961195E-09 -0.209403632151562935082012E+00
     36
 -0.895129001950827079883385E-09  0.707106781186548016826521E+00 -0.707106781186547128648101E+00 -0.291120251054492999337722E-09
  0.895129001950828837642187E-09  0.707106781186547128648101E+00  0.707106781186548016826521E+00  0.291120251054493257831664E-09
 -0.196780567507168574481469E+00  0.133651462931317413318151E-24 -0.154551120553050940402294E-09  0.980447555074495991078720E+00
  0.980447555074495991078720E+00 -0.335766640311864307167572E-24 -0.132216784583154524230863E-08  0.196780567507168574481469E+00
     37
  0.586287464229133768480025E-09  0.707106781186547128648101E+00  0.707106781186548016826521E+00  0.219426786111106542422271E-09
  0.586287464229133148094566E-09 -0.707106781186548016826521E+00  0.707106781186547128648101E+00  0.219426786111106309777724E-09
  0.182785546624894906786452E+00  0.000000000000000000000000E+00  0.153534358859318861131259E-09 -0.983152808033948666377455E+00
  0.983152808033948666377455E+00  0.000000000000000000000000E+00 -0.871888416599401325276547E-09  0.182785546624894906786452E+00
     38
  0.499103205093320212197640E-09 -0.707106781186547794781916E+00  0.707106781186547239670404E+00  0.245217608959593122381435E-09
 -0.499103205093320212197640E-09 -0.707106781186547239670404E+00 -0.707106781186547794781916E+00 -0.245217608959593380875376E-09
 -0.167005399654739733472653E+00 -0.110521026748066370404399E-24 -0.224040897615030502337582E-09  0.985955981008361570516740E+00
  0.985955981008361570516740E+00  0.323339650515677226063803E-24 -0.753841526020171800965546E-09  0.167005399654739733472653E+00
     39
 -0.556774555397570460457337E-09  0.707106781186547350692706E+00 -0.707106781186547572737311E+00 -0.380126861321563077595482E-09
  0.556774555397570150264607E-09  0.707106781186547683759613E+00  0.707106781186547128648101E+00  0.380126861321562870800329E-09
  0.149228696873613453366403E+00  0.000000000000000000000000E+00  0.414058736445335543403364E-09 -0.988802708344492242709123E+00
 -0.988802708344492020664518E+00  0.000000000000000000000000E+00  0.858803738003327950493905E-09 -0.149228696873613481121978E+00
     40
 -0.233907240172942560022126E-09 -0.707106781186548127848823E+00  0.707106781186546906603496E+00 -0.217464168166261564715416E-09
 -0.233907240172942456624549E-09  0.707106781186546906603496E+00  0.707106781186548127848823E+00 -0.217464168166262030004510E-09
  0.129400008706717528639274E+00 -0.955787956329867917805275E-25 -0.262150270499558549087333E-09 -0.991592475640422299498766E+00
 -0.991592475640422299498766E+00  0.351378784693004630840014E-24 -0.367809405208923417680163E-09 -0.129400008706717528639274E+00
     41
 -0.108866775159465908330323E-09 -0.707106781186547239670404E+00  0.707106781186547794781916E+00 -0.219714602829355261079173E-09
 -0.108866775159466425318206E-09  0.707106781186547794781916E+00  0.707106781186547239670404E+00 -0.219714602829355054284020E-09
  0.107580966622958365541685E+00  0.951511263658216751940087E-25 -0.292356774968350588417240E-09 -0.994196326497171156688637E+00
 -0.994196326497171156688637E+00 -0.412235856471305381298565E-24 -0.186495251924201461051935E-09 -0.107580966622958365541685E+00
     42
 -0.381179786899107160737648E-10  0.707106781186547350692706E+00 -0.707106781186547461715008E+00  0.218625119910159111656445E-09
 -0.381179786899099793660317E-10 -0.707106781186547572737311E+00 -0.707106781186547128648101E+00  0.218625119910158982409474E-09
 -0.839069150770069133171702E-01 -0.931750796239149372364896E-25  0.312615502048804021345322E-09  0.996473597042219605413038E+00
 -0.996473597042219383368433E+00 -0.504325361252844154058205E-24  0.277746376827376679290658E-10 -0.839069150770069271949581E-01
     43
  0.203179539413838242603446E-09 -0.707106781186547683759613E+00  0.707106781186547461715008E+00 -0.216352215669266353874891E-09
  0.203179539413839328278000E-09  0.707106781186547461715008E+00  0.707106781186547683759613E+00 -0.216352215669266483121862E-09
 -0.585373495800639437325330E-01  0.906455900713669563101733E-25  0.322263641389255591748690E-09  0.998285219115329414130144E+00
 -0.998285219115329414130144E+00  0.681186164606344779661381E-24  0.268935855845325590546336E-09 -0.585373495800639437325330E-01
     44
 -0.513095412332433579344864E-09  0.707106781186547461715008E+00  0.707106781186547572737311E+00  0.599991570138326391733071E-09
  0.513095412332433579344864E-09  0.707106781186547461715008E+00 -0.707106781186547683759613E+00 -0.599991570138326391733071E-09
 -0.316056985737344850462271E-01  0.000000000000000000000000E+00 -0.871026235055170795389070E-09  0.999500415116305163110155E+00
 -0.999500415116305385154760E+00  0.000000000000000000000000E+00 -0.698445809200730478165069E-09 -0.316056985737344919851211E-01
     45
 -0.726399033067703541864907E-09  0.707106781186547461715008E+00  0.707106781186547683759613E+00  0.676025739337219918992426E-09
 -0.726399033067703335069754E-09 -0.707106781186547683759613E+00  0.707106781186547461715008E+00  0.676025739337219815594849E-09
 -0.318008607339702797575653E-02  0.000000000000000000000000E+00 -0.959306784023577928932919E-09  0.999994943513498935061534E+00
 -0.999994943513499046083837E+00  0.000000000000000000000000E+00 -0.102423775413715900997873E-08 -0.318008607339702927679914E-02
     46
  0.746352582843677195851971E-09 -0.707106781186547572737311E+00  0.707106781186547572737311E+00 -0.236991806719820526823963E-09
  0.746352582843678850213196E-09  0.707106781186547572737311E+00  0.707106781186547572737311E+00 -0.236991806719820371727598E-09
  0.267543440587468019098427E-01 -0.938715493518176112915612E-25  0.306797785780745921536066E-09  0.999642038468764204672823E+00
  0.999642038468764204672823E+00 -0.134561955701165893727040E-23 -0.106409124426273211783123E-08 -0.267543440587468053792897E-01
     47
  0.916841871013421223393488E-09 -0.707106781186547683759613E+00  0.707106781186547683759613E+00 -0.263190244707533289190751E-09
  0.916841871013422360766830E-09  0.707106781186547572737311E+00  0.707106781186547905804218E+00 -0.263190244707533237491963E-09
  0.582786891505716539430004E-01 -0.102198407685029906499460E-24  0.296009836366193506343946E-09  0.998300352795135070849142E+00
  0.998300352795135292893747E+00 -0.631875615027512377754503E-24 -0.131609839878723239289282E-08 -0.582786891505716400652126E-01
     48
  0.106648719515805407362658E-08  0.707106781186547239670404E+00  0.707106781186547461715008E+00 -0.299959561963068411383985E-09
 -0.106648719515805779593934E-08  0.707106781186547572737311E+00 -0.707106781186547461715008E+00  0.299959561963067894396102E-09
  0.914832294558258207750612E-01  0.342771341620675180178381E-24  0.284449282709178357470992E-09  0.995806617134236904398392E+00
  0.995806617134236904398392E+00  0.125474671289007888288660E-23 -0.154072395092738656249301E-08 -0.914832294558258207750612E-01
     49
 -0.118559129817057679108646E-08  0.707106781186547572737311E+00 -0.707106781186547461715008E+00  0.343898006870911915194883E-09
 -0.118559129817057658429131E-08 -0.707106781186547461715008E+00 -0.707106781186547572737311E+00  0.343898006870912121990036E-09
 -0.126372838541731702388660E+00 -0.128436869725427734860992E-24 -0.270559384228921873131379E-09 -0.991982815213502178153249E+00
  0.991982815213502178153249E+00  0.312071637594710849145289E-24 -0.172469787222598094761697E-08 -0.126372838541731702388660E+00
     50
  0.126523518622095520956344E-08 -0.707106781186547683759613E+00  0.707106781186547461715008E+00 -0.389102468676718303094735E-09
  0.126523518622095520956344E-08  0.707106781186547461715008E+00  0.707106781186547683759613E+00 -0.389102468676718613287465E-09
 -0.162754858096735871564320E+00 -0.142912212141749627690156E-24 -0.251717586415717478859037E-09 -0.986666537471455606933546E+00
  0.986666537471455606933546E+00  0.243012511883257177669495E-24 -0.185501479019786514331442E-08 -0.162754858096735871564320E+00
     51
 -0.904539572359211279522166E-23  0.100000000000000000000000E+01 -0.480903837584950778211692E-14  0.279854063533913086272289E-23
 -0.183582500012008461808791E-08 -0.480903837584950778211692E-14 -0.100000000000000000000000E+01  0.605715827718251011812548E-09
  0.200152153415555117410563E+00  0.155457290445666540733375E-24  0.226014735857647331939711E-09  0.979764826620713180638234E+00
  0.979764826620713180638234E+00  0.189563587278838124402901E-24 -0.191991209022431840086047E-08 -0.200152153415555117410563E+00
     52
  0.000000000000000000000000E+00  0.100000000000000000000000E+01  0.000000000000000000000000E+00  0.000000000000000000000000E+00
 -0.197333535329318541122736E-08  0.000000000000000000000000E+00  0.999999999999999888977698E+00  0.228102207190394184679011E-08
  0.237797666518559769333052E+00  0.000000000000000000000000E+00 -0.174633578102568246178579E-08  0.971314712026090876229034E+00
 -0.971314712026090765206732E+00  0.000000000000000000000000E+00 -0.245915127855336662239415E-08  0.237797666518559741577477E+00
     53
  0.000000000000000000000000E+00 -0.100000000000000000000000E+01  0.000000000000000000000000E+00  0.000000000000000000000000E+00
 -0.170702632005948937525348E-08  0.000000000000000000000000E+00 -0.100000000000000000000000E+01  0.652756822807366861865395E-09
  0.274746598445965439783123E+00  0.000000000000000000000000E+00  0.158636891675990378274180E-09  0.961516669976330451419244E+00
  0.961516669976330451419244E+00  0.000000000000000000000000E+00 -0.182067697950426916201114E-08 -0.274746598445965439783123E+00
     54
  0.000000000000000000000000E+00 -0.100000000000000000000000E+01  0.000000000000000000000000E+00  0.000000000000000000000000E+00
 -0.153083197981307321523395E-08  0.000000000000000000000000E+00 -0.100000000000000000000000E+01  0.630296243428057714500190E-09
  0.310091624986398639585161E+00  0.000000000000000000000000E+00  0.124528670390241378897036E-09  0.950706676169519093733129E+00
  0.950706676169519093733129E+00  0.000000000000000000000000E+00 -0.165082176964951997450335E-08 -0.310091624986398639585161E+00
     55
  0.000000000000000000000000E+00 -0.100000000000000000000000E+01  0.000000000000000000000000E+00  0.000000000000000000000000E+00
 -0.128769845039695108386307E-08  0.000000000000000000000000E+00 -0.999999999999999888977698E+00  0.569016628538569395222130E-09
  0.343206244232740931288106E+00  0.000000000000000000000000E+00  0.925085241262648682731024E-10  0.939260067244240937078814E+00
  0.939260067244240826056512E+00  0.000000000000000000000000E+00 -0.140477358453921329567172E-08 -0.343206244232740986799257E+00
     56
  0.000000000000000000000000E+00 -0.100000000000000000000000E+01  0.000000000000000000000000E+00  0.000000000000000000000000E+00
 -0.991132828683506136187550E-09  0.000000000000000000000000E+00 -0.100000000000000000000000E+01  0.457771646792139270646399E-09
 -0.373924954988083535489807E+00  0.000000000000000000000000E+00 -0.539550769550074317503972E-10 -0.927458962993597868518236E+00
  0.927458962993597868518236E+00  0.000000000000000000000000E+00 -0.109040737086991713719756E-08 -0.373924954988083535489807E+00
     57
  0.000000000000000000000000E+00  0.100000000000000000000000E+01  0.000000000000000000000000E+00  0.000000000000000000000000E+00
 -0.120223007588206065160865E-08  0.000000000000000000000000E+00 -0.999999999999999888977698E+00 -0.863014125995063920443809E-09
 -0.402605823758745040574780E+00  0.000000000000000000000000E+00  0.127400509157789362425058E-08 -0.915373448749493778819897E+00
  0.915373448749493667797594E+00  0.000000000000000000000000E+00 -0.753035079265719339150048E-09 -0.402605823758744985063629E+00
     58
 -0.345268687923178242824751E-09  0.000000000000000000000000E+00 -0.999999999999999888977698E+00 -0.625522142324423775316606E-11
  0.000000000000000000000000E+00  0.100000000000000000000000E+01  0.000000000000000000000000E+00  0.000000000000000000000000E+00
  0.430068879541712079106475E+00  0.000000000000000000000000E+00 -0.154136411630787643081347E-09  0.902796078220179487594521E+00
  0.902796078220179376572219E+00  0.000000000000000000000000E+00 -0.309016840859493926593208E-09 -0.430068879541712134617626E+00
     59
  0.179588484200090384676750E-08  0.000000000000000000000000E+00  0.100000000000000000000000E+01 -0.398056748892029636966723E-09
  0.000000000000000000000000E+00  0.100000000000000000000000E+01  0.000000000000000000000000E+00  0.000000000000000000000000E+00
 -0.457424330221394059847739E+00  0.000000000000000000000000E+00  0.467510034585233259275789E-09 -0.889248549125332576892333E+00
  0.889248549125332576892333E+00  0.000000000000000000000000E+00 -0.177906883189752306225279E-08 -0.457424330221394059847739E+00
     60
 -0.358523762451301270265950E-10  0.000000000000000000000000E+00  0.100000000000000000000000E+01  0.876510057828353276765691E-09
  0.000000000000000000000000E+00  0.100000000000000000000000E+01  0.000000000000000000000000E+00  0.000000000000000000000000E+00
  0.485787235105319070704866E+00  0.000000000000000000000000E+00 -0.748720735451291070725467E-09  0.874077091685126705833397E+00
 -0.874077091685126705833397E+00  0.000000000000000000000000E+00 -0.457135138292788341235609E-09  0.485787235105319070704866E+00
     61
 -0.200605741496793244236688E-08  0.000000000000000000000000E+00 -0.100000000000000000000000E+01  0.121140041180305866612876E-08
  0.515859659450819130199761E+00  0.135525271560688054250932E-19  0.293017386252768756081054E-11  0.856673106704818110301858E+00
 -0.135525271560688054250932E-19  0.100000000000000000000000E+01  0.000000000000000000000000E+00 -0.135525271560688054250932E-19
  0.856673106704818221324160E+00  0.000000000000000000000000E+00 -0.234344785158049848963985E-08 -0.515859659450819352244366E+00
     62
  0.000000000000000000000000E+00  0.000000000000000000000000E+00  0.100000000000000000000000E+01  0.000000000000000000000000E+00
  0.516643603719770139193201E+00  0.000000000000000000000000E+00  0.000000000000000000000000E+00  0.856200552870324260723578E+00
  0.000000000000000000000000E+00 -0.100000000000000000000000E+01  0.000000000000000000000000E+00  0.000000000000000000000000E+00
 -0.856200552870324260723578E+00  0.000000000000000000000000E+00  0.000000000000000000000000E+00  0.516643603719770139193201E+00
     63
  0.381710762330322791437089E-08  0.000000000000000000000000E+00  0.999999999999999888977698E+00 -0.250764122755667818345077E-08
 -0.517425293102707350989533E+00  0.000000000000000000000000E+00 -0.170791742867229230534686E-09 -0.855728383342271414768732E+00
  0.000000000000000000000000E+00 -0.100000000000000000000000E+01  0.000000000000000000000000E+00  0.000000000000000000000000E+00
  0.855728383342271414768732E+00  0.000000000000000000000000E+00 -0.456392433269768304449836E-08 -0.517425293102707239967231E+00
     64
 -0.148157845014653182779280E-08 -0.936061757697323840872862E-15 -0.100000000000000000000000E+01  0.736331600089726527982089E-09
 -0.518204723467354466670542E+00 -0.611603469921286679785875E-23  0.138008542339327086139085E-09 -0.855256607443709127025500E+00
  0.455527755464987476950700E-23 -0.100000000000000000000000E+01  0.936061757697336462647345E-15  0.454209039105200136745497E-23
  0.855256607443709238047802E+00 -0.108674235878322640416110E-26 -0.164870036709136795599934E-08 -0.518204723467354577692845E+00
     65
  0.853955838455982076907135E-09  0.285626065545909680481829E-14 -0.999999999999999777955395E+00 -0.963712088561783321754754E-09
  0.518981895163644013635462E+00  0.180688284635598627470043E-22 -0.380579356812721607538096E-09  0.854785231793549593604098E+00
 -0.114813242401080721761235E-22  0.999999999999999888977698E+00  0.263421605053405918584632E-14 -0.126944955111486876446604E-22
 -0.854785231793549593604098E+00  0.412481910506433774860281E-26 -0.123009777562951198691946E-08  0.518981895163644235680067E+00
     66
  0.687253017938506154752021E-09 -0.929261460431446341012089E-15 -0.999999999999999777955395E+00 -0.661896194584011352132161E-09
  0.519756827368864859906239E+00 -0.320638595120285405511931E-23 -0.208262903877221926772358E-09  0.854314251551179570931538E+00
 -0.230443261223307813410225E-23 -0.100000000000000000000000E+01  0.929261460431441607846657E-15 -0.212464052223985013092454E-23
 -0.854314251551179348886933E+00 -0.873355698331112300782471E-27 -0.931155113790938814325414E-09  0.519756827368864859906239E+00
     67
 -0.708292325257524235799492E-09  0.000000000000000000000000E+00  0.100000000000000000000000E+01  0.603291708966506335167317E-09
  0.520529531121241895164076E+00  0.000000000000000000000000E+00 -0.146429732934264680134329E-09  0.853843666739233952966970E+00
  0.000000000000000000000000E+00 -0.100000000000000000000000E+01  0.000000000000000000000000E+00  0.000000000000000000000000E+00
 -0.853843666739233952966970E+00  0.000000000000000000000000E+00 -0.918802066518807175990355E-09  0.520529531121241895164076E+00
     68
 -0.732130406831656303861074E-09  0.000000000000000000000000E+00  0.100000000000000000000000E+01  0.540410037596538604978794E-09
  0.521299996972085066815339E+00  0.000000000000000000000000E+00 -0.795121366141400493107728E-10  0.853373489837189636020298E+00
  0.000000000000000000000000E+00 -0.100000000000000000000000E+01  0.000000000000000000000000E+00  0.000000000000000000000000E+00
 -0.853373489837189636020298E+00  0.000000000000000000000000E+00 -0.906496241769640758286159E-09  0.521299996972085288859944E+00
     69
 -0.525326738610444765591341E-09  0.000000000000000000000000E+00  0.100000000000000022204460E+01  0.337862986455518451848931E-09
 -0.522068254268041709309500E+00  0.000000000000000000000000E+00  0.139081811449113081328476E-10 -0.852903709621150141195756E+00
  0.000000000000000000000000E+00  0.100000000000000000000000E+01  0.000000000000000000000000E+00  0.000000000000000000000000E+00
 -0.852903709621150363240361E+00  0.000000000000000000000000E+00 -0.624440663644650433469741E-09  0.522068254268041709309500E+00
     70
  0.540401008119785862865214E-09  0.188881281678509549972669E-14 -0.999999999999999888977698E+00 -0.297869218544573815604459E-09
  0.522834294535150290172965E+00  0.161573483175769647927278E-23  0.286261136583254108762965E-10  0.852434337915790263373594E+00
 -0.170168607368863434433792E-23  0.999999999999999888977698E+00  0.166676821186006537493332E-14 -0.815012632783061496526469E-24
 -0.852434337915790374395897E+00  0.619658928930017661038095E-27 -0.616392429028662535373461E-09  0.522834294535150512217569E+00
     71
  0.174194811482120547531003E-08  0.000000000000000000000000E+00  0.999999999999999777955395E+00 -0.129113422622568311290241E-08
  0.523598123276741267417833E+00  0.000000000000000000000000E+00  0.187921011584129542848399E-09  0.851965377994360895108628E+00
  0.000000000000000000000000E+00  0.100000000000000000000000E+01  0.000000000000000000000000E+00  0.000000000000000000000000E+00
  0.851965377994360673064023E+00  0.000000000000000000000000E+00 -0.216011475266604298762043E-08 -0.523598123276741378440136E+00
     72
  0.578814953496130884458411E-09  0.909119267697365112787632E-15 -0.100000000000000000000000E+01 -0.205092044387498473981479E-09
 -0.524359748065749919909706E+00 -0.438231649893549064943364E-24 -0.128872037163403219247114E-09 -0.851496831825241273783433E+00
  0.755853699969528868260413E-24 -0.100000000000000000000000E+01 -0.909119267697365112787632E-15  0.186791589012354927325501E-24
 -0.851496831825241273783433E+00  0.175178828860330448384310E-27 -0.600401111840348129860643E-09  0.524359748065749919909706E+00
     73
  0.282261512943897978117362E-09  0.905802700366392909703416E-15 -0.999999999999999888977698E+00 -0.188964825460293750272566E-09
 -0.525119177464962061385734E+00 -0.369000183192506754884234E-24  0.125936729870582222447719E-10 -0.851028700725493414402933E+00
 -0.449317340222809816679584E-24  0.100000000000000000000000E+01  0.905802700366392909703416E-15 -0.142942010754202060059615E-24
 -0.851028700725493303380631E+00  0.146849446604546343972353E-27 -0.339441513374645512698349E-09  0.525119177464962172408036E+00
     74
  0.165989035793576922456249E-08  0.150967958095966012463196E-14  0.100000000000000022204460E+01 -0.136542586712657298798706E-08
 -0.525876430474922385016612E+00 -0.245427673137513106716048E-23 -0.288480746585233048784523E-09 -0.850560979513493853332307E+00
 -0.383885476086511119729849E-23  0.100000000000000000000000E+01 -0.150967958095966012463196E-14  0.000000000000000000000000E+00
  0.850560979513493964354609E+00  0.497388135399576170926828E-25 -0.212988324981352690916977E-08 -0.525876430474922496038914E+00
     75
  0.161969781724136248869009E-08 -0.148671954361779491002226E-14  0.999999999999999777955395E+00 -0.141064000766379156658750E-08
  0.526631494808947442365366E+00 -0.249494766825272831792231E-23  0.346192392808493264811775E-09  0.850093682293483143830315E+00
 -0.319863405801050711935565E-23 -0.999999999999999888977698E+00 -0.126467493869276340472230E-14  0.000000000000000000000000E+00
  0.850093682293483032808012E+00 -0.450280362365888789415044E-25 -0.211978214877599908993334E-08 -0.526631494808947553387668E+00
     76
  0.723504658351076981127494E-09  0.000000000000000000000000E+00 -0.100000000000000000000000E+01  0.870165334971434668572153E-10
 -0.527384383595861039317754E+00  0.000000000000000000000000E+00 -0.455496696375268304552175E-09 -0.849626807450903021035060E+00
  0.000000000000000000000000E+00  0.100000000000000000000000E+01  0.000000000000000000000000E+00  0.000000000000000000000000E+00
 -0.849626807450903021035060E+00  0.000000000000000000000000E+00 -0.568817886497166400467236E-09  0.527384383595861039317754E+00
     77
  0.789933680056618998517880E-09 -0.122032350233763609422748E-14 -0.999999999999999888977698E+00  0.207855490491845638562584E-09
