      1
  0.000000000000000000000000E+00 -0.100000000000000000000000E+01  0.000000000000000000000000E+00  0.000000000000000000000000E+00
 -0.303282058089222351172798E-11  0.000000000000000000000000E+00  0.999999999999999888977698E+00  0.390901277086525744149252E-11
  0.670678240269839243126171E+00  0.000000000000000000000000E+00  0.493369968314769276814189E-11 -0.741748406151675809816481E+00
  0.741748406151675698794179E+00  0.000000000000000000000000E+00 -0.371935273103637784121306E-12  0.670678240269839354148473E+00
      2
  0.000000000000000000000000E+00  0.708299822045474480880500E+00  0.705911724006868412928384E+00  0.000000000000000000000000E+00
  0.000000000000000000000000E+00  0.705911724006868412928384E+00 -0.708299822045474480880500E+00  0.000000000000000000000000E+00
 -0.629722445920284812359569E+00  0.000000000000000000000000E+00  0.000000000000000000000000E+00  0.776820211570331209394169E+00
  0.776820211570331209394169E+00  0.000000000000000000000000E+00  0.000000000000000000000000E+00  0.629722445920284812359569E+00
      3
  0.336765555287197680868922E-11 -0.708097430484898704428076E+00 -0.706114742050244936777403E+00 -0.427396507982145060146269E-11
 -0.337711153972361700179945E-11 -0.706114742050245047799706E+00  0.708097430484898593405774E+00  0.428596587888318868671478E-11
 -0.611251954136933006722643E+00  0.000000000000000000000000E+00 -0.770576177705732287551951E-11  0.791436067262404119304620E+00
  0.791436067262404008282317E+00  0.000000000000000000000000E+00  0.749717361752999616168229E-13  0.611251954136933117744945E+00
      4
 -0.445777764159521395947222E-11  0.707894980733732359645671E+00 -0.706317702066137420580105E+00  0.560986792447310555852058E-11
 -0.446773230867832147528890E-11 -0.706317702066137420580105E+00 -0.707894980733732359645671E+00  0.562239532535717852846507E-11
  0.578070677484563755221814E+00 -0.323989464457312082174716E-26 -0.101292776977230332123495E-10 -0.815986698318384218175936E+00
 -0.815986698318384218175936E+00  0.958646000294199507211608E-27  0.558653856118072620936989E-12 -0.578070677484563755221814E+00
      5
  0.000000000000000000000000E+00  0.707894980733817957840870E+00  0.706317702066051600340302E+00  0.000000000000000000000000E+00
  0.000000000000000000000000E+00  0.706317702066051600340302E+00 -0.707894980733817957840870E+00  0.000000000000000000000000E+00
  0.563237142683441716073389E+00  0.000000000000000000000000E+00  0.000000000000000000000000E+00 -0.826295298971131852994176E+00
  0.826295298971131852994176E+00  0.000000000000000000000000E+00  0.000000000000000000000000E+00  0.563237142683441716073389E+00
      6
  0.000000000000000000000000E+00 -0.707769827694942565976532E+00  0.706443112362680869509290E+00  0.000000000000000000000000E+00
  0.000000000000000000000000E+00  0.706443112362680869509290E+00  0.707769827694942565976532E+00  0.000000000000000000000000E+00
 -0.524961930280698818584995E+00  0.000000000000000000000000E+00  0.000000000000000000000000E+00  0.851125708550718673706115E+00
  0.851125708550718673706115E+00  0.000000000000000000000000E+00  0.000000000000000000000000E+00  0.524961930280698818584995E+00
      7
  0.864691282923785264187851E-11 -0.707769827694651132432568E+00 -0.706443112362972747142464E+00 -0.106082091537744069650440E-10
  0.866315191717214934057443E-11  0.706443112362972858164767E+00 -0.707769827694651021410266E+00 -0.106281315983133451932960E-10
 -0.514047651082612522266402E+00  0.654408124801220192165324E-26 -0.191725567032716473091645E-10  0.857761629135069592066998E+00
  0.857761629135069481044695E+00 -0.291889731508991978290603E-26  0.278012419321226219219765E-11  0.514047651082612633288704E+00
      8
 -0.126160691413549996021203E-10 -0.708034876250128397678907E+00  0.706177466373336781835235E+00  0.152503671980386200407168E-10
 -0.126492523177451948432322E-10  0.706177466373336892857537E+00  0.708034876250128286656604E+00  0.152904791868901098256714E-10
  0.485851936457469490981964E+00  0.999140600453370126692371E-26  0.275555976855148345012033E-10 -0.874041129375801695289283E+00
  0.874041129375801473244678E+00  0.550286847781130307683478E-26  0.512309888430720078847132E-11  0.485851936457469602004267E+00
      9
  0.000000000000000000000000E+00 -0.707832408520189471090589E+00  0.706380408454614139301952E+00  0.000000000000000000000000E+00
  0.000000000000000000000000E+00 -0.706380408454614139301952E+00 -0.707832408520189471090589E+00  0.000000000000000000000000E+00
  0.477730758443102698773686E+00  0.000000000000000000000000E+00  0.000000000000000000000000E+00 -0.878506301876872064404722E+00
  0.878506301876872064404722E+00  0.000000000000000000000000E+00  0.000000000000000000000000E+00  0.477730758443102698773686E+00
     10
 -0.255263935996524131952307E-10 -0.709810278883668543947749E+00 -0.704392907396922063334443E+00  0.303709531933364028051582E-10
 -0.257227129484051538199201E-10  0.704392907396922063334443E+00 -0.709810278883668543947749E+00  0.306045312633696618442606E-10
 -0.443406674047115367809369E+00  0.115298912760711940434021E-25  0.547147511486638984750998E-10  0.896320546127597816976618E+00
 -0.896320546127597816976618E+00  0.903220073453570774578111E-26  0.133634901912865034132715E-10 -0.443406674047115367809369E+00
     11
 -0.285488066378034596501662E-10  0.708627175177888091184286E+00 -0.705583111050290590071654E+00  0.339035796400776557500539E-10
 -0.286719734154811098607577E-10 -0.705583111050290590071654E+00 -0.708627175177888091184286E+00  0.340498482638062932401862E-10
 -0.437291221982447464444732E+00 -0.131850698473550236568300E-25  0.609060898592262071046425E-10  0.899319958177898892692781E+00
 -0.899319958177898892692781E+00 -0.108717415761227479287624E-25  0.153756143695116068093229E-10 -0.437291221982447464444732E+00
     12
 -0.636148699653492174685341E-10  0.708299822045447058371792E+00 -0.705911724006896057481697E+00  0.753569036128349816880124E-10
 -0.638300789511478516142320E-10 -0.705911724006896057481697E+00 -0.708299822045447058371792E+00  0.756118358764437972039395E-10
 -0.431275936629003042721564E+00 -0.300612342599470838292184E-25  0.135178480151103144159660E-09  0.902220076524999581302211E+00
 -0.902220076524999581302211E+00 -0.260442711667097812205814E-25  0.352664402850109589005304E-10 -0.431275936629003042721564E+00
     13
  0.353392179715452827845407E-10 -0.708097430484898371361169E+00  0.706114742050245269844311E+00 -0.416963837736696603738905E-10
  0.354384464036814229120507E-10  0.706114742050245380866613E+00  0.708097430484898260338866E+00 -0.418134623912819598270476E-10
 -0.425319236159236835348452E+00  0.000000000000000000000000E+00  0.747294306134892067647773E-10  0.905043395287167040663689E+00
 -0.905043395287166929641387E+00  0.000000000000000000000000E+00  0.201799973499885892363456E-10 -0.425319236159236890859603E+00
     14
  0.000000000000000000000000E+00  0.707769827694942899043440E+00 -0.706443112362680536442383E+00  0.000000000000000000000000E+00
  0.000000000000000000000000E+00 -0.706443112362680536442383E+00 -0.707769827694942899043440E+00  0.000000000000000000000000E+00
  0.419403339390591212154646E+00  0.000000000000000000000000E+00  0.000000000000000000000000E+00 -0.907799999398557266871990E+00
  0.907799999398557266871990E+00  0.000000000000000000000000E+00  0.000000000000000000000000E+00  0.419403339390591212154646E+00
     15
  0.000000000000000000000000E+00  0.707567290069680443487243E+00 -0.706645972197852967333631E+00  0.000000000000000000000000E+00
  0.000000000000000000000000E+00  0.706645972197852967333631E+00  0.707567290069680443487243E+00  0.000000000000000000000000E+00
  0.413545151871169858193156E+00  0.000000000000000000000000E+00  0.000000000000000000000000E+00 -0.910483611804106529596936E+00
  0.910483611804106529596936E+00  0.000000000000000000000000E+00  0.000000000000000000000000E+00  0.413545151871169858193156E+00
     16
  0.000000000000000000000000E+00  0.707442078874646496089440E+00 -0.706771324430694791729479E+00  0.000000000000000000000000E+00
  0.000000000000000000000000E+00  0.706771324430694791729479E+00  0.707442078874646496089440E+00  0.000000000000000000000000E+00
  0.407810277535235798929136E+00  0.000000000000000000000000E+00  0.000000000000000000000000E+00 -0.913066688438820439621679E+00
  0.913066688438820439621679E+00  0.000000000000000000000000E+00  0.000000000000000000000000E+00  0.407810277535235798929136E+00
     17
  0.000000000000000000000000E+00  0.708097430484898704428076E+00 -0.706114742050245047799706E+00  0.000000000000000000000000E+00
  0.000000000000000000000000E+00 -0.706114742050245047799706E+00 -0.708097430484898704428076E+00  0.000000000000000000000000E+00
  0.402329762578104155323899E+00  0.000000000000000000000000E+00  0.000000000000000000000000E+00 -0.915494818196065152093865E+00
  0.915494818196065152093865E+00  0.000000000000000000000000E+00  0.000000000000000000000000E+00  0.402329762578104155323899E+00
     18
  0.000000000000000000000000E+00  0.707567290069680443487243E+00 -0.706645972197852967333631E+00  0.000000000000000000000000E+00
  0.000000000000000000000000E+00 -0.706645972197852967333631E+00 -0.707567290069680443487243E+00  0.000000000000000000000000E+00
  0.397319382131661069657014E+00  0.000000000000000000000000E+00  0.000000000000000000000000E+00 -0.917680395662081926921871E+00
  0.917680395662081926921871E+00  0.000000000000000000000000E+00  0.000000000000000000000000E+00  0.397319382131661069657014E+00
     19
 -0.289466359140896923193854E-16  0.707302065672891000502887E+00  0.706911442752811369771848E+00  0.000000000000000000000000E+00
 -0.289626311558744302949291E-16 -0.706911442752811480794151E+00  0.707302065672890889480584E+00  0.000000000000000000000000E+00
 -0.393099717549373839364790E+00 -0.647071889581430023023595E-32  0.711890097001993268476191E-16  0.919495846680452699750674E+00
 -0.919495846680452588728372E+00 -0.151355976209539521565856E-31  0.166517542054468953068145E-15 -0.393099717549373894875941E+00
     20
  0.000000000000000000000000E+00 -0.708362352672365802597199E+00 -0.705848976280670781235926E+00  0.000000000000000000000000E+00
  0.000000000000000000000000E+00  0.705848976280670781235926E+00 -0.708362352672365802597199E+00  0.000000000000000000000000E+00
  0.390113192768347938343965E+00  0.000000000000000000000000E+00  0.000000000000000000000000E+00 -0.920766906892339309642637E+00
  0.920766906892339309642637E+00  0.000000000000000000000000E+00  0.000000000000000000000000E+00  0.390113192768347938343965E+00
     21
 -0.272478020520268784682193E-09 -0.709747865910008823853161E+00  0.704455794806308710498399E+00  0.317381464135240061103798E-09
 -0.274524952449028702595689E-09  0.704455794806308710498399E+00  0.709747865910008823853161E+00  0.319765723428134381510833E-09
 -0.388929300920190290646872E+00 -0.158220599251994932934942E-24 -0.565497438041606609411020E-09  0.921267604383076088581106E+00
  0.921267604383076088581106E+00  0.193423560865782446418783E-24  0.181113170168023559426692E-09  0.388929300920190290646872E+00
     22
 -0.151649066683830475622554E-09 -0.707106781186546240469681E+00  0.707106781186548682960336E+00  0.245571011152557961113032E-09
 -0.151649066683829674291335E-09  0.707106781186548793982638E+00  0.707106781186546129447379E+00  0.245571011152556927137266E-09
  0.390215629945829589608763E+00 -0.124710458154718668559157E-24  0.403445286705076106818894E-09 -0.920723499290628133451264E+00
  0.920723499290628022428962E+00 -0.154418521502761112485803E-24  0.619444732471190563020926E-10  0.390215629945829645119915E+00
     23
  0.366584819550400537148198E-10 -0.707106781186547461715008E+00  0.707106781186547461715008E+00 -0.930022664971634830697950E-10
 -0.366584819550400407901227E-10 -0.707106781186547572737311E+00 -0.707106781186547350692706E+00  0.930022664971634572204009E-10
 -0.394616722035437683668846E+00  0.000000000000000000000000E+00  0.141309429510968076992881E-09  0.918845820956925241063118E+00
  0.918845820956925130040815E+00  0.000000000000000000000000E+00  0.426613407328963005243591E-11  0.394616722035437739179997E+00
     24
  0.255655530605622583305334E-10 -0.707106781186550015227965E+00 -0.707106781186545019224354E+00  0.123104298400791217547103E-09
  0.255655530605625814479602E-10  0.707106781186545019224354E+00 -0.707106781186550015227965E+00  0.123104298400792096426504E-09
 -0.402397412986751024099874E+00  0.651473644240317959273671E-25  0.144829857840728946126131E-09  0.915465085091490493596211E+00
 -0.915465085091490493596211E+00  0.799058814720160098098502E-25 -0.103154465991160160010278E-09 -0.402397412986751024099874E+00
     25
 -0.335339520358307172820675E-09 -0.707106781186548571938033E+00  0.707106781186546462514286E+00 -0.383447980708932198820149E-09
 -0.335339520358306242242486E-09  0.707106781186546351491984E+00  0.707106781186548460915731E+00 -0.383447980708933542988644E-09
 -0.412551416752670374599177E+00  0.206016183086586977187496E-24  0.298329948917213058303355E-09  0.910934316257415166440126E+00
 -0.910934316257415166440126E+00  0.247291089015716048605592E-24 -0.655720319364016772869688E-09 -0.412551416752670374599177E+00
     26
 -0.174074061894966818472544E-08 -0.712046117814347234720174E+00 -0.702132698359445917013488E+00 -0.901514163365481975685015E-09
  0.176531815530163204258038E-08 -0.702132698359445917013488E+00  0.712046117814347234720174E+00  0.914242651964372652993982E-09
 -0.421076273399976219735663E+00  0.491376296834045169009232E-24 -0.120648922436405863231648E-09  0.907025232272833936697509E+00
  0.907025232272833936697509E+00 -0.576797816302247753195586E-24 -0.278936135922472851894845E-08  0.421076273399976219735663E+00
     27
 -0.165759502422714779347616E-08 -0.707106781186547350692706E+00  0.707106781186547794781916E+00 -0.110978268965065397561570E-08
 -0.165759502422714820706646E-08  0.707106781186547683759613E+00  0.707106781186547461715008E+00 -0.110978268965065314843509E-08
  0.419483064071948963391634E+00  0.595604400485329031375715E-24 -0.441357158203964995806276E-09 -0.907763162370455178873385E+00
 -0.907763162370455400917990E+00 -0.698748117682618674555248E-24 -0.278633885711367609380214E-08 -0.419483064071948852369331E+00
     28
  0.276957878382497394392560E-08  0.707106781186547239670404E+00  0.707106781186547794781916E+00  0.153287941611349363492259E-08
  0.276957878382497104879346E-08 -0.707106781186547794781916E+00  0.707106781186547239670404E+00  0.153287941611349342812744E-08
  0.398669024727885012993056E+00 -0.800871991050923162973157E-24  0.426598345571234361593639E-09 -0.917094874439126517273735E+00
  0.917094874439126517273735E+00 -0.986065783367503658981031E-24 -0.445629731277790722774030E-08  0.398669024727885012993056E+00
     29
  0.301548536490665248901337E-08 -0.707106781186548460915731E+00 -0.707106781186546240469681E+00  0.232225683102278105989619E-08
  0.301548536490667689084144E-08  0.707106781186546351491984E+00 -0.707106781186548793982638E+00  0.232225683102278643657017E-08
  0.360872527916389296276378E+00 -0.234153865409414350833108E-23 -0.152390836012677049317568E-08 -0.932615150314016094768022E+00
 -0.932615150314016094768022E+00  0.318107800988658425049836E-23 -0.516234109633637541858720E-08 -0.360872527916389185254076E+00
     30
 -0.136202359718769523651822E-08  0.707106781186547572737311E+00  0.707106781186547461715008E+00 -0.115294855698782534641184E-08
  0.136202359718769668408429E-08  0.707106781186547461715008E+00 -0.707106781186547572737311E+00  0.115294855698782513961669E-08
 -0.321363072630861279499470E+00  0.561020171895516071710237E-24  0.925019387760944968380461E-09  0.946956057876632284475704E+00
 -0.946956057876632284475704E+00  0.853850146093351141883183E-24 -0.234800709035991755905069E-08 -0.321363072630861279499470E+00
     31
 -0.422202791351459079304360E-09  0.707106781186547572737311E+00  0.707106781186547572737311E+00 -0.351934703705500354617727E-09
  0.422202791351459182701936E-09  0.707106781186547461715008E+00 -0.707106781186547683759613E+00  0.351934703705500406316515E-09
 -0.291458718236517311250822E+00  0.000000000000000000000000E+00  0.302076189700862581069395E-09  0.956583407531160556658278E+00
 -0.956583407531160778702883E+00  0.000000000000000000000000E+00 -0.716224106916560955888730E-09 -0.291458718236517255739670E+00
     32
  0.144698366378773909279278E-08  0.707106781186547572737311E+00  0.707106781186547905804218E+00  0.774044209759773396128664E-09
 -0.144698366378773888599762E-08  0.707106781186547572737311E+00 -0.707106781186547905804218E+00 -0.774044209759773292731087E-09
  0.271847466143770533086865E+00  0.000000000000000000000000E+00  0.497145605456250336572241E-09 -0.962340353072244303334060E+00
  0.962340353072244747423269E+00  0.000000000000000000000000E+00 -0.226686145203813106464935E-08  0.271847466143770422064563E+00
     33
 -0.509371151602202032605943E-09  0.707106781186547905804218E+00  0.707106781186546795581194E+00 -0.247445430719196753404971E-09
 -0.509371151602205134533240E-09 -0.707106781186546795581194E+00  0.707106781186548238871126E+00 -0.247445430719196856802548E-09
 -0.258905229621854027222128E+00  0.347889863438130580974051E-24  0.151503738990208288528205E-09  0.965902729095665657510494E+00
 -0.965902729095665657510494E+00  0.656941672575107783350786E-24 -0.786398982395505126903468E-09 -0.258905229621854027222128E+00
     34
 -0.956784106877196303818939E-09  0.707106781186547128648101E+00 -0.707106781186547683759613E+00 -0.255342684278152915100293E-09
  0.956784106877195476638326E-09  0.707106781186547683759613E+00  0.707106781186547128648101E+00  0.255342684278152656606352E-09
 -0.249165433679932962762749E+00  0.000000000000000000000000E+00 -0.125750014588669351753730E-10  0.968460937084759665438582E+00
  0.968460937084759665438582E+00  0.000000000000000000000000E+00 -0.140039765672488730591560E-08  0.249165433679932962762749E+00
     35
  0.481095428173445863039212E-09 -0.707106781186547461715008E+00 -0.707106781186547683759613E+00  0.157065338548842159638563E-09
  0.481095428173445966436788E-09  0.707106781186547683759613E+00 -0.707106781186547461715008E+00  0.157065338548842056240987E-09
  0.240221025769596835397479E+00 -0.729307541714582564913521E-25 -0.521801380240513328016059E-10 -0.970718218010871991552335E+00
 -0.970718218010871991552335E+00  0.148808620036036335082693E-24 -0.713808130686651087015543E-09 -0.240221025769596835397479E+00
     36
 -0.865409760895592873327551E-09  0.707106781186547572737311E+00 -0.707106781186547572737311E+00 -0.240808543837884548430448E-09
  0.865409760895592769929974E-09  0.707106781186547572737311E+00  0.707106781186547572737311E+00  0.240808543837884496731660E-09
 -0.230499008958715445594123E+00  0.000000000000000000000000E+00 -0.492826215293320518573273E-10  0.973072559919891055812968E+00
  0.973072559919891055812968E+00  0.000000000000000000000000E+00 -0.126941605198896687606210E-08  0.230499008958715445594123E+00
     37
  0.563260769468815520530310E-09  0.707106781186547128648101E+00  0.707106781186547905804218E+00  0.182732972714510478817786E-09
  0.563260769468814900144851E-09 -0.707106781186548016826521E+00  0.707106781186547017625799E+00  0.182732972714510246173239E-09
  0.218960782775397766464209E+00  0.000000000000000000000000E+00  0.777346917804867964937727E-10 -0.975733660179039286042268E+00
  0.975733660179039175019966E+00  0.000000000000000000000000E+00 -0.833825540160899025684532E-09  0.218960782775397794219785E+00
     38
 -0.469599657777465934738162E-09  0.707106781186547461715008E+00 -0.707106781186547461715008E+00 -0.211127873982341580345356E-09
  0.469599657777466141533315E-09  0.707106781186547683759613E+00  0.707106781186547350692706E+00  0.211127873982341451098385E-09
 -0.204921691966728353184735E+00  0.960425944038140033833414E-25 -0.156152189923849322328472E-09  0.978778371318805406886554E+00
  0.978778371318805295864252E+00 -0.227682575578348096620124E-24 -0.711205901388702042257648E-09  0.204921691966728380940310E+00
     39
  0.499986689832002912549660E-09  0.707106781186547461715008E+00  0.707106781186547461715008E+00  0.349710477404495569290817E-09
 -0.499986689832005704284227E-09  0.707106781186547461715008E+00 -0.707106781186547683759613E+00 -0.349710477404495517592029E-09
 -0.187967270841528782954200E+00 -0.156145259630499491248389E-24 -0.352840382806534411283517E-09  0.982175292446510028732121E+00
  0.982175292446510028732121E+00  0.399948210369792927139564E-24 -0.787446629494602247376249E-09  0.187967270841528782954200E+00
     40
 -0.188149480983618433069170E-09 -0.707106781186547794781916E+00  0.707106781186547239670404E+00 -0.230660786794213674557641E-09
 -0.188149480983619001755841E-09  0.707106781186547239670404E+00  0.707106781186547794781916E+00 -0.230660786794213726256429E-09
  0.167918631065914814026740E+00  0.102466791961145074419701E-24 -0.276891398120915561312619E-09 -0.985800858866003104630238E+00
 -0.985800858866003104630238E+00 -0.289946477752094717471690E-24 -0.317081163500663613639567E-09 -0.167918631065914814026740E+00
     41
  0.624300333502826043746169E-10  0.707106781186547572737311E+00 -0.707106781186547572737311E+00  0.247883865719626585450376E-09
  0.624300333502826172993140E-10 -0.707106781186547572737311E+00 -0.707106781186547572737311E+00  0.247883865719626585450376E-09
 -0.144808122247053944198214E+00  0.000000000000000000000000E+00  0.334080690753227999142497E-09  0.989459755488459546945990E+00
  0.989459755488459546945990E+00  0.000000000000000000000000E+00  0.138122958144147387283063E-09  0.144808122247053944198214E+00
     42
 -0.813473296198953014967186E-10  0.707106781186547017625799E+00 -0.707106781186548127848823E+00  0.263183682216811284847701E-09
 -0.813473296198985068215923E-10 -0.707106781186547905804218E+00 -0.707106781186546906603496E+00  0.263183682216811129751336E-09
 -0.118841542023411864126281E+00  0.226048147164272624053025E-24  0.383232054019258355269845E-09  0.992913232810147206031104E+00
 -0.992913232810147206031104E+00  0.866472244729672370989082E-24  0.699944206781742883634590E-10 -0.118841542023411864126281E+00
     43
 -0.238387419887881381127138E-09  0.707106781186547350692706E+00 -0.707106781186547683759613E+00  0.277804397156230259688183E-09
 -0.238387419887881277729562E-09 -0.707106781186547683759613E+00 -0.707106781186547350692706E+00  0.277804397156230156290607E-09
  0.903371767649866486138421E-01  0.000000000000000000000000E+00 -0.421723822598057439174125E-09 -0.995911238260785758313887E+00
  0.995911238260785758313887E+00  0.000000000000000000000000E+00 -0.300261190285436953198671E-09  0.903371767649866486138421E-01
     44
 -0.560522333802859760554397E-09  0.707106781186547683759613E+00  0.707106781186547350692706E+00  0.622788531399106878475639E-09
  0.560522333802860070747127E-09  0.707106781186547239670404E+00 -0.707106781186547905804218E+00 -0.622788531399107292065945E-09
 -0.596465409621209988189072E-01  0.000000000000000000000000E+00 -0.926469532190424494556504E-09  0.998219560092494906378136E+00
 -0.998219560092495128422740E+00  0.000000000000000000000000E+00 -0.738752332598279351913533E-09 -0.596465409621209988189072E-01
     45
  0.755063637136061414415386E-09 -0.707106781186547350692706E+00 -0.707106781186547572737311E+00 -0.703075779507489358108755E-09
  0.755063637136066997884521E-09  0.707106781186547794781916E+00 -0.707106781186547239670404E+00 -0.703075779507489358108755E-09
  0.270751603183488134818369E-01 -0.285084166766158624571916E-24  0.102284623345314507976554E-08 -0.999633400649325820630509E+00
  0.999633400649325598585904E+00 -0.428156982726797812398155E-23  0.104050929343906801919286E-08  0.270751603183488204207308E-01
     46
 -0.723616279467279144401392E-09  0.707106781186547461715008E+00 -0.707106781186547572737311E+00  0.340299301421002498015572E-09
 -0.723616279467279041003816E-09 -0.707106781186547572737311E+00 -0.707106781186547461715008E+00  0.340299301421002446316784E-09
 -0.717477853114619531366136E-02  0.000000000000000000000000E+00 -0.473901204520182490017196E-09 -0.999974260945264981081948E+00
 -0.999974260945265092104250E+00  0.000000000000000000000000E+00  0.102677463179541734599213E-08  0.717477853114619444629962E-02
     47
  0.864007706305022803499218E-09 -0.707106781186547794781916E+00  0.707106781186547350692706E+00 -0.373292588959879284060239E-09
  0.864007706305023113691947E-09  0.707106781186547350692706E+00  0.707106781186547794781916E+00 -0.373292588959879439156603E-09
  0.430169207073029594146085E-01  0.000000000000000000000000E+00  0.474864777248971761651517E-09  0.999074343846773849087128E+00
 -0.999074343846773849087128E+00  0.000000000000000000000000E+00  0.124346943981474962975732E-08  0.430169207073029663535024E-01
     48
  0.979746795502966287180431E-09  0.707106781186547572737311E+00  0.707106781186547461715008E+00 -0.411379636130860543523525E-09
 -0.979746795502967527951349E-09  0.707106781186547461715008E+00 -0.707106781186547572737311E+00  0.411379636130860491824736E-09
  0.804367756424143459659248E-01  0.156351627813825738867814E-24  0.468442641616099635792720E-09  0.996759712831659316911725E+00
  0.996759712831659316911725E+00  0.652675742901131715396663E-24 -0.142787806755945914805123E-08 -0.804367756424143459659248E-01
     49
 -0.106291472861986670628410E-08  0.707106781186547572737311E+00 -0.707106781186547350692706E+00  0.450314688947016528542209E-09
 -0.106291472861986257038103E-08 -0.707106781186547239670404E+00 -0.707106781186547461715008E+00  0.450314688947017200626457E-09
 -0.119393514680677576000889E+00 -0.502000850955901378278784E-24 -0.452814887205481068547040E-09 -0.992847011705325521724319E+00
  0.992847011705325410702017E+00  0.129322047313892662762330E-23 -0.156847072747539700880605E-08 -0.119393514680677589878677E+00
     50
 -0.110684315495631717924292E-08  0.707106781186547794781916E+00 -0.707106781186547350692706E+00  0.483637138436239944963635E-09
 -0.110684315495631779962838E-08 -0.707106781186547350692706E+00 -0.707106781186547794781916E+00  0.483637138436240151758788E-09
  0.159690851713440773451680E+00  0.000000000000000000000000E+00  0.425222792562587056419714E-09  0.987167073943937767310786E+00
  0.987167073943937767310786E+00  0.000000000000000000000000E+00 -0.165444831498339750287667E-08 -0.159690851713440773451680E+00
     51
 -0.670420847331029798309172E-23  0.100000000000000000000000E+01 -0.412074906565374079184576E-14  0.280202916152108274223415E-23
 -0.156530924681110253421806E-08 -0.412074906565374079184576E-14 -0.100000000000000000000000E+01  0.712549297026409329778068E-09
  0.200865783171967737796848E+00  0.182484618159110315782124E-24  0.383609599101163790013393E-09  0.979618771334396232219888E+00
  0.979618771334396232219888E+00  0.221828069928583768066677E-24 -0.167653309371530623935013E-08 -0.200865783171967737796848E+00
     52
 -0.186508460503946463568953E-22 -0.999999999999999888977698E+00  0.949747495200358440722885E-14  0.187186764954580862124511E-22
  0.158346429011922083052750E-08 -0.927543034707854994370050E-14 -0.100000000000000022204460E+01 -0.215200470550492033448059E-08
 -0.242160246032482068256897E+00  0.163268553524725541273131E-23  0.170450093843809741226305E-08 -0.970236267741774294215418E+00
 -0.970236267741774405237720E+00  0.141227748434940305892707E-23 -0.205746436417791683863273E-08  0.242160246032482096012473E+00
     53
 -0.386867436954224207572845E-23  0.100000000000000000000000E+01 -0.271030508953622961369772E-14  0.169759256995891378936514E-23
  0.137101181773848452975342E-08  0.271030508953622961369772E-14  0.100000000000000000000000E+01 -0.677102601538711935496231E-09
 -0.282621168119884857983237E+00 -0.175142361823247292265366E-24 -0.262021223575572101829884E-09 -0.959231606719957774487284E+00
  0.959231606719957774487284E+00  0.107706129053470502212004E-24 -0.150648150344132158602673E-08 -0.282621168119884857983237E+00
     54
 -0.329853966568610573728656E-23  0.100000000000000000000000E+01 -0.268940152503969035281163E-14  0.148741975542238298330229E-23
  0.118289406881630368647012E-08  0.268940152503969035281163E-14  0.100000000000000000000000E+01 -0.601380476126262230382647E-09
 -0.321317972836943244185903E+00 -0.160722166831579107257122E-24 -0.189404964247706946681713E-09 -0.946971361938658162671345E+00
  0.946971361938658162671345E+00  0.692942097853014646472034E-25 -0.131340116286874201270397E-08 -0.321317972836943244185903E+00
     55
  0.000000000000000000000000E+00 -0.100000000000000000000000E+01  0.000000000000000000000000E+00  0.000000000000000000000000E+00
 -0.944950190007696241101726E-09  0.000000000000000000000000E+00 -0.100000000000000000000000E+01  0.482110738700514137630076E-09
  0.357596136896760730117251E+00  0.000000000000000000000000E+00  0.112321270615699742234989E-09  0.933876331682366278563734E+00
  0.933876331682366278563734E+00  0.000000000000000000000000E+00 -0.105486755478269000008808E-08 -0.357596136896760730117251E+00
     56
  0.000000000000000000000000E+00 -0.100000000000000000000000E+01  0.000000000000000000000000E+00  0.000000000000000000000000E+00
 -0.671090616870067548784887E-09  0.000000000000000000000000E+00 -0.100000000000000022204460E+01  0.312927909797396553128540E-09
 -0.391262628755066566021981E+00  0.000000000000000000000000E+00 -0.254081512323689134806537E-10 -0.920279063838613575754266E+00
  0.920279063838613797798871E+00  0.000000000000000000000000E+00 -0.740028049928223652582272E-09 -0.391262628755066454999678E+00
     57
  0.428911955848603928008764E-22 -0.100000000000000000000000E+01  0.315702892066216193873098E-13  0.168087492772566982441344E-22
  0.136188131525391345054706E-08  0.315702892066216193873098E-13  0.100000000000000000000000E+01  0.537730135815530440258602E-09
  0.422640016622748859731473E+00 -0.195713511912666001909804E-24 -0.106292909597387258462580E-08  0.906297642250669444052846E+00
  0.906297642250669444052846E+00 -0.232539950335539912885578E-25 -0.100700355150023372791844E-08 -0.422640016622748859731473E+00
     58
 -0.111878708466653822659360E-09  0.633096256973590609416439E-14 -0.100000000000000000000000E+01 -0.230276066068502596483740E-09
  0.761748204788382451725997E-24  0.100000000000000000000000E+01  0.633096256973590609416439E-14  0.154791673720719468156973E-23
  0.452484532884061152469002E+00 -0.104486459230004321165709E-24 -0.255977140673921578544714E-09  0.891772250914263930887671E+00
 -0.891772250914263930887671E+00  0.691856293114976948236063E-26 -0.442612951730555823924862E-11  0.452484532884061152469002E+00
     59
 -0.188915359269537950568697E-08  0.913477734166597896494975E-14 -0.100000000000000000000000E+01  0.578893300057667383429935E-09
 -0.161494969831259756277043E-22 -0.999999999999999888977698E+00 -0.891273273674094765686502E-14  0.625066335664414268444731E-23
  0.481793029146544593555035E+00  0.111735857507417919867631E-23 -0.402905598435239393335557E-09  0.876285043274046104855302E+00
  0.876285043274046215877604E+00  0.342940853786389204356081E-25 -0.193434398888818152581106E-08 -0.481793029146544649066186E+00
     60
 -0.189390419977610820198642E-09  0.000000000000000000000000E+00  0.999999999999999777955395E+00  0.102133412105706566274886E-08
  0.000000000000000000000000E+00  0.100000000000000000000000E+01  0.000000000000000000000000E+00  0.000000000000000000000000E+00
  0.511513369878764390108472E+00  0.000000000000000000000000E+00 -0.780731583473826933943939E-09  0.859275318181123126670684E+00
 -0.859275318181122793603777E+00  0.000000000000000000000000E+00 -0.685164380623335816272620E-09  0.511513369878764390108472E+00
     61
 -0.192702958431283979133828E-08  0.943772090653569256860560E-15 -0.999999999999999888977698E+00  0.136927200574004427575529E-08
  0.542164419253796325826045E+00  0.135525271560688054250932E-19  0.105794749007943452942335E-09  0.840272421596230500995262E+00
  0.000000000000000000000000E+00  0.100000000000000000000000E+01  0.943772090653567679138750E-15 -0.135525271560688054250932E-19
  0.840272421596230500995262E+00  0.222504204461442235972753E-26 -0.236160019051270185827608E-08 -0.542164419253796436848347E+00
     62
 -0.620737216919130173957885E-15  0.000000000000000000000000E+00  0.100000000000000000000000E+01 -0.873590349508059237599446E-15
  0.542937601015238469059909E+00  0.000000000000000000000000E+00  0.107063920033670844007666E-14  0.839773041603395165033419E+00
  0.000000000000000000000000E+00 -0.100000000000000000000000E+01  0.000000000000000000000000E+00  0.000000000000000000000000E+00
  0.839773041603395165033419E+00  0.000000000000000000000000E+00  0.469733320566339845840869E-16 -0.542937601015238469059909E+00
     63
 -0.374567757276360501382995E-08  0.936885360380508016112116E-15 -0.100000000000000000000000E+01  0.279234063602385017751213E-08
  0.543708486129627077687587E+00 -0.340092106345957398643841E-22  0.306982724059530280544233E-09  0.839274140022572723296435E+00
  0.219969100418657588183752E-22  0.100000000000000000000000E+01  0.936885360380533259661083E-15  0.259291874150487774119071E-22
  0.839274140022572723296435E+00  0.411887987114432224289320E-26 -0.466186943729748155471060E-08 -0.543708486129627299732192E+00
     64
  0.124910755414761313396600E-08  0.000000000000000000000000E+00  0.100000000000000000000000E+01 -0.936393975207414230780385E-09
  0.544477071170570314784243E+00  0.000000000000000000000000E+00  0.105314234862590699923329E-09  0.838775726263890852862914E+00
  0.000000000000000000000000E+00  0.100000000000000000000000E+01  0.000000000000000000000000E+00  0.000000000000000000000000E+00
  0.838775726263890852862914E+00  0.000000000000000000000000E+00 -0.155756595874893339524558E-08 -0.544477071170570425806545E+00
     65
  0.125184434686161330319628E-08  0.988187676360194613608746E-15 -0.100000000000000000000000E+01 -0.845111616020610231429468E-09
  0.545243356472157159053893E+00  0.539750102426357497518021E-23 -0.258783778753321487875345E-10  0.838277807306728295344556E+00
 -0.376871392309445853104349E-23  0.999999999999999888977698E+00  0.766143071435166460967640E-15 -0.369012552080407972972571E-23
 -0.838277807306728406366858E+00  0.119044338895796585160960E-26 -0.151018501442421772855759E-08  0.545243356472157159053893E+00
     66
  0.966205275721585071702806E-09 -0.926668833234220002582183E-15 -0.100000000000000000000000E+01 -0.578656028096924219146017E-09
  0.546007361909986332904055E+00 -0.277287175802283233444270E-23  0.427685280620827950331865E-10  0.837780377390218489175311E+00
 -0.240875407841830457990970E-23 -0.100000000000000000000000E+01  0.926668833234220002582183E-15 -0.178723040140722508163412E-23
 -0.837780377390218489175311E+00 -0.724092648365902184331175E-27 -0.112541827188496260939903E-08  0.546007361909986332904055E+00
     67
 -0.995808159519950870325962E-09  0.000000000000000000000000E+00  0.999999999999999888977698E+00  0.510342296102216620562589E-09
 -0.546769097439810614069700E+00  0.000000000000000000000000E+00 -0.117175976812892598851925E-09 -0.837283437125597829187029E+00
  0.000000000000000000000000E+00  0.100000000000000000000000E+01  0.000000000000000000000000E+00  0.000000000000000000000000E+00
 -0.837283437125597718164727E+00  0.000000000000000000000000E+00 -0.111281307514574690212727E-08  0.546769097439810614069700E+00
     68
 -0.102956105763795068457742E-08  0.000000000000000000000000E+00  0.100000000000000022204460E+01  0.436005442097074059559376E-09
  0.547528555275443085115228E+00  0.000000000000000000000000E+00  0.198870393156306318105732E-09  0.836786998678866966727696E+00
  0.000000000000000000000000E+00 -0.100000000000000000000000E+01  0.000000000000000000000000E+00  0.000000000000000000000000E+00
 -0.836786998678867077749999E+00  0.000000000000000000000000E+00 -0.110024873718114132418479E-08  0.547528555275443196137530E+00
     69
  0.689179155593379203337986E-09 -0.916591873754019471324652E-15 -0.999999999999999888977698E+00 -0.284636017211219567931004E-09
  0.548285763905673406704011E+00 -0.846004017962399305210740E-24  0.139828444212952404677648E-09  0.836291050471289043599654E+00
 -0.109530305377747550141176E-23 -0.100000000000000000000000E+01  0.916591873754019274109426E-15 -0.446771101374295214376513E-24
 -0.836291050471288932577352E+00 -0.292863418444935854867923E-27 -0.732416050431908967593552E-09  0.548285763905673517726314E+00
     70
  0.711103671200721487311844E-09  0.913264489140440348653868E-15 -0.999999999999999888977698E+00 -0.236382379362413545456256E-09
  0.549040715988800664959513E+00  0.623208572619816213792000E-24  0.192857393258971309591374E-09  0.835795604311547535303362E+00
 -0.991403928143406907380140E-24  0.100000000000000000000000E+01  0.913264489140440151438642E-15 -0.305119300498104731281479E-24
 -0.835795604311547313258757E+00  0.225753500236021393983019E-27 -0.724120687827733704190804E-09  0.549040715988800775981815E+00
     71
  0.174365477122512089138318E-08  0.000000000000000000000000E+00  0.100000000000000022204460E+01 -0.142729000124739822805202E-08
  0.549793416503334575473616E+00  0.000000000000000000000000E+00  0.233566310755641435416389E-09  0.835300663934604448179755E+00
  0.000000000000000000000000E+00  0.100000000000000000000000E+01  0.000000000000000000000000E+00  0.000000000000000000000000E+00
  0.835300663934604559202057E+00  0.000000000000000000000000E+00 -0.224119072694093465559541E-08 -0.549793416503334686495919E+00
     72
  0.767387622981248594383194E-09  0.963323893625422821012664E-15 -0.999999999999999888977698E+00 -0.121703628698205012969845E-09
 -0.550543873865183885918384E+00 -0.277848873114201899957334E-24 -0.320881607166464034803516E-09 -0.834806230780243074818259E+00
  0.703006463958013404748946E-24 -0.999999999999999888977698E+00 -0.741279288700391512927938E-15  0.114767457172752979648161E-24
 -0.834806230780243074818259E+00  0.104442443872671721753404E-27 -0.707623156295344341093284E-09  0.550543873865183774896082E+00
     73
 -0.302301479452443302620612E-09  0.338530756511388925349919E-15  0.100000000000000022204460E+01  0.197342676057239070249877E-09
  0.551292096109553098060019E+00 -0.387977230137593295293794E-24  0.201099303336559926495592E-11  0.834312306493878219626481E+00
 -0.704994713099030845514857E-24 -0.100000000000000000000000E+01  0.338530756511388925349919E-15  0.000000000000000000000000E+00
 -0.834312306493878219626481E+00  0.465973690060874050290869E-24 -0.361007302113942509684132E-09  0.551292096109553098060019E+00
     74
 -0.165216866890064280656926E-08  0.185648850438032746543864E-14 -0.100000000000000000000000E+01  0.151025976878637231315422E-08
  0.552038102903783300945406E+00 -0.564268939473757229315051E-23  0.347222874910754711041949E-09  0.833818884975863316988409E+00
 -0.558247369593756586886595E-23 -0.999999999999999888977698E+00 -0.163444389945529635456914E-14 -0.190233743711074726592907E-23
  0.833818884975863539033014E+00  0.205847585438432742526200E-26 -0.221133065266500331560049E-08 -0.552038102903783189923104E+00
     75
  0.160736311644708758948673E-08 -0.130449276813351281202574E-14  0.999999999999999888977698E+00 -0.155917739642306711592861E-08
  0.552781882156892723223507E+00 -0.539981996108197787734409E-23  0.410781947490174379036832E-09  0.833325981089683143210323E+00
 -0.820409737557967276161984E-23 -0.999999999999999888977698E+00 -0.108244816320848091229533E-14  0.000000000000000000000000E+00
  0.833325981089683254232625E+00 -0.446084560384573000132180E-23 -0.220134227675637293440204E-08 -0.552781882156892945268112E+00
     76
  0.981876451692045950780616E-09  0.000000000000000000000000E+00 -0.999999999999999888977698E+00  0.257901998418437260671163E-09
 -0.553523447102731824820410E+00  0.000000000000000000000000E+00 -0.758280963228536830823894E-09 -0.832833592926887966712002E+00
  0.000000000000000000000000E+00  0.100000000000000000000000E+01  0.000000000000000000000000E+00  0.000000000000000000000000E+00
 -0.832833592926887855689699E+00  0.000000000000000000000000E+00 -0.674984704967527939649800E-09  0.553523447102731935842712E+00
     77
  0.108131537313265043652309E-08  0.120856111866105283207834E-14 -0.100000000000000000000000E+01  0.420603989675310687485399E-09
